0.379812695109	0.00104058272633	2	0.00156087408949	3	0.000520291363163	1	0.0	0	1922
0.391957104558	0.00160857908847	3	0.00107238605898	2	0.0	0	0.000536193029491	1	1865
0.525469168901	0.00268096514745	2	0.00536193029491	4	0.0	0	0.0	0	746
0.636042402827	0.0017667844523	1	0.00353356890459	2	0.0	0	0.0	0	566
0.56374501992	0.0	0	0.00199203187251	1	0.00199203187251	1	0.0	0	502
0.377948436643	0.00438837081733	8	0.0016456390565	3	0.0	0	0.000548546352167	1	1823
0.466847090663	0.00676589986468	5	0.00405953991881	3	0.0	0	0.00135317997294	1	739
0.527868852459	0.00327868852459	2	0.0	0	0.0	0	0.0	0	610
0.395302013423	0.00134228187919	2	0.00134228187919	2	0.00201342281879	3	0.000671140939597	1	1490
0.540689655172	0.0110344827586	8	0.00275862068966	2	0.00137931034483	1	0.00137931034483	1	725
0.552523874488	0.00272851296044	2	0.00409276944065	3	0.0	0	0.0	0	733
0.565986394558	0.0	0	0.00272108843537	2	0.0	0	0.0	0	735
0.372409709888	0.00828892835998	14	0.00296033155713	5	0.0	0	0.0	0	1689
0.532147742818	0.0136798905609	10	0.00136798905609	1	0.00273597811218	2	0.00136798905609	1	731
0.518970189702	0.0	0	0.00271002710027	2	0.0	0	0.0	0	738
0.54590984975	0.00333889816361	2	0.00500834724541	3	0.0016694490818	1	0.0016694490818	1	599
0.550066755674	0.00801068090788	6	0.00534045393858	4	0.0	0	0.0	0	749
0.482059282371	0.00468018720749	3	0.0	0	0.0015600624025	1	0.0015600624025	1	641
0.553571428571	0.00793650793651	4	0.00396825396825	2	0.0	0	0.0	0	504
0.529810298103	0.00406504065041	3	0.00406504065041	3	0.0	0	0.0	0	738
0.511293634497	0.0082135523614	4	0.0	0	0.0	0	0.00205338809035	1	487
0.50103950104	0.004158004158	4	0.002079002079	2	0.0	0	0.0	0	962
0.55033557047	0.0107382550336	8	0.00134228187919	1	0.0	0	0.00402684563758	3	745
0.521084337349	0.00150602409639	1	0.0150602409639	10	0.0	0	0.0	0	664
0.525815217391	0.00271739130435	2	0.00271739130435	2	0.0	0	0.0	0	736
0.606060606061	0.0	0	0.0	0	0.0	0	0.0	0	726
0.486291486291	0.0	0	0.00577200577201	4	0.0	0	0.0	0	693
0.573529411765	0.0	0	0.00490196078431	3	0.0016339869281	1	0.0	0	612
0.521917808219	0.0027397260274	2	0.0027397260274	2	0.0	0	0.0041095890411	3	730
0.538043478261	0.00135869565217	1	0.00407608695652	3	0.0	0	0.0	0	736
0.578167115903	0.00134770889488	1	0.00673854447439	5	0.0	0	0.0	0	742
0.589877835951	0.0	0	0.00349040139616	2	0.0	0	0.00174520069808	1	573
0.33568489124	0.00117577895356	2	0.00470311581423	8	0.00235155790711	4	0.0	0	1701
0.463519313305	0.0	0	0.0	0	0.0	0	0.00143061516452	1	699
0.535552193646	0.00302571860817	2	0.00302571860817	2	0.00151285930408	1	0.0	0	661
0.312448474856	0.00906842539159	44	0.00288540807914	14	0.0022671063479	11	0.00103050288541	5	4852
0.494310998736	0.0063211125158	5	0.00126422250316	1	0.00505689001264	4	0.00505689001264	4	791
0.442916093535	0.00137551581843	1	0.00275103163686	2	0.0	0	0.0	0	727
0.299065420561	0.00723545372324	24	0.000301477238468	1	0.00120590895387	4	0.00241181790775	8	3317
0.451347305389	0.00224550898204	3	0.0	0	0.000748502994012	1	0.0	0	1336
0.444178628389	0.00797448165869	10	0.00398724082935	5	0.00159489633174	2	0.00318979266348	4	1254
0.471895424837	0.0	0	0.00392156862745	3	0.00261437908497	2	0.0	0	765
0.561243144424	0.0036563071298	2	0.0	0	0.0	0	0.0	0	547
0.552523874488	0.00136425648022	1	0.00136425648022	1	0.0	0	0.0	0	733
0.526685393258	0.0126404494382	9	0.00702247191011	5	0.0	0	0.00140449438202	1	712
0.6	0.0	0	0.00333333333333	2	0.0	0	0.00166666666667	1	600
0.563362609787	0.0	0	0.00125470514429	1	0.0	0	0.0	0	797
0.292409342348	0.0110633066994	72	0.00107559926245	7	0.00122925629994	8	0.0	0	6508
0.551532033426	0.00139275766017	1	0.00696378830084	5	0.00139275766017	1	0.0	0	718
0.294768183752	0.0093577201191	22	0.00255210548703	6	0.0	0	0.0	0	2351
0.54465408805	0.00125786163522	1	0.0	0	0.0	0	0.0	0	795
0.417663293468	0.00551977920883	6	0.00367985280589	4	0.00183992640294	2	0.0	0	1087
0.398016997167	0.0	0	0.0042492917847	3	0.0014164305949	1	0.0	0	706
0.511479591837	0.00255102040816	2	0.00255102040816	2	0.00127551020408	1	0.0	0	784
0.388788426763	0.00361663652803	4	0.00271247739602	3	0.0	0	0.0	0	1106
0.320108205591	0.00991884580703	22	0.00135256988278	3	0.0	0	0.0	0	2218
0.518169582773	0.00269179004038	2	0.00403768506057	3	0.00134589502019	1	0.0	0	743
0.535980148883	0.00248138957816	2	0.00372208436725	3	0.00124069478908	1	0.0	0	806
0.445972495088	0.00687622789784	7	0.00196463654224	2	0.0	0	0.0	0	1018
0.273818846254	0.00809188201514	31	0.0	0	0.000261028452101	1	0.00261028452101	10	3831
0.521306818182	0.00426136363636	3	0.00142045454545	1	0.0	0	0.0	0	704
0.228578383642	0.00925024342746	38	0.00292112950341	12	0.00219084712756	9	0.0	0	4108
0.554455445545	0.00123762376238	1	0.00123762376238	1	0.00123762376238	1	0.0	0	808
0.605937921727	0.00269905533063	2	0.0	0	0.0	0	0.0	0	741
0.551390568319	0.00120918984281	1	0.00483675937122	4	0.00241837968561	2	0.0	0	827
0.217329545455	0.00405844155844	20	0.00162337662338	8	0.0	0	0.0	0	4928
0.211736571008	0.00699043414275	38	0.00165562913907	9	0.000551876379691	3	0.00128771155261	7	5436
0.467616580311	0.00259067357513	2	0.00129533678756	1	0.00518134715026	4	0.0	0	772
0.303317535545	0.00631911532385	12	0.00263296471827	5	0.000526592943655	1	0.0	0	1899
0.205630085771	0.00395865405762	18	0.00131955135254	6	0.00109962612712	5	0.0	0	4547
0.412733260154	0.00987925356751	9	0.0	0	0.0	0	0.0	0	911
0.445674044266	0.00301810865191	3	0.0	0	0.0	0	0.0	0	994
0.271695349689	0.00732332478945	20	0.00292932991578	8	0.0	0	0.000366166239473	1	2731
0.26423690205	0.00455580865604	22	0.00144957548147	7	0.000207082211638	1	0.000828328846552	4	4829
0.439743589744	0.00128205128205	1	0.00128205128205	1	0.0	0	0.0	0	780
0.197454420365	0.00355463822956	31	0.00332530673088	29	0.00114665749341	10	0.000229331498681	2	8721
0.382135661518	0.00604432505037	9	0.000671591672263	1	0.000671591672263	1	0.00134318334453	2	1489
0.548872180451	0.0	0	0.0	0	0.0	0	0.0	0	665
0.536434108527	0.0046511627907	3	0.0031007751938	2	0.0031007751938	2	0.0031007751938	2	645
0.318676337262	0.00634632819583	14	0.000453309156845	1	0.00090661831369	2	0.00634632819583	14	2206
0.239691714836	0.00404624277457	21	0.0028901734104	15	0.000385356454721	2	0.00019267822736	1	5190
0.413506012951	0.000925069380204	1	0.00925069380204	10	0.0	0	0.0	0	1081
0.367181153534	0.00568643379366	7	0.000812347684809	1	0.0	0	0.0	0	1231
0.29450139795	0.00559179869525	18	0.000931966449208	3	0.00279589934762	9	0.0040385212799	13	3219
0.563667232598	0.00848896434635	5	0.00169779286927	1	0.00169779286927	1	0.00169779286927	1	589
0.262862488307	0.0126286248831	27	0.00140318054256	3	0.000467726847521	1	0.00140318054256	3	2138
0.337146702557	0.00134589502019	2	0.00269179004038	4	0.00134589502019	2	0.0	0	1486
0.337760070828	0.00841080123949	19	0.0	0	0.000442673749447	1	0.0	0	2259
0.267225883763	0.0149790293589	75	0.000599161174356	3	0.000599161174356	3	0.00579189135211	29	5007
0.2995951417	0.00202429149798	3	0.00134952766532	2	0.00404858299595	6	0.0	0	1482
0.404776869893	0.00817096165933	13	0.00125707102451	2	0.0	0	0.000628535512256	1	1591
0.204669579465	0.00382304751502	28	0.00286728563626	21	0.00122883670126	9	0.000136537411251	1	7324
0.284867821331	0.00273473108478	6	0.00820419325433	18	0.000911577028259	2	0.000911577028259	2	2194
0.654390934844	0.0	0	0.0	0	0.0	0	0.0	0	353
0.205124020888	0.00097911227154	6	0.00538511749347	33	0.00048955613577	3	0.0	0	6128
0.491844416562	0.00250941028858	2	0.0	0	0.0	0	0.00125470514429	1	797
0.210153721683	0.00242718446602	12	0.00323624595469	16	0.000809061488673	4	0.0	0	4944
0.517976031957	0.00133155792277	1	0.00133155792277	1	0.0	0	0.0	0	751
0.542288557214	0.0	0	0.0016583747927	1	0.0	0	0.0016583747927	1	603
0.506588579795	0.00439238653001	3	0.00439238653001	3	0.0	0	0.0	0	683
0.521126760563	0.00176056338028	1	0.0158450704225	9	0.0	0	0.0	0	568
0.559167750325	0.0	0	0.0	0	0.00130039011704	1	0.0	0	769
0.575679172057	0.00517464424321	4	0.0	0	0.0012936610608	1	0.0025873221216	2	773
0.550156739812	0.00156739811912	1	0.00783699059561	5	0.0	0	0.0	0	638
0.505190311419	0.00346020761246	3	0.00346020761246	3	0.00115340253749	1	0.0	0	867
0.328977016674	0.00180261379	4	0.00315457413249	7	0.00721045515998	16	0.0	0	2219
0.580474934037	0.0	0	0.00527704485488	4	0.0	0	0.0	0	758
0.556473829201	0.0068870523416	5	0.00550964187328	4	0.0	0	0.00275482093664	2	726
0.857142857143	0.0	0	0.0	0	0.0	0	0.0	0	63
0.585	0.00666666666667	4	0.0	0	0.0	0	0.0	0	600
0.825581395349	0.0	0	0.0	0	0.0	0	0.0	0	86
0.539703903096	0.00269179004038	2	0.00269179004038	2	0.0	0	0.0	0	743
0.487903225806	0.0	0	0.00268817204301	2	0.0	0	0.0	0	744
0.568075117371	0.0140845070423	6	0.00469483568075	2	0.00234741784038	1	0.0	0	426
0.602536997886	0.00211416490486	1	0.00211416490486	1	0.00211416490486	1	0.0	0	473
0.52804377565	0.0	0	0.00273597811218	2	0.0	0	0.0	0	731
0.523076923077	0.0	0	0.0	0	0.0041958041958	3	0.0	0	715
0.556737588652	0.00531914893617	3	0.00354609929078	2	0.00177304964539	1	0.0	0	564
0.526315789474	0.0	0	0.00159489633174	1	0.00318979266348	2	0.0	0	627
0.572271386431	0.0	0	0.00589970501475	4	0.0	0	0.0	0	678
0.521970705726	0.0	0	0.00266311584554	2	0.0	0	0.0	0	751
0.564227642276	0.0	0	0.00162601626016	1	0.0	0	0.0	0	615
0.450506625097	0.00155884645362	2	0.00233826968044	3	0.00155884645362	2	0.0	0	1283
0.487915407855	0.012084592145	8	0.0	0	0.0	0	0.0	0	662
0.507317073171	0.00121951219512	1	0.0	0	0.0	0	0.0	0	820
0.454822335025	0.00304568527919	3	0.0010152284264	1	0.0	0	0.0	0	985
0.497403946002	0.00726895119418	7	0.0	0	0.00103842159917	1	0.00103842159917	1	963
0.519672131148	0.00655737704918	4	0.0016393442623	1	0.00327868852459	2	0.0	0	610
0.591346153846	0.0	0	0.00320512820513	2	0.00160256410256	1	0.0	0	624
0.557038834951	0.0	0	0.00121359223301	1	0.00242718446602	2	0.0	0	824
0.511132623427	0.00484027105518	5	0.00871248789932	9	0.000968054211036	1	0.0	0	1033
0.273785701292	0.00127342186647	7	0.00345643078043	19	0.00145533927597	8	0.0	0	5497
0.263093037585	0.00575066748819	28	0.00123228589033	6	0.000616142945163	3	0.000410761963442	2	4869
0.493055555556	0.0190972222222	11	0.0	0	0.0	0	0.0	0	576
0.339511041009	0.00591482649842	15	0.00197160883281	5	0.000788643533123	2	0.0	0	2536
0.239241864346	0.00560257480033	47	0.00607938967696	51	0.00286088925974	24	0.000834426034092	7	8389
0.167384553741	0.00240408694781	24	0.00410698186918	41	0.000300510868476	3	0.000500851447461	5	9983
0.342379014021	0.0085933966531	19	0.000904568068747	2	0.000452284034374	1	0.0	0	2211
0.538580246914	0.00462962962963	3	0.00617283950617	4	0.00617283950617	4	0.0	0	648
0.486968449931	0.0082304526749	6	0.0082304526749	6	0.00411522633745	3	0.0	0	729
0.534263959391	0.00761421319797	6	0.00126903553299	1	0.0	0	0.00126903553299	1	788
0.501351351351	0.00135135135135	1	0.0	0	0.0	0	0.0	0	740
0.478468899522	0.00956937799043	8	0.0011961722488	1	0.00239234449761	2	0.0	0	836
0.534458509142	0.0028129395218	2	0.0042194092827	3	0.0	0	0.0	0	711
0.472673559823	0.00738552437223	5	0.0118168389956	8	0.0	0	0.0	0	677
0.555393586006	0.00291545189504	2	0.00291545189504	2	0.0	0	0.00291545189504	2	686
0.188508961485	0.00470319054277	37	0.00165247235287	13	0.00152535909495	12	0.000762679547477	6	7867
0.407755581669	0.0	0	0.00352526439483	3	0.0	0	0.00117508813161	1	851
0.493910690122	0.00676589986468	5	0.00135317997294	1	0.00135317997294	1	0.0	0	739
0.598092643052	0.00272479564033	2	0.00681198910082	5	0.00272479564033	2	0.00136239782016	1	734
0.411591355599	0.00785854616896	8	0.00392927308448	4	0.00098231827112	1	0.00098231827112	1	1018
0.281111439551	0.00502512562814	17	0.00118238250074	4	0.0	0	0.000886786875554	3	3383
0.53	0.0	0	0.0	0	0.0	0	0.0	0	800
0.559850374065	0.00249376558603	2	0.0112219451372	9	0.00249376558603	2	0.0	0	802
0.565807327001	0.00407055630936	3	0.00135685210312	1	0.0	0	0.0	0	737
0.452542372881	0.00338983050847	4	0.00423728813559	5	0.00169491525424	2	0.0	0	1180
0.335706657173	0.00213599145603	6	0.000711997152011	2	0.000711997152011	2	0.000711997152011	2	2809
0.521582733813	0.00479616306954	4	0.0	0	0.00239808153477	2	0.00119904076739	1	834
0.56480218281	0.00136425648022	1	0.0	0	0.00272851296044	2	0.00136425648022	1	733
0.448559670782	0.00137174211248	1	0.00411522633745	3	0.00137174211248	1	0.0	0	729
0.510204081633	0.0	0	0.00272108843537	2	0.0	0	0.0	0	735
0.349427575908	0.00547536087606	11	0.0	0	0.00547536087606	11	0.00497760079642	10	2009
0.572319201995	0.0	0	0.00249376558603	2	0.00124688279302	1	0.0	0	802
0.517808219178	0.00684931506849	5	0.00684931506849	5	0.0	0	0.0	0	730
0.469109947644	0.0020942408377	2	0.0020942408377	2	0.0	0	0.0	0	955
0.18980907513	0.00545499628068	44	0.00198363501116	16	0.000619885940987	5	0.000123977188197	1	8066
0.542750929368	0.00247831474597	2	0.00247831474597	2	0.00247831474597	2	0.00123915737299	1	807
0.571942446043	0.00179856115108	1	0.00359712230216	2	0.0	0	0.0	0	556
0.521621621622	0.0135135135135	10	0.00540540540541	4	0.00135135135135	1	0.0	0	740
0.565900846433	0.0	0	0.00241837968561	2	0.00241837968561	2	0.0	0	827
0.274235058622	0.0120102945382	42	0.0	0	0.000571918787532	2	0.000857878181298	3	3497
0.511533242877	0.00814111261872	6	0.0	0	0.00135685210312	1	0.0	0	737
0.49173553719	0.00550964187328	4	0.00413223140496	3	0.0	0	0.0	0	726
0.213570127505	0.00364298724954	16	0.00227686703097	10	0.00136612021858	6	0.0	0	4392
0.498614958449	0.0	0	0.0	0	0.0	0	0.0	0	722
0.508474576271	0.0026075619296	2	0.00651890482399	5	0.00391134289439	3	0.0	0	767
0.559459459459	0.00135135135135	1	0.0027027027027	2	0.00135135135135	1	0.0	0	740
0.498626373626	0.00137362637363	1	0.00824175824176	6	0.00137362637363	1	0.0	0	728
0.487316421896	0.00400534045394	3	0.00133511348465	1	0.00133511348465	1	0.0	0	749
0.533619456366	0.00143061516452	1	0.00143061516452	1	0.0	0	0.0	0	699
0.499386503067	0.00490797546012	4	0.00122699386503	1	0.0	0	0.00122699386503	1	815
0.484722222222	0.00138888888889	1	0.0	0	0.00138888888889	1	0.0	0	720
0.29556412729	0.00192864030858	4	0.00192864030858	4	0.00192864030858	4	0.0	0	2074
0.533807829181	0.00889679715302	5	0.00889679715302	5	0.0	0	0.0	0	562
0.454086781029	0.00100908173562	1	0.00403632694248	4	0.00201816347124	2	0.0	0	991
0.522884882108	0.0	0	0.00138696255201	1	0.00138696255201	1	0.0	0	721
0.492631578947	0.0147368421053	7	0.0	0	0.0	0	0.0	0	475
0.566896551724	0.00413793103448	3	0.00551724137931	4	0.00413793103448	3	0.0	0	725
0.538461538462	0.00992555831266	8	0.0	0	0.0	0	0.0	0	806
0.541666666667	0.00268817204301	2	0.00268817204301	2	0.00134408602151	1	0.0	0	744
0.513788098694	0.011611030479	8	0.00290275761974	2	0.0	0	0.0	0	689
0.516304347826	0.00135869565217	1	0.00679347826087	5	0.0	0	0.0	0	736
0.552590266876	0.00156985871272	1	0.00156985871272	1	0.0	0	0.0	0	637
0.613445378151	0.00168067226891	1	0.0	0	0.00336134453782	2	0.00168067226891	1	595
0.564846416382	0.00682593856655	4	0.00341296928328	2	0.00170648464164	1	0.0	0	586
0.474522292994	0.00212314225053	2	0.00530785562633	5	0.0	0	0.0	0	942
0.525069637883	0.0041782729805	3	0.0	0	0.0	0	0.0	0	718
0.490968801314	0.00328407224959	2	0.00328407224959	2	0.00985221674877	6	0.0	0	609
0.492063492063	0.001443001443	1	0.001443001443	1	0.0	0	0.001443001443	1	693
0.522727272727	0.00133689839572	1	0.00133689839572	1	0.0	0	0.0	0	748
0.541554959786	0.0	0	0.00268096514745	2	0.00134048257373	1	0.00268096514745	2	746
0.606611570248	0.0	0	0.00495867768595	3	0.00165289256198	1	0.0	0	605
0.283002076535	0.00385642242658	13	0.00237318303174	8	0.000593295757935	2	0.0	0	3371
0.187032740397	0.00348027842227	27	0.00270688321732	21	0.00244908481567	19	0.000128899200825	1	7758
0.502673796791	0.00133689839572	1	0.00133689839572	1	0.0	0	0.0	0	748
0.539176626826	0.00265604249668	2	0.00398406374502	3	0.00132802124834	1	0.0	0	753
0.556464811784	0.0	0	0.00490998363339	3	0.00163666121113	1	0.0	0	611
0.641176470588	0.0	0	0.00294117647059	1	0.00294117647059	1	0.0	0	340
0.532347504621	0.00184842883549	1	0.00369685767098	2	0.0	0	0.0	0	541
0.548133595285	0.0	0	0.00196463654224	1	0.00196463654224	1	0.0	0	509
0.584973166369	0.0	0	0.00894454382826	5	0.0	0	0.00178890876565	1	559
0.282099697885	0.00377643504532	10	0.00302114803625	8	0.0011329305136	3	0.0	0	2648
0.57800511509	0.00127877237852	1	0.0115089514066	9	0.00127877237852	1	0.0	0	782
0.534368070953	0.0	0	0.00221729490022	1	0.0	0	0.0	0	451
0.553921568627	0.0	0	0.00245098039216	1	0.00490196078431	2	0.0	0	408
0.218691974417	0.00185681865071	9	0.000412626366825	2	0.00103156591706	5	0.0	0	4847
0.526387009472	0.00135317997294	1	0.00270635994587	2	0.00405953991881	3	0.0	0	739
0.315818584071	0.00221238938053	4	0.000553097345133	1	0.000553097345133	1	0.0	0	1808
0.46237458194	0.0200668896321	24	0.0	0	0.00167224080268	2	0.000836120401338	1	1196
0.605616605617	0.001221001221	1	0.0	0	0.0	0	0.0	0	819
0.532670454545	0.0	0	0.0	0	0.0	0	0.0	0	704
0.53280839895	0.00918635170604	7	0.00131233595801	1	0.0	0	0.00262467191601	2	762
0.413194444444	0.00462962962963	4	0.0	0	0.0	0	0.00694444444444	6	864
0.546553808948	0.00846432889964	7	0.00120918984281	1	0.0	0	0.0	0	827
0.504132231405	0.0123966942149	9	0.00275482093664	2	0.0	0	0.0	0	726
0.323071601522	0.0103770321688	30	0.0	0	0.000691802144587	2	0.0	0	2891
0.394557823129	0.00340136054422	3	0.0	0	0.0	0	0.00113378684807	1	882
0.17873349835	0.00536303630363	52	0.00175330033003	17	0.00123762376238	12	0.0	0	9696
0.521088435374	0.00544217687075	4	0.0	0	0.0	0	0.0	0	735
0.400238948626	0.00358422939068	6	0.00418160095579	7	0.0	0	0.0	0	1674
0.367741935484	0.00215053763441	3	0.00215053763441	3	0.00215053763441	3	0.0	0	1395
0.408594815825	0.00204638472033	3	0.000682128240109	1	0.000682128240109	1	0.00136425648022	2	1466
0.401874633861	0.00644405389572	11	0.00351493848858	6	0.0	0	0.00234329232572	4	1707
0.585289514867	0.00312989045383	2	0.00469483568075	3	0.0	0	0.0	0	639
0.535762483131	0.0	0	0.00539811066127	4	0.0	0	0.0	0	741
0.548922056385	0.00331674958541	2	0.00995024875622	6	0.0	0	0.0016583747927	1	603
0.442760942761	0.0109427609428	13	0.0	0	0.0	0	0.00252525252525	3	1188
0.312794348509	0.00902668759812	23	0.00313971742543	8	0.000784929356358	2	0.00156985871272	4	2548
0.478624535316	0.00278810408922	3	0.00092936802974	1	0.0	0	0.0	0	1076
0.6126340882	0.00119189511323	1	0.00119189511323	1	0.00119189511323	1	0.0	0	839
0.321000521105	0.00260552371027	5	0.00416883793643	8	0.00260552371027	5	0.000521104742053	1	1919
0.400809716599	0.00607287449393	9	0.0	0	0.0	0	0.000674763832659	1	1482
0.334982014388	0.0121402877698	27	0.00089928057554	2	0.00044964028777	1	0.0	0	2224
0.468085106383	0.00591016548463	5	0.00354609929078	3	0.00118203309693	1	0.00118203309693	1	846
0.187035945787	0.00176782557454	15	0.00188568061285	16	0.00212139068945	18	0.000353565114909	3	8485
0.250598945855	0.00431241015812	18	0.000239578342118	1	0.000718735026354	3	0.000239578342118	1	4174
0.328559393429	0.00884582982308	21	0.000421229991575	1	0.000421229991575	1	0.0	0	2374
0.174292402639	0.00414981911045	39	0.0031921685465	30	0.00180889550968	17	0.000106405618217	1	9398
0.389555822329	0.00420168067227	7	0.0	0	0.00180072028812	3	0.00180072028812	3	1666
0.287526427061	0.00819238900634	31	0.00132135306554	5	0.00132135306554	5	0.00502114164905	19	3784
0.580267558528	0.0	0	0.0	0	0.0	0	0.0	0	598
0.349841521395	0.00237717908082	6	0.00118858954041	3	0.000396196513471	1	0.0	0	2524
0.28942333971	0.00874555889587	32	0.000819896146488	3	0.00245968843946	9	0.00136649357748	5	3659
0.394675385334	0.0042036431574	9	0.0014012143858	3	0.0	0	0.00233535730967	5	2141
0.381191222571	0.00940438871473	15	0.0012539184953	2	0.0	0	0.00313479623824	5	1595
0.483769633508	0.00837696335079	8	0.00628272251309	6	0.00104712041885	1	0.00104712041885	1	955
0.530612244898	0.0094191522763	6	0.0125588697017	8	0.00156985871272	1	0.0	0	637
0.497590361446	0.00240963855422	2	0.00361445783133	3	0.00120481927711	1	0.0	0	830
0.569875776398	0.0	0	0.00465838509317	3	0.00155279503106	1	0.0	0	644
0.357142857143	0.00324675324675	5	0.00974025974026	15	0.000649350649351	1	0.0	0	1540
0.369505494505	0.00755494505495	11	0.000686813186813	1	0.0	0	0.00206043956044	3	1456
0.434190620272	0.00302571860817	2	0.0	0	0.00302571860817	2	0.0	0	661
0.492434662999	0.00550206327373	4	0.0123796423659	9	0.00137551581843	1	0.0	0	727
0.577049180328	0.00491803278689	3	0.0016393442623	1	0.0	0	0.00327868852459	2	610
0.371084337349	0.00481927710843	8	0.000602409638554	1	0.00180722891566	3	0.00180722891566	3	1660
0.465709728868	0.00637958532695	4	0.00637958532695	4	0.0	0	0.0	0	627
0.414634146341	0.0116648992577	11	0.00954400848356	9	0.0	0	0.0	0	943
0.5520110957	0.00138696255201	1	0.00277392510402	2	0.0	0	0.00138696255201	1	721
0.352422907489	0.00660792951542	6	0.0011013215859	1	0.0	0	0.0	0	908
0.283828382838	0.00618811881188	15	0.00206270627063	5	0.00123762376238	3	0.0	0	2424
0.496044303797	0.0	0	0.000791139240506	1	0.000791139240506	1	0.0	0	1264
0.498136645963	0.00993788819876	8	0.00496894409938	4	0.0	0	0.0	0	805
0.292429490351	0.00148441365661	6	0.00296882731321	12	0.000989609104404	4	0.0	0	4042
0.575260804769	0.00894187779434	6	0.00149031296572	1	0.00298062593145	2	0.0	0	671
0.65251572327	0.0	0	0.0	0	0.00314465408805	2	0.00157232704403	1	636
0.212592700305	0.00334448160535	23	0.00232659589937	16	0.000872473462266	6	0.000145412243711	1	6877
0.578454332553	0.00702576112412	3	0.016393442623	7	0.0	0	0.0	0	427
0.180492638732	0.00438844847112	31	0.00339750849377	24	0.00184031710079	13	0.000141562853907	1	7064
0.540084388186	0.0	0	0.0014064697609	1	0.0	0	0.0	0	711
0.496503496503	0.0034965034965	1	0.00699300699301	2	0.0	0	0.0	0	286
0.541554959786	0.00134048257373	1	0.00402144772118	3	0.00134048257373	1	0.0	0	746
0.5672823219	0.00131926121372	1	0.00395778364116	3	0.0	0	0.0	0	758
0.532467532468	0.002886002886	2	0.001443001443	1	0.0	0	0.0	0	693
0.569306930693	0.0016501650165	1	0.0	0	0.0	0	0.0	0	606
0.508344030809	0.0012836970475	1	0.00641848523748	5	0.0012836970475	1	0.0	0	779
0.587239583333	0.00390625	3	0.0	0	0.0	0	0.0	0	768
0.465986394558	0.00226757369615	2	0.0	0	0.00113378684807	1	0.0	0	882
0.518372703412	0.00393700787402	3	0.00393700787402	3	0.00262467191601	2	0.0	0	762
0.433502538071	0.00203045685279	2	0.0	0	0.0	0	0.0	0	985
0.546835443038	0.0	0	0.00759493670886	6	0.00126582278481	1	0.0	0	790
0.511691884457	0.0	0	0.00275103163686	2	0.0	0	0.0	0	727
0.432960893855	0.00279329608939	2	0.0	0	0.0	0	0.0	0	716
0.471532846715	0.0029197080292	2	0.0029197080292	2	0.0014598540146	1	0.0	0	685
0.553421368547	0.0	0	0.00360144057623	3	0.0	0	0.00120048019208	1	833
0.490353697749	0.0048231511254	3	0.0032154340836	2	0.0	0	0.0	0	622
0.524444444444	0.00444444444444	3	0.0	0	0.00296296296296	2	0.00148148148148	1	675
0.563076923077	0.0	0	0.00307692307692	2	0.00307692307692	2	0.0	0	650
0.424581005587	0.0279329608939	25	0.00335195530726	3	0.0	0	0.0	0	895
0.530827067669	0.0015037593985	1	0.0015037593985	1	0.0	0	0.0	0	665
0.480055020633	0.00137551581843	1	0.0041265474553	3	0.0	0	0.0	0	727
0.529160739687	0.0	0	0.0	0	0.0	0	0.0	0	703
0.459357277883	0.00283553875236	3	0.00378071833648	4	0.000945179584121	1	0.0	0	1058
0.518398268398	0.00108225108225	1	0.0	0	0.0	0	0.0	0	924
0.619658119658	0.00213675213675	1	0.00213675213675	1	0.0	0	0.00213675213675	1	468
0.505376344086	0.010752688172	8	0.00403225806452	3	0.00134408602151	1	0.0	0	744
0.56338028169	0.00201207243461	1	0.0	0	0.0	0	0.0	0	497
0.557404326123	0.00499168053245	3	0.00499168053245	3	0.0	0	0.0	0	601
0.519944979367	0.00550206327373	4	0.00137551581843	1	0.0041265474553	3	0.0	0	727
0.498708010336	0.00129198966408	1	0.00129198966408	1	0.00258397932817	2	0.0	0	774
0.371181938911	0.00929614873838	14	0.00066401062417	1	0.00066401062417	1	0.00464807436919	7	1506
0.503957783641	0.00791556728232	6	0.00395778364116	3	0.0	0	0.0	0	758
0.429223744292	0.00913242009132	8	0.013698630137	12	0.00456621004566	4	0.00114155251142	1	876
0.519940915805	0.00295420974889	2	0.00443131462334	3	0.00147710487445	1	0.0	0	677
0.51289009498	0.00949796472185	7	0.00542740841248	4	0.0	0	0.00271370420624	2	737
0.55950752394	0.00410396716826	3	0.00136798905609	1	0.00136798905609	1	0.0	0	731
0.39513477975	0.00262984878369	4	0.000657462195924	1	0.00197238658777	3	0.0	0	1521
0.523878437048	0.00144717800289	1	0.00144717800289	1	0.0	0	0.00144717800289	1	691
0.434426229508	0.0	0	0.00182149362477	2	0.0	0	0.000910746812386	1	1098
0.490820073439	0.0110159118727	9	0.00734394124847	6	0.0	0	0.00489596083231	4	817
0.503924646782	0.00156985871272	1	0.00313971742543	2	0.00470957613815	3	0.0	0	637
0.490410958904	0.0	0	0.0027397260274	2	0.0013698630137	1	0.00547945205479	4	730
0.592664092664	0.003861003861	2	0.003861003861	2	0.0	0	0.0	0	518
0.467869222097	0.00450958286359	4	0.00789177001127	7	0.00563697857948	5	0.00225479143179	2	887
0.499312242091	0.0041265474553	3	0.0041265474553	3	0.0	0	0.0	0	727
0.479472140762	0.0	0	0.0	0	0.00146627565982	1	0.0	0	682
0.424164524422	0.0012853470437	2	0.0012853470437	2	0.0012853470437	2	0.0	0	1556
0.533875338753	0.0135501355014	10	0.00135501355014	1	0.00271002710027	2	0.0	0	738
0.491436100132	0.00131752305665	1	0.0	0	0.0	0	0.0	0	759
0.547297297297	0.00675675675676	5	0.00135135135135	1	0.0	0	0.0027027027027	2	740
0.52904040404	0.00252525252525	2	0.00252525252525	2	0.00252525252525	2	0.00126262626263	1	792
0.519546027743	0.00504413619168	4	0.0100882723834	8	0.0	0	0.0	0	793
0.354988399072	0.00870069605568	15	0.00290023201856	5	0.00116009280742	2	0.00174013921114	3	1724
0.561771561772	0.0011655011655	1	0.0	0	0.0011655011655	1	0.0	0	858
0.503901895206	0.00111482720178	1	0.00111482720178	1	0.00111482720178	1	0.00111482720178	1	897
0.364536453645	0.00540054005401	6	0.003600360036	4	0.000900090009001	1	0.0	0	1111
0.559345156889	0.00272851296044	2	0.00136425648022	1	0.0	0	0.0	0	733
0.572864321608	0.00502512562814	4	0.00879396984925	7	0.0	0	0.00125628140704	1	796
0.599078341014	0.00460829493088	2	0.0	0	0.0	0	0.0	0	434
0.548476454294	0.0	0	0.00277008310249	2	0.0	0	0.0	0	722
0.546572934974	0.00527240773286	3	0.00527240773286	3	0.0	0	0.0	0	569
0.569230769231	0.00128205128205	1	0.0	0	0.00128205128205	1	0.00128205128205	1	780
0.516600265604	0.00265604249668	2	0.00265604249668	2	0.00265604249668	2	0.00265604249668	2	753
0.534161490683	0.0	0	0.00248447204969	2	0.0	0	0.0	0	805
0.522207267833	0.00538358008075	4	0.00134589502019	1	0.0	0	0.00134589502019	1	743
0.514246947083	0.00271370420624	2	0.00271370420624	2	0.0	0	0.0	0	737
0.595982142857	0.00446428571429	2	0.0	0	0.00223214285714	1	0.0	0	448
0.594713656388	0.00881057268722	4	0.0	0	0.0	0	0.0	0	454
0.534213685474	0.0	0	0.0168067226891	14	0.0	0	0.00120048019208	1	833
0.596199524941	0.0118764845606	5	0.00475059382423	2	0.0	0	0.0	0	421
0.561719833564	0.00277392510402	2	0.00277392510402	2	0.00138696255201	1	0.0	0	721
0.334413480233	0.00453661697991	7	0.00453661697991	7	0.000648088139987	1	0.0	0	1543
0.493506493506	0.004329004329	2	0.0	0	0.0	0	0.0	0	462
