0.540381791483	0.0	0	0.00881057268722	6	0.00293685756241	2	0.0	0	681
0.536398467433	0.00383141762452	3	0.00255427841635	2	0.00127713920817	1	0.00255427841635	2	783
0.588414634146	0.0	0	0.0030487804878	1	0.0030487804878	1	0.00609756097561	2	328
0.588859416446	0.00397877984085	3	0.0	0	0.0	0	0.0	0	754
0.587755102041	0.00136054421769	1	0.0122448979592	9	0.00136054421769	1	0.0	0	735
0.574175824176	0.0	0	0.0	0	0.0	0	0.0	0	364
0.596	0.004	1	0.004	1	0.0	0	0.0	0	250
0.475871313673	0.00268096514745	2	0.00268096514745	2	0.0	0	0.0	0	746
0.544537815126	0.00168067226891	1	0.00672268907563	4	0.0	0	0.00168067226891	1	595
0.537764350453	0.00100704934542	1	0.00100704934542	1	0.0	0	0.0	0	993
0.576427255985	0.0036832412523	2	0.0036832412523	2	0.0	0	0.0	0	543
0.564681724846	0.0041067761807	2	0.00205338809035	1	0.0	0	0.00205338809035	1	487
0.529487179487	0.0	0	0.00384615384615	3	0.00128205128205	1	0.0	0	780
0.498933901919	0.00746268656716	7	0.00106609808102	1	0.00106609808102	1	0.00106609808102	1	938
0.641025641026	0.0	0	0.00732600732601	2	0.0	0	0.0	0	273
0.583509513742	0.0	0	0.00422832980973	2	0.0	0	0.00422832980973	2	473
0.538147138965	0.00272479564033	2	0.00408719346049	3	0.00136239782016	1	0.00136239782016	1	734
0.60824742268	0.00257731958763	1	0.00515463917526	2	0.0	0	0.0	0	388
0.425963488844	0.00338066260987	5	0.00676132521974	10	0.000676132521974	1	0.0	0	1479
0.588594704684	0.0081466395112	4	0.0040733197556	2	0.0	0	0.0	0	491
0.599514563107	0.00242718446602	1	0.00485436893204	2	0.00728155339806	3	0.0	0	412
0.515853658537	0.00731707317073	6	0.00121951219512	1	0.0	0	0.0	0	820
0.577358490566	0.00377358490566	2	0.00754716981132	4	0.0	0	0.0	0	530
0.709497206704	0.0167597765363	3	0.0	0	0.0	0	0.0	0	179
0.530726256983	0.00186219739292	1	0.0	0	0.0	0	0.0	0	537
0.643333333333	0.0133333333333	4	0.0	0	0.0	0	0.0	0	300
0.498069498069	0.0	0	0.002574002574	2	0.001287001287	1	0.0	0	777
0.500894454383	0.0	0	0.0	0	0.0	0	0.0	0	559
0.542168674699	0.0120481927711	7	0.00172117039587	1	0.0	0	0.00172117039587	1	581
0.511811023622	0.0110236220472	7	0.00157480314961	1	0.0	0	0.00157480314961	1	635
0.630872483221	0.0	0	0.0	0	0.00335570469799	1	0.0	0	298
0.57119205298	0.00165562913907	1	0.00165562913907	1	0.0	0	0.00165562913907	1	604
0.670731707317	0.0	0	0.0	0	0.0	0	0.0	0	246
0.588075880759	0.00271002710027	1	0.00542005420054	2	0.0	0	0.0	0	369
0.671641791045	0.00746268656716	2	0.0	0	0.0	0	0.0	0	268
0.4046692607	0.00194552529183	4	0.00437743190661	9	0.000486381322957	1	0.00145914396887	3	2056
0.523041474654	0.0	0	0.0	0	0.00230414746544	1	0.0	0	434
0.530413625304	0.00729927007299	3	0.00243309002433	1	0.0	0	0.0	0	411
0.606625258799	0.0	0	0.0	0	0.0	0	0.0	0	483
0.541271989175	0.0	0	0.00135317997294	1	0.0	0	0.0	0	739
0.592857142857	0.0	0	0.0	0	0.0	0	0.0	0	280
0.58981233244	0.0	0	0.00804289544236	3	0.0	0	0.0	0	373
0.681451612903	0.0	0	0.0	0	0.00403225806452	1	0.0	0	248
0.626062322946	0.0056657223796	2	0.0056657223796	2	0.0	0	0.0	0	353
0.576519916143	0.0	0	0.0020964360587	1	0.0	0	0.0	0	477
0.562962962963	0.0	0	0.0037037037037	2	0.0	0	0.0	0	540
0.652173913043	0.0036231884058	1	0.0	0	0.0	0	0.0	0	276
0.735483870968	0.0	0	0.0258064516129	4	0.0	0	0.0	0	155
0.44128933231	0.00153491941673	2	0.00997697620875	13	0.0	0	0.0	0	1303
0.619469026549	0.00294985250737	1	0.00294985250737	1	0.0	0	0.0	0	339
0.396466040861	0.00552181115406	10	0.00220872446162	4	0.00110436223081	2	0.0	0	1811
0.490890688259	0.00404858299595	4	0.00303643724696	3	0.0	0	0.0	0	988
0.641891891892	0.00675675675676	1	0.0	0	0.00675675675676	1	0.0	0	148
0.606158833063	0.0032414910859	2	0.0	0	0.0	0	0.0	0	617
0.515837104072	0.00301659125189	2	0.00452488687783	3	0.00150829562594	1	0.0	0	663
0.661087866109	0.00836820083682	2	0.00418410041841	1	0.0	0	0.0	0	239
0.592128801431	0.0107334525939	6	0.0	0	0.00178890876565	1	0.0	0	559
0.558778625954	0.00152671755725	1	0.00152671755725	1	0.0	0	0.0	0	655
0.568665377176	0.00193423597679	1	0.00386847195358	2	0.0	0	0.0	0	517
0.506607929515	0.0	0	0.00293685756241	2	0.0	0	0.0	0	681
0.580223880597	0.0	0	0.0	0	0.0	0	0.0	0	536
0.544097693351	0.00814111261872	6	0.0	0	0.0	0	0.00135685210312	1	737
0.534965034965	0.00174825174825	1	0.0034965034965	2	0.00524475524476	3	0.0	0	572
0.467084639498	0.00940438871473	9	0.00417972831766	4	0.00104493207941	1	0.0	0	957
0.659459459459	0.0	0	0.00540540540541	2	0.0027027027027	1	0.0	0	370
0.468613138686	0.0	0	0.0014598540146	1	0.0	0	0.0	0	685
0.6171875	0.0	0	0.00390625	1	0.0	0	0.0	0	256
0.550724637681	0.00414078674948	2	0.0	0	0.0	0	0.0	0	483
0.59807073955	0.0	0	0.0064308681672	2	0.0032154340836	1	0.0	0	311
0.792452830189	0.0	0	0.0	0	0.0	0	0.0	0	106
0.506378802748	0.0	0	0.000981354268891	1	0.0	0	0.0	0	1019
0.579584775087	0.00173010380623	1	0.00865051903114	5	0.0	0	0.0	0	578
0.581395348837	0.0135658914729	7	0.0077519379845	4	0.0	0	0.0	0	516
0.695652173913	0.0	0	0.0054347826087	1	0.0	0	0.0	0	184
0.818181818182	0.0	0	0.0	0	0.0	0	0.0	0	66
0.632587859425	0.00319488817891	1	0.0	0	0.0	0	0.0	0	313
0.71875	0.0	0	0.0	0	0.0	0	0.0	0	96
0.791208791209	0.0	0	0.010989010989	1	0.0	0	0.0	0	91
0.669491525424	0.0127118644068	3	0.00423728813559	1	0.0	0	0.0	0	236
0.691629955947	0.00440528634361	1	0.00881057268722	2	0.0	0	0.00440528634361	1	227
0.533860045147	0.00451467268623	4	0.00112866817156	1	0.00112866817156	1	0.00112866817156	1	886
0.581453634085	0.0	0	0.0	0	0.0100250626566	4	0.0	0	399
0.619047619048	0.0119047619048	3	0.0	0	0.00793650793651	2	0.0	0	252
0.831460674157	0.0	0	0.0	0	0.0	0	0.0	0	89
0.510903426791	0.01246105919	12	0.00415368639668	4	0.0	0	0.0	0	963
0.62443438914	0.00904977375566	2	0.0	0	0.0	0	0.0	0	221
0.657534246575	0.0	0	0.0	0	0.0	0	0.0	0	73
0.536912751678	0.00134228187919	1	0.00134228187919	1	0.00134228187919	1	0.00268456375839	2	745
0.664974619289	0.0	0	0.0	0	0.00507614213198	1	0.0	0	197
0.585760517799	0.0	0	0.0	0	0.0	0	0.00323624595469	1	309
0.57264957265	0.0	0	0.00213675213675	1	0.0	0	0.00213675213675	1	468
0.712041884817	0.00523560209424	1	0.0	0	0.0	0	0.0	0	191
0.683870967742	0.0	0	0.0258064516129	4	0.0	0	0.0	0	155
1.0	0.0	0	0.0	0	0.0	0	0.0	0	12
0.426494345719	0.00242326332795	3	0.0016155088853	2	0.0016155088853	2	0.000807754442649	1	1238
0.568181818182	0.00378787878788	1	0.0	0	0.0	0	0.0	0	264
0.730769230769	0.0042735042735	1	0.0	0	0.0	0	0.0	0	234
0.472759226714	0.0	0	0.0105448154657	6	0.00527240773286	3	0.0	0	569
0.744680851064	0.00851063829787	2	0.0	0	0.0127659574468	3	0.0	0	235
0.894736842105	0.0	0	0.0	0	0.0	0	0.0	0	19
0.640625	0.0078125	2	0.00390625	1	0.0	0	0.00390625	1	256
0.614427860697	0.00248756218905	1	0.0	0	0.00248756218905	1	0.0	0	402
0.452300785634	0.0	0	0.0	0	0.00224466891134	2	0.0	0	891
0.511312217195	0.00301659125189	2	0.00150829562594	1	0.00150829562594	1	0.0	0	663
0.662983425414	0.0	0	0.0	0	0.0	0	0.0	0	181
0.590909090909	0.00545454545455	3	0.0	0	0.00181818181818	1	0.00181818181818	1	550
0.50067294751	0.00269179004038	2	0.0	0	0.00134589502019	1	0.0	0	743
0.544478527607	0.00613496932515	4	0.00306748466258	2	0.0	0	0.00613496932515	4	652
0.590308370044	0.0418502202643	19	0.0	0	0.0	0	0.0	0	454
0.745901639344	0.00819672131148	1	0.0	0	0.0	0	0.0	0	122
0.520547945205	0.00195694716243	1	0.00195694716243	1	0.00587084148728	3	0.0	0	511
0.569288389513	0.00749063670412	4	0.0	0	0.00561797752809	3	0.0	0	534
0.612903225806	0.0	0	0.00967741935484	3	0.0	0	0.0	0	310
0.466535433071	0.0	0	0.00393700787402	2	0.00393700787402	2	0.0	0	508
0.774193548387	0.0	0	0.010752688172	1	0.0	0	0.0	0	93
0.610263522885	0.00138696255201	1	0.00832177531207	6	0.00554785020804	4	0.0	0	721
0.693641618497	0.00578034682081	1	0.0	0	0.0	0	0.0	0	173
0.602639296188	0.00146627565982	1	0.00733137829912	5	0.0	0	0.0	0	682
0.500729927007	0.0	0	0.0029197080292	2	0.0	0	0.0	0	685
0.511854951185	0.0	0	0.00418410041841	3	0.0	0	0.0	0	717
0.686170212766	0.0106382978723	2	0.00531914893617	1	0.0	0	0.0	0	188
0.57722007722	0.0019305019305	1	0.0019305019305	1	0.0	0	0.0	0	518
0.745098039216	0.0	0	0.0	0	0.0196078431373	1	0.0	0	51
0.75	0.0	0	0.0	0	0.0	0	0.0	0	96
0.558704453441	0.0	0	0.0	0	0.00269905533063	2	0.0	0	741
0.685567010309	0.0	0	0.00515463917526	1	0.0	0	0.0	0	194
0.714285714286	0.0	0	0.0	0	0.0	0	0.0	0	91
0.813333333333	0.0133333333333	1	0.0	0	0.0	0	0.0	0	75
0.59126984127	0.00396825396825	2	0.0	0	0.0	0	0.0	0	504
0.525483304042	0.0140597539543	8	0.00351493848858	2	0.00351493848858	2	0.0	0	569
0.642611683849	0.0103092783505	3	0.00343642611684	1	0.0	0	0.0	0	291
0.545150501672	0.00836120401338	5	0.00167224080268	1	0.0	0	0.0	0	598
0.561712846348	0.00251889168766	1	0.00251889168766	1	0.00251889168766	1	0.0	0	397
0.557774607703	0.00142653352354	1	0.00285306704708	2	0.0	0	0.0	0	701
0.658181818182	0.00363636363636	1	0.0109090909091	3	0.00363636363636	1	0.0	0	275
0.530410183876	0.001414427157	1	0.001414427157	1	0.0	0	0.0	0	707
0.511425462459	0.00435255712731	4	0.0108813928183	10	0.00108813928183	1	0.00217627856366	2	919
0.637450199203	0.0	0	0.0119521912351	3	0.0	0	0.0	0	251
0.557823129252	0.00680272108844	2	0.0	0	0.0	0	0.0	0	294
0.601918465228	0.00719424460432	3	0.00719424460432	3	0.00479616306954	2	0.0	0	417
0.517433751743	0.00139470013947	1	0.0	0	0.0	0	0.0	0	717
0.509695290859	0.0193905817175	7	0.00831024930748	3	0.00277008310249	1	0.0	0	361
0.486660533579	0.00183992640294	2	0.00275988960442	3	0.0	0	0.000919963201472	1	1087
0.494694960212	0.0	0	0.0053050397878	4	0.0	0	0.00132625994695	1	754
0.639575971731	0.00353356890459	1	0.00353356890459	1	0.0	0	0.0	0	283
0.481698389458	0.00146412884334	1	0.00585651537335	4	0.00292825768668	2	0.0	0	683
0.484375	0.0046875	3	0.00625	4	0.0	0	0.0	0	640
0.500875656743	0.0	0	0.00175131348511	2	0.00262697022767	3	0.0	0	1142
0.781818181818	0.0	0	0.0	0	0.0	0	0.0	0	165
0.626086956522	0.0	0	0.0	0	0.0	0	0.0	0	345
0.645833333333	0.0	0	0.00520833333333	1	0.0	0	0.0	0	192
0.674603174603	0.0	0	0.0	0	0.0	0	0.0	0	126
0.428571428571	0.00125313283208	1	0.0	0	0.0	0	0.00501253132832	4	798
0.550522648084	0.00348432055749	2	0.0	0	0.00174216027875	1	0.0	0	574
0.522309711286	0.0	0	0.0	0	0.0	0	0.0	0	381
0.688524590164	0.0	0	0.00204918032787	1	0.0	0	0.0	0	488
0.472063854048	0.00114025085519	1	0.00114025085519	1	0.0	0	0.0	0	877
0.655870445344	0.00404858299595	1	0.0	0	0.0	0	0.0	0	247
0.341363403383	0.000512557662737	1	0.00358790363916	7	0.000512557662737	1	0.0	0	1951
0.815217391304	0.0	0	0.0	0	0.0	0	0.0	0	92
0.579967689822	0.0290791599354	18	0.0	0	0.0	0	0.0016155088853	1	619
0.770642201835	0.0	0	0.0183486238532	2	0.0	0	0.0	0	109
0.507060333761	0.0	0	0.0	0	0.0	0	0.0	0	779
0.638968481375	0.00286532951289	1	0.0114613180516	4	0.00859598853868	3	0.00859598853868	3	349
0.557971014493	0.0	0	0.0	0	0.0	0	0.0	0	276
0.516411378556	0.00109409190372	1	0.00109409190372	1	0.0	0	0.0	0	914
0.576452599388	0.00152905198777	1	0.00152905198777	1	0.00152905198777	1	0.0	0	654
0.58	0.0025	1	0.015	6	0.0	0	0.0	0	400
0.645768025078	0.0	0	0.0	0	0.0	0	0.00313479623824	1	319
0.554380664653	0.00302114803625	2	0.00151057401813	1	0.00302114803625	2	0.0	0	662
0.520059435364	0.00891530460624	6	0.0	0	0.0	0	0.00148588410104	1	673
0.46674584323	0.00356294536817	3	0.00118764845606	1	0.00118764845606	1	0.0	0	842
0.625866050808	0.0	0	0.0115473441109	5	0.0	0	0.0	0	433
0.575301204819	0.00150602409639	1	0.00451807228916	3	0.0	0	0.00150602409639	1	664
0.567010309278	0.0020618556701	1	0.00412371134021	2	0.0020618556701	1	0.0	0	485
0.612804878049	0.0	0	0.0030487804878	1	0.0	0	0.0	0	328
0.640926640927	0.003861003861	1	0.011583011583	3	0.0	0	0.0	0	259
0.721052631579	0.00526315789474	1	0.00526315789474	1	0.0	0	0.0	0	190
0.675675675676	0.00772200772201	2	0.003861003861	1	0.0	0	0.0	0	259
0.611445783133	0.0	0	0.0	0	0.0	0	0.0	0	332
0.455971049457	0.00120627261761	1	0.00241254523522	2	0.00241254523522	2	0.00241254523522	2	829
0.381390316473	0.000540979172302	2	0.00162293751691	6	0.0010819583446	4	0.0	0	3697
0.688405797101	0.0048309178744	2	0.0024154589372	1	0.0	0	0.0	0	414
0.635135135135	0.00540540540541	2	0.00540540540541	2	0.0	0	0.00540540540541	2	370
0.682274247492	0.0066889632107	2	0.00334448160535	1	0.0	0	0.0	0	299
0.939393939394	0.0	0	0.0	0	0.0	0	0.0	0	33
0.57761732852	0.00451263537906	5	0.000902527075812	1	0.0	0	0.000902527075812	1	1108
0.575488454707	0.0	0	0.0	0	0.0	0	0.0	0	563
0.520325203252	0.00406504065041	2	0.0020325203252	1	0.00406504065041	2	0.0	0	492
0.504454342984	0.00334075723831	3	0.0011135857461	1	0.0	0	0.0	0	898
0.652173913043	0.00434782608696	1	0.00434782608696	1	0.0	0	0.0	0	230
0.616197183099	0.0	0	0.00352112676056	1	0.0	0	0.0	0	284
0.432799013564	0.0	0	0.00369913686806	3	0.0	0	0.0	0	811
0.496285289747	0.00148588410104	1	0.00148588410104	1	0.00148588410104	1	0.00148588410104	1	673
0.923076923077	0.0	0	0.0	0	0.0	0	0.0	0	39
0.607242339833	0.00278551532033	1	0.00278551532033	1	0.00557103064067	2	0.0	0	359
0.504405286344	0.0	0	0.00220264317181	1	0.0	0	0.0	0	454
0.684782608696	0.0108695652174	2	0.0	0	0.0	0	0.0	0	184
0.622641509434	0.00269541778976	1	0.0	0	0.0	0	0.0	0	371
0.584	0.0	0	0.002	1	0.0	0	0.002	1	500
0.640926640927	0.011583011583	3	0.00772200772201	2	0.0	0	0.0	0	259
0.519813519814	0.0034965034965	3	0.0011655011655	1	0.0	0	0.0034965034965	3	858
0.515576323988	0.00155763239875	1	0.00623052959502	4	0.00155763239875	1	0.0	0	642
0.635782747604	0.0	0	0.0	0	0.0	0	0.0	0	313
0.552833078101	0.0	0	0.00459418070444	3	0.0	0	0.0	0	653
0.575238095238	0.00380952380952	2	0.00190476190476	1	0.0	0	0.0	0	525
0.492981007432	0.00165152766309	2	0.0	0	0.0	0	0.0	0	1211
0.554493307839	0.019120458891	10	0.00764818355641	4	0.0	0	0.0	0	523
0.857142857143	0.0	0	0.0	0	0.0	0	0.0	0	49
0.81308411215	0.0	0	0.0	0	0.0	0	0.0	0	107
0.596009975062	0.00997506234414	4	0.0	0	0.0	0	0.0	0	401
0.75	0.0	0	0.0	0	0.0	0	0.0	0	184
0.601769911504	0.0110619469027	5	0.0	0	0.0	0	0.0	0	452
0.507494646681	0.00214132762313	1	0.0	0	0.00214132762313	1	0.0	0	467
0.772727272727	0.0	0	0.0	0	0.0	0	0.0	0	132
0.744897959184	0.0	0	0.0	0	0.0	0	0.0	0	98
0.655948553055	0.0032154340836	1	0.0032154340836	1	0.0	0	0.0	0	311
0.539083557951	0.00808625336927	3	0.00808625336927	3	0.0	0	0.0	0	371
0.576470588235	0.0205882352941	7	0.00294117647059	1	0.0	0	0.0	0	340
0.55838150289	0.00231213872832	2	0.00346820809249	3	0.00231213872832	2	0.0	0	865
0.594594594595	0.0	0	0.00900900900901	2	0.0045045045045	1	0.0	0	222
0.597014925373	0.0	0	0.00497512437811	1	0.0	0	0.0	0	201
0.571428571429	0.00234192037471	1	0.0	0	0.00234192037471	1	0.00234192037471	1	427
0.569593147752	0.0	0	0.00642398286938	3	0.00214132762313	1	0.0	0	467
0.504294478528	0.0	0	0.00368098159509	3	0.0	0	0.0	0	815
0.678445229682	0.0	0	0.0	0	0.0	0	0.0	0	283
0.625	0.0	0	0.0	0	0.005	1	0.0	0	200
0.664206642066	0.00369003690037	1	0.0	0	0.00369003690037	1	0.0	0	271
0.567757009346	0.00700934579439	3	0.0116822429907	5	0.0	0	0.0	0	428
0.547511312217	0.00301659125189	2	0.0	0	0.0	0	0.00150829562594	1	663
0.567857142857	0.0	0	0.00357142857143	1	0.0	0	0.0	0	280
0.675977653631	0.00558659217877	1	0.0	0	0.0	0	0.0	0	179
0.60594795539	0.0	0	0.0	0	0.0	0	0.0	0	269
0.640151515152	0.0	0	0.0113636363636	3	0.0	0	0.0	0	264
0.857142857143	0.0	0	0.0	0	0.0	0	0.0	0	28
0.618090452261	0.0	0	0.0	0	0.0	0	0.0	0	199
0.578189300412	0.00205761316872	1	0.0	0	0.0	0	0.0	0	486
0.637037037037	0.0	0	0.0	0	0.0	0	0.0	0	270
0.560538116592	0.0	0	0.0	0	0.0	0	0.0	0	223
0.534810126582	0.0	0	0.00316455696203	1	0.0	0	0.0	0	316
0.809523809524	0.00680272108844	1	0.0	0	0.0	0	0.0	0	147
0.796296296296	0.0	0	0.0	0	0.0	0	0.0	0	54
0.467070401211	0.00832702498107	11	0.000757002271007	1	0.00151400454201	2	0.0	0	1321
0.811320754717	0.0	0	0.0	0	0.0	0	0.0	0	53
0.440278988666	0.000871839581517	1	0.00261551874455	3	0.0	0	0.0	0	1147
0.607717041801	0.0032154340836	1	0.0128617363344	4	0.0	0	0.0	0	311
0.501824817518	0.0	0	0.00547445255474	3	0.00547445255474	3	0.0	0	548
0.586645468998	0.00158982511924	1	0.0	0	0.00158982511924	1	0.0	0	629
0.633204633205	0.003861003861	1	0.0	0	0.0	0	0.0	0	259
0.473041709054	0.00813835198372	8	0.00406917599186	4	0.0	0	0.00101729399797	1	983
0.626923076923	0.0	0	0.0	0	0.0	0	0.0	0	260
0.522408963585	0.0	0	0.00140056022409	1	0.0	0	0.0	0	714
0.818181818182	0.0	0	0.0	0	0.0	0	0.0	0	110
0.427503736921	0.00373692077728	5	0.00448430493274	6	0.00896860986547	12	0.0	0	1338
0.607843137255	0.00280112044818	1	0.0	0	0.0	0	0.0	0	357
0.495588235294	0.00735294117647	5	0.0	0	0.00294117647059	2	0.00441176470588	3	680
0.652173913043	0.0	0	0.0	0	0.0144927536232	1	0.0	0	69
0.539748953975	0.00209205020921	1	0.0	0	0.0	0	0.0	0	478
0.675799086758	0.00456621004566	1	0.00913242009132	2	0.0	0	0.0	0	219
0.572062084257	0.00665188470067	3	0.00221729490022	1	0.0	0	0.0	0	451
0.619834710744	0.0	0	0.00206611570248	1	0.0	0	0.00206611570248	1	484
0.424342105263	0.000657894736842	1	0.00197368421053	3	0.00131578947368	2	0.000657894736842	1	1520
0.595528455285	0.0	0	0.00609756097561	3	0.0020325203252	1	0.0	0	492
0.452201933405	0.00429645542427	4	0.00751879699248	7	0.00107411385607	1	0.0	0	931
0.461764705882	0.0	0	0.00392156862745	4	0.000980392156863	1	0.0	0	1020
0.779874213836	0.0062893081761	1	0.0	0	0.0	0	0.0	0	159
0.637992831541	0.00358422939068	1	0.00716845878136	2	0.0	0	0.0	0	279
0.541582150101	0.00202839756592	1	0.0	0	0.0	0	0.0	0	493
0.648936170213	0.00531914893617	1	0.0159574468085	3	0.0	0	0.0	0	188
0.521847690387	0.0	0	0.00499375780275	4	0.00374531835206	3	0.0	0	801
0.543328748281	0.0	0	0.00137551581843	1	0.0	0	0.0	0	727
0.456254050551	0.00712896953986	11	0.0051847051199	8	0.0	0	0.0	0	1543
0.61937716263	0.0	0	0.0138408304498	4	0.0	0	0.0	0	289
0.542372881356	0.0	0	0.0	0	0.0	0	0.0	0	531
0.668789808917	0.00636942675159	1	0.0	0	0.0	0	0.0	0	157
0.622047244094	0.00262467191601	1	0.0	0	0.0	0	0.0	0	381
0.630952380952	0.00297619047619	1	0.0	0	0.00595238095238	2	0.0	0	336
0.6	0.00952380952381	3	0.0	0	0.0	0	0.0	0	315
1.0	0.0	0	0.0	0	0.0	0	0.0	0	20
0.561525129983	0.0	0	0.0	0	0.0051993067591	3	0.0	0	577
0.524528301887	0.00125786163522	1	0.00754716981132	6	0.00251572327044	2	0.0	0	795
0.6796875	0.0	0	0.0078125	2	0.0	0	0.00390625	1	256
0.550279329609	0.0	0	0.0111731843575	4	0.0	0	0.0	0	358
0.588235294118	0.00173010380623	1	0.0	0	0.00519031141869	3	0.00173010380623	1	578
0.600682593857	0.0	0	0.00682593856655	2	0.0	0	0.0	0	293
0.642967542504	0.00463678516229	3	0.0	0	0.0015455950541	1	0.0	0	647
0.428966279713	0.00386954118297	7	0.00718629076838	13	0.0	0	0.0	0	1809
0.421935483871	0.00387096774194	3	0.00258064516129	2	0.00129032258065	1	0.00129032258065	1	775
0.533333333333	0.00408163265306	3	0.00544217687075	4	0.00136054421769	1	0.0	0	735
0.543599257885	0.0	0	0.00742115027829	4	0.00371057513915	2	0.0	0	539
0.635451505017	0.0	0	0.0	0	0.00334448160535	1	0.0	0	299
0.535966149506	0.00846262341326	6	0.0	0	0.0	0	0.0	0	709
0.735042735043	0.017094017094	2	0.00854700854701	1	0.0	0	0.0	0	117
0.544169611307	0.0	0	0.0	0	0.0	0	0.0017667844523	1	566
0.566315789474	0.00421052631579	2	0.00210526315789	1	0.0	0	0.0	0	475
0.613725490196	0.00196078431373	1	0.00196078431373	1	0.0	0	0.0	0	510
0.704081632653	0.0	0	0.0	0	0.00510204081633	1	0.0	0	196
0.779661016949	0.0	0	0.0169491525424	1	0.0	0	0.0	0	59
0.556862745098	0.00196078431373	1	0.0	0	0.00392156862745	2	0.0	0	510
0.677419354839	0.00537634408602	1	0.0	0	0.0	0	0.0	0	186
0.609929078014	0.0	0	0.0	0	0.0	0	0.0	0	141
0.553008595989	0.00859598853868	3	0.00859598853868	3	0.0	0	0.0	0	349
0.628834355828	0.00306748466258	1	0.0	0	0.0	0	0.0	0	326
0.827160493827	0.0	0	0.0123456790123	1	0.0	0	0.0	0	81
0.474397590361	0.00225903614458	3	0.00451807228916	6	0.00150602409639	2	0.0	0	1328
0.428966279713	0.00386954118297	7	0.00718629076838	13	0.0	0	0.0	0	1809
0.666666666667	0.0	0	0.0	0	0.0	0	0.0	0	270
0.540027137042	0.010854816825	8	0.00542740841248	4	0.0	0	0.00135685210312	1	737
0.740458015267	0.0	0	0.00763358778626	1	0.0	0	0.0	0	131
0.577565632458	0.00238663484487	1	0.0	0	0.0	0	0.0	0	419
0.549317147193	0.00303490136571	2	0.00151745068285	1	0.0	0	0.0	0	659
0.517289073306	0.00138312586445	1	0.00553250345781	4	0.00138312586445	1	0.0	0	723
0.634782608696	0.00434782608696	1	0.00434782608696	1	0.0	0	0.0	0	230
0.654054054054	0.00540540540541	1	0.0	0	0.00540540540541	1	0.0	0	185
0.787878787879	0.0	0	0.0	0	0.0	0	0.0	0	66
0.518053375196	0.00313971742543	2	0.00627943485086	4	0.00156985871272	1	0.0	0	637
0.490147783251	0.0	0	0.0012315270936	1	0.0	0	0.0	0	812
0.637931034483	0.0	0	0.00574712643678	1	0.0	0	0.0	0	174
0.54012345679	0.00617283950617	2	0.00308641975309	1	0.0	0	0.0	0	324
0.609302325581	0.0093023255814	2	0.0	0	0.0	0	0.0	0	215
0.746666666667	0.0	0	0.0	0	0.0	0	0.0	0	75
0.666666666667	0.00574712643678	1	0.0	0	0.00574712643678	1	0.0	0	174
0.640552995392	0.00921658986175	2	0.00460829493088	1	0.0	0	0.0	0	217
0.526819923372	0.0	0	0.00383141762452	2	0.0	0	0.0	0	522
0.605113636364	0.0	0	0.00284090909091	1	0.00568181818182	2	0.0	0	352
0.526462395543	0.00139275766017	1	0.0041782729805	3	0.0	0	0.00139275766017	1	718
0.506044905009	0.00172711571675	1	0.0	0	0.0	0	0.0	0	579
0.562780269058	0.00224215246637	1	0.00224215246637	1	0.0	0	0.0	0	446
0.675958188153	0.0	0	0.0	0	0.0	0	0.0	0	287
0.545787545788	0.0018315018315	1	0.0018315018315	1	0.0018315018315	1	0.0	0	546
0.740088105727	0.0	0	0.0	0	0.0	0	0.0	0	227
0.654320987654	0.0164609053498	4	0.00411522633745	1	0.0	0	0.0	0	243
0.659163987138	0.0	0	0.0064308681672	2	0.0	0	0.0	0	311
0.891304347826	0.0	0	0.0	0	0.0	0	0.0	0	46
0.607228915663	0.0	0	0.00481927710843	2	0.0	0	0.00240963855422	1	415
0.612244897959	0.0	0	0.0	0	0.0	0	0.0	0	196
0.613981762918	0.0	0	0.00303951367781	1	0.0	0	0.0	0	329
0.53738317757	0.00700934579439	3	0.00467289719626	2	0.0	0	0.0	0	428
0.627249357326	0.0025706940874	1	0.00514138817481	2	0.0025706940874	1	0.0025706940874	1	389
0.531418312388	0.0	0	0.0107719928187	6	0.0	0	0.0	0	557
0.703448275862	0.0	0	0.0	0	0.0	0	0.0	0	145
0.59649122807	0.0	0	0.00701754385965	2	0.0	0	0.0	0	285
0.602601156069	0.0	0	0.0	0	0.0	0	0.0	0	692
0.549828178694	0.00515463917526	3	0.0	0	0.0	0	0.0	0	582
0.523966942149	0.0099173553719	6	0.0	0	0.0	0	0.0	0	605
0.56981981982	0.00225225225225	1	0.00225225225225	1	0.0	0	0.0	0	444
0.730769230769	0.0	0	0.0	0	0.0	0	0.0	0	130
0.487473903967	0.00521920668058	5	0.00104384133612	1	0.0	0	0.0	0	958
0.576059850374	0.00249376558603	1	0.00498753117207	2	0.0	0	0.0	0	401
0.690058479532	0.0	0	0.00584795321637	1	0.0	0	0.0	0	171
0.827586206897	0.0	0	0.0	0	0.0	0	0.0	0	87
0.589380530973	0.00176991150442	1	0.0	0	0.0	0	0.0	0	565
0.514851485149	0.0	0	0.002200220022	2	0.001100110011	1	0.002200220022	2	909
0.493934142114	0.00346620450607	2	0.0	0	0.0	0	0.0	0	577
0.649517684887	0.0	0	0.0	0	0.0	0	0.0	0	311
0.516260162602	0.00271002710027	2	0.00542005420054	4	0.00135501355014	1	0.0	0	738
0.562330623306	0.00406504065041	3	0.00135501355014	1	0.0	0	0.0	0	738
0.525164113786	0.00437636761488	2	0.00218818380744	1	0.0	0	0.0	0	457
0.595041322314	0.00550964187328	2	0.0	0	0.0	0	0.0	0	363
0.541401273885	0.00212314225053	1	0.00424628450106	2	0.0	0	0.0	0	471
0.445205479452	0.0176125244618	18	0.000978473581213	1	0.000978473581213	1	0.000978473581213	1	1022
0.502415458937	0.0024154589372	2	0.006038647343	5	0.0024154589372	2	0.0	0	828
0.50288184438	0.0014409221902	1	0.0014409221902	1	0.0	0	0.0	0	694
0.639344262295	0.0122950819672	3	0.0	0	0.0	0	0.0	0	244
0.527216174184	0.00466562986003	3	0.00466562986003	3	0.0	0	0.0	0	643
0.502608695652	0.00869565217391	5	0.0104347826087	6	0.00695652173913	4	0.0	0	575
0.556451612903	0.00134408602151	1	0.00806451612903	6	0.0	0	0.0	0	744
0.592519685039	0.00196850393701	1	0.0	0	0.00393700787402	2	0.0	0	508
0.437783832879	0.0	0	0.0172570390554	19	0.0	0	0.0	0	1101
0.611607142857	0.00892857142857	2	0.00446428571429	1	0.00892857142857	2	0.0	0	224
0.548742138365	0.00314465408805	2	0.00157232704403	1	0.0	0	0.0	0	636
0.58024691358	0.00740740740741	3	0.0	0	0.0	0	0.0	0	405
0.518518518519	0.00779727095517	4	0.0	0	0.00584795321637	3	0.0	0	513
0.611940298507	0.0	0	0.00746268656716	2	0.0	0	0.0	0	268
0.898550724638	0.0	0	0.0	0	0.0144927536232	1	0.0	0	69
0.546539379475	0.0	0	0.00238663484487	1	0.0	0	0.0	0	419
0.748031496063	0.00787401574803	1	0.0314960629921	4	0.0	0	0.0	0	127
0.741573033708	0.0112359550562	1	0.0	0	0.0	0	0.0	0	89
0.520055325035	0.00414937759336	3	0.00691562932227	5	0.0	0	0.0	0	723
0.54181184669	0.00174216027875	1	0.00348432055749	2	0.0	0	0.0	0	574
0.582278481013	0.0	0	0.00316455696203	1	0.0	0	0.0	0	316
0.629090909091	0.00363636363636	1	0.0	0	0.00363636363636	1	0.0	0	275
0.588815789474	0.0	0	0.0	0	0.0	0	0.0	0	304
0.514225500527	0.00632244467861	6	0.0115911485774	11	0.0	0	0.00526870389884	5	949
0.577777777778	0.0	0	0.0	0	0.00555555555556	1	0.0	0	180
0.6	0.0	0	0.0	0	0.0	0	0.0	0	520
0.470041322314	0.00309917355372	3	0.00206611570248	2	0.0	0	0.00103305785124	1	968
0.646766169154	0.0	0	0.0	0	0.0	0	0.0	0	201
0.63179916318	0.00209205020921	1	0.00209205020921	1	0.00418410041841	2	0.0	0	478
0.495305164319	0.00117370892019	1	0.00704225352113	6	0.0	0	0.00117370892019	1	852
0.569739952719	0.00709219858156	3	0.00236406619385	1	0.0	0	0.0	0	423
0.466101694915	0.00141242937853	1	0.00847457627119	6	0.0	0	0.0	0	708
0.628048780488	0.0	0	0.0182926829268	3	0.0	0	0.0	0	164
0.63133640553	0.0	0	0.0	0	0.0	0	0.0	0	217
0.56170212766	0.0	0	0.0063829787234	3	0.0	0	0.0	0	470
0.512520868114	0.0	0	0.00667779632721	4	0.0	0	0.0	0	599
0.967741935484	0.0	0	0.0	0	0.0	0	0.0	0	31
0.622580645161	0.0	0	0.00645161290323	2	0.0	0	0.0	0	310
0.564924114671	0.0	0	0.00168634064081	1	0.00337268128162	2	0.00168634064081	1	593
0.708333333333	0.0	0	0.0	0	0.0	0	0.0	0	216
0.670886075949	0.0	0	0.0	0	0.0	0	0.0	0	237
0.428682170543	0.00077519379845	1	0.00077519379845	1	0.0	0	0.0	0	1290
0.564377682403	0.00429184549356	2	0.0	0	0.00429184549356	2	0.0	0	466
0.553903345725	0.00743494423792	4	0.0	0	0.0	0	0.0	0	538
0.593650793651	0.0031746031746	1	0.0126984126984	4	0.0	0	0.0	0	315
0.540212443096	0.00303490136571	2	0.00606980273141	4	0.0	0	0.0	0	659
0.633928571429	0.00446428571429	1	0.00446428571429	1	0.0	0	0.0	0	224
0.668085106383	0.0	0	0.0	0	0.00425531914894	1	0.0	0	235
0.581081081081	0.0045045045045	1	0.0045045045045	1	0.0	0	0.0	0	222
0.622340425532	0.00797872340426	3	0.00265957446809	1	0.00531914893617	2	0.0	0	376
0.521806853583	0.00778816199377	5	0.00778816199377	5	0.00155763239875	1	0.0	0	642
0.577494692144	0.0	0	0.00212314225053	1	0.0	0	0.0	0	471
0.559157212318	0.0032414910859	2	0.0	0	0.0	0	0.0	0	617
0.515451174289	0.00123609394314	1	0.00370828182942	3	0.00123609394314	1	0.0	0	809
0.702247191011	0.0	0	0.0112359550562	2	0.0	0	0.0	0	178
0.520661157025	0.0	0	0.00826446280992	6	0.0	0	0.00275482093664	2	726
0.514957264957	0.00320512820513	3	0.00320512820513	3	0.00106837606838	1	0.0	0	936
0.586919104991	0.00344234079174	2	0.00172117039587	1	0.00688468158348	4	0.00516351118761	3	581
0.577830188679	0.0	0	0.00471698113208	2	0.0	0	0.0	0	424
0.468920392585	0.00327153762268	3	0.0	0	0.00109051254089	1	0.0	0	917
0.564516129032	0.0	0	0.0	0	0.0	0	0.00268817204301	1	372
0.631355932203	0.0	0	0.0	0	0.0	0	0.0	0	236
0.698224852071	0.00591715976331	1	0.0	0	0.0	0	0.0	0	169
1.0	0.0	0	0.0	0	0.0	0	0.0	0	6
0.494868871152	0.00684150513113	6	0.00342075256556	3	0.00114025085519	1	0.00342075256556	3	877
0.456621004566	0.00684931506849	6	0.00114155251142	1	0.0	0	0.0	0	876
0.499541704858	0.00366636113657	4	0.00733272227314	8	0.000916590284143	1	0.0	0	1091
0.543710021322	0.00426439232409	2	0.0	0	0.0	0	0.0	0	469
0.600502512563	0.0	0	0.0	0	0.0	0	0.0	0	398
0.640776699029	0.0	0	0.00970873786408	3	0.00647249190939	2	0.0	0	309
0.566801619433	0.0	0	0.00202429149798	1	0.00202429149798	1	0.0	0	494
1.0	0.0	0	0.0	0	0.0	0	0.0	0	32
0.428427419355	0.00604838709677	6	0.0	0	0.00604838709677	6	0.00403225806452	4	992
0.485416666667	0.00416666666667	4	0.00104166666667	1	0.003125	3	0.0	0	960
0.721153846154	0.0	0	0.0	0	0.0	0	0.0	0	312
0.897959183673	0.0204081632653	1	0.0	0	0.0	0	0.0	0	49
0.561696658098	0.0	0	0.0025706940874	2	0.0	0	0.0	0	778
0.646408839779	0.00552486187845	1	0.0	0	0.0	0	0.0	0	181
0.587064676617	0.00497512437811	2	0.00248756218905	1	0.0	0	0.0	0	402
0.621875	0.0	0	0.00625	2	0.0	0	0.003125	1	320
0.588785046729	0.0	0	0.0	0	0.0	0	0.0	0	214
1.0	0.0	0	0.0	0	0.0	0	0.0	0	13
0.801587301587	0.0	0	0.00793650793651	1	0.0	0	0.0	0	126
0.569620253165	0.0126582278481	3	0.0	0	0.0	0	0.0	0	237
0.671052631579	0.0	0	0.0	0	0.0	0	0.0	0	152
0.61937716263	0.00346020761246	1	0.0	0	0.00346020761246	1	0.0	0	289
0.591503267974	0.0	0	0.0	0	0.00326797385621	1	0.0	0	306
0.622641509434	0.0062893081761	1	0.0	0	0.0	0	0.0	0	159
0.366003062787	0.00229709035222	3	0.00306278713629	4	0.00689127105666	9	0.0	0	1306
0.490808823529	0.00275735294118	3	0.0	0	0.0	0	0.0	0	1088
0.532544378698	0.00591715976331	3	0.0	0	0.00394477317554	2	0.0	0	507
0.591224018476	0.00230946882217	1	0.00230946882217	1	0.00230946882217	1	0.0	0	433
0.646496815287	0.0031847133758	1	0.0	0	0.0	0	0.0	0	314
0.506692160612	0.0	0	0.0019120458891	1	0.0057361376673	3	0.0	0	523
0.395989974937	0.00300751879699	6	0.00601503759398	12	0.00350877192982	7	0.0015037593985	3	1995
0.528301886792	0.00188679245283	1	0.00188679245283	1	0.00377358490566	2	0.0	0	530
0.623762376238	0.0	0	0.003300330033	1	0.0	0	0.0	0	303
0.557894736842	0.00131578947368	1	0.00394736842105	3	0.00263157894737	2	0.0	0	760
0.543209876543	0.0	0	0.0	0	0.0	0	0.00308641975309	1	324
0.638356164384	0.0	0	0.0027397260274	1	0.0	0	0.0	0	365
0.436160298229	0.00279589934762	3	0.000931966449208	1	0.00465983224604	5	0.0	0	1073
0.458510638298	0.0031914893617	3	0.00212765957447	2	0.0	0	0.00212765957447	2	940
0.69512195122	0.0	0	0.0121951219512	2	0.0	0	0.0	0	164
0.851063829787	0.0	0	0.0	0	0.0	0	0.0	0	47
0.544827586207	0.0	0	0.0	0	0.00689655172414	2	0.0	0	290
0.46547314578	0.00511508951407	4	0.00255754475703	2	0.0	0	0.0	0	782
0.616216216216	0.0	0	0.0027027027027	1	0.0	0	0.0	0	370
0.479423868313	0.00411522633745	4	0.0	0	0.00308641975309	3	0.00102880658436	1	972
0.576492537313	0.0	0	0.00186567164179	1	0.0	0	0.0	0	536
0.69465648855	0.0	0	0.0	0	0.0	0	0.0	0	131
0.71676300578	0.00578034682081	1	0.0	0	0.0	0	0.0	0	173
0.666666666667	0.0151515151515	3	0.0	0	0.0	0	0.0	0	198
0.521551724138	0.0	0	0.0	0	0.00215517241379	1	0.0	0	464
0.641975308642	0.0	0	0.0	0	0.0	0	0.0	0	162
0.569115815691	0.00622665006227	5	0.0	0	0.00249066002491	2	0.00249066002491	2	803
0.628289473684	0.0	0	0.0230263157895	7	0.0	0	0.0	0	304
0.497382198953	0.00523560209424	5	0.00314136125654	3	0.00104712041885	1	0.0020942408377	2	955
0.562025316456	0.0	0	0.00253164556962	1	0.0	0	0.0	0	395
0.529300567108	0.00378071833648	2	0.00756143667297	4	0.00189035916824	1	0.00189035916824	1	529
0.909090909091	0.0	0	0.0	0	0.0	0	0.0	0	44
0.508771929825	0.0	0	0.00438596491228	3	0.00292397660819	2	0.00438596491228	3	684
0.525714285714	0.008	7	0.00571428571429	5	0.00114285714286	1	0.0	0	875
0.601208459215	0.0	0	0.0	0	0.0	0	0.0	0	331
0.532724505327	0.00608828006088	4	0.00152207001522	1	0.0	0	0.00152207001522	1	657
0.666666666667	0.00308641975309	1	0.0	0	0.0	0	0.0	0	324
0.629921259843	0.0	0	0.00787401574803	3	0.0	0	0.0	0	381
0.632850241546	0.0024154589372	1	0.0048309178744	2	0.0	0	0.0	0	414
0.5	0.00402144772118	3	0.00268096514745	2	0.0	0	0.0	0	746
0.563025210084	0.0	0	0.00840336134454	2	0.0	0	0.00420168067227	1	238
0.623853211009	0.0	0	0.00917431192661	2	0.0045871559633	1	0.0	0	218
0.723577235772	0.0	0	0.0	0	0.0	0	0.0	0	123
0.752	0.0	0	0.0	0	0.0	0	0.0	0	125
0.587837837838	0.0	0	0.0	0	0.0	0	0.0	0	444
0.613382899628	0.0	0	0.0	0	0.00743494423792	2	0.0	0	269
0.547920433996	0.00904159132007	5	0.0	0	0.0	0	0.0	0	553
0.81512605042	0.0	0	0.0168067226891	2	0.0	0	0.0	0	119
0.502895752896	0.0019305019305	2	0.00289575289575	3	0.000965250965251	1	0.0	0	1036
0.575801749271	0.00437317784257	3	0.0	0	0.00145772594752	1	0.00145772594752	1	686
0.623529411765	0.0	0	0.00294117647059	1	0.0	0	0.0	0	340
0.649851632047	0.0	0	0.0	0	0.00296735905045	1	0.0	0	337
0.524017467249	0.00145560407569	1	0.0	0	0.0	0	0.0	0	687
0.503138075314	0.0010460251046	1	0.00209205020921	2	0.0	0	0.00209205020921	2	956
0.663636363636	0.00909090909091	2	0.0	0	0.0	0	0.0	0	220
0.511226252159	0.00172711571675	1	0.0103626943005	6	0.00345423143351	2	0.0	0	579
0.642685851319	0.00719424460432	3	0.0	0	0.0	0	0.0	0	417
0.566878980892	0.0015923566879	1	0.0015923566879	1	0.00477707006369	3	0.0	0	628
0.497695852535	0.0	0	0.00153609831029	1	0.00460829493088	3	0.0	0	651
0.467987804878	0.00914634146341	6	0.0015243902439	1	0.0	0	0.0	0	656
0.603351955307	0.00279329608939	1	0.00558659217877	2	0.00279329608939	1	0.0	0	358
0.722891566265	0.0	0	0.0	0	0.0	0	0.0	0	83
0.406940063091	0.00315457413249	4	0.0102523659306	13	0.00394321766562	5	0.0	0	1268
0.645435244161	0.00424628450106	2	0.0	0	0.0	0	0.0	0	471
0.780952380952	0.0	0	0.0	0	0.0	0	0.0	0	105
0.452479338843	0.0051652892562	5	0.00206611570248	2	0.00103305785124	1	0.0	0	968
0.668202764977	0.0414746543779	9	0.0	0	0.0	0	0.0	0	217
0.872340425532	0.0	0	0.0	0	0.0	0	0.0	0	47
0.668269230769	0.0	0	0.0	0	0.0	0	0.00961538461538	2	208
0.476056338028	0.00845070422535	6	0.012676056338	9	0.0	0	0.0	0	710
0.519650655022	0.00218340611354	1	0.0174672489083	8	0.0	0	0.0	0	458
0.63	0.00333333333333	1	0.0	0	0.0	0	0.0	0	300
0.75	0.0	0	0.0	0	0.0	0	0.0	0	48
0.513440860215	0.00268817204301	2	0.00268817204301	2	0.0	0	0.0	0	744
0.83606557377	0.0	0	0.0	0	0.0	0	0.0	0	61
0.57183908046	0.0	0	0.00287356321839	1	0.0	0	0.0	0	348
0.460784313725	0.00196078431373	2	0.0127450980392	13	0.000980392156863	1	0.0	0	1020
0.668122270742	0.00436681222707	1	0.0	0	0.0	0	0.0	0	229
0.427247451344	0.00370713623726	4	0.00370713623726	4	0.00370713623726	4	0.00370713623726	4	1079
0.546448087432	0.00182149362477	1	0.00182149362477	1	0.0	0	0.0	0	549
0.393693263258	0.010989010989	23	0.00334448160535	7	0.00286669851887	6	0.00716674629718	15	2093
0.478666666667	0.00266666666667	2	0.00133333333333	1	0.0	0	0.0	0	750
0.688	0.032	4	0.0	0	0.0	0	0.0	0	125
0.632183908046	0.0	0	0.0	0	0.0	0	0.0	0	174
0.536486486486	0.00405405405405	3	0.0027027027027	2	0.0	0	0.0	0	740
0.512555391433	0.0	0	0.0	0	0.00147710487445	1	0.00147710487445	1	677
0.57358490566	0.0	0	0.0188679245283	5	0.0	0	0.0	0	265
0.517361111111	0.0173611111111	5	0.00347222222222	1	0.0	0	0.00347222222222	1	288
0.664335664336	0.0	0	0.00699300699301	1	0.0	0	0.0	0	143
0.463884430177	0.016051364366	10	0.016051364366	10	0.0016051364366	1	0.0	0	623
0.573134328358	0.0089552238806	3	0.00298507462687	1	0.00298507462687	1	0.0	0	335
0.654545454545	0.0181818181818	2	0.0	0	0.0	0	0.0	0	110
0.557553956835	0.0125899280576	7	0.0	0	0.0	0	0.0	0	556
0.663366336634	0.0	0	0.0	0	0.00247524752475	1	0.0	0	404
0.432714617169	0.00870069605568	15	0.00232018561485	4	0.00232018561485	4	0.00638051044084	11	1724
0.563829787234	0.0	0	0.0	0	0.00354609929078	1	0.0	0	282
0.717314487633	0.00353356890459	1	0.00706713780919	2	0.0	0	0.0	0	283
0.505514705882	0.00367647058824	2	0.0110294117647	6	0.0	0	0.0	0	544
0.719178082192	0.013698630137	2	0.0	0	0.0	0	0.0	0	146
0.429062768702	0.0	0	0.00773860705073	9	0.000859845227859	1	0.0	0	1163
0.814814814815	0.0	0	0.0	0	0.0	0	0.0	0	54
0.528787878788	0.00606060606061	4	0.0030303030303	2	0.0	0	0.0	0	660
0.688524590164	0.0	0	0.00546448087432	1	0.0	0	0.0	0	183
0.679425837321	0.0	0	0.0	0	0.0	0	0.0	0	209
0.551440329218	0.0082304526749	6	0.00960219478738	7	0.0	0	0.0	0	729
0.741496598639	0.0	0	0.00680272108844	1	0.0	0	0.0	0	147
0.620289855072	0.00579710144928	2	0.00869565217391	3	0.0	0	0.0	0	345
0.699248120301	0.0	0	0.015037593985	4	0.0	0	0.0	0	266
0.583333333333	0.010101010101	4	0.00252525252525	1	0.0	0	0.0	0	396
0.784722222222	0.0	0	0.0	0	0.0	0	0.0	0	144
0.576923076923	0.00607287449393	3	0.00202429149798	1	0.0	0	0.0	0	494
0.761061946903	0.0	0	0.0	0	0.0	0	0.0	0	113
0.371900826446	0.00190718372537	3	0.00635727908455	10	0.00317863954228	5	0.0	0	1573
0.712328767123	0.0	0	0.00456621004566	1	0.0	0	0.0	0	219
0.620209059233	0.0	0	0.0278745644599	8	0.0104529616725	3	0.0	0	287
0.851351351351	0.0	0	0.0	0	0.0	0	0.0	0	74
0.718367346939	0.0	0	0.0122448979592	3	0.0	0	0.0	0	245
0.647727272727	0.00568181818182	1	0.00568181818182	1	0.0	0	0.0	0	176
0.471982758621	0.00646551724138	3	0.00431034482759	2	0.0	0	0.0	0	464
1.0	0.0	0	0.0	0	0.0	0	0.0	0	19
0.810526315789	0.0105263157895	1	0.0	0	0.0	0	0.0	0	95
1.0	0.0	0	0.0	0	0.0	0	0.0	0	12
0.699588477366	0.0	0	0.0	0	0.0	0	0.0	0	243
0.660377358491	0.0	0	0.00943396226415	2	0.00471698113208	1	0.0	0	212
0.556910569106	0.00813008130081	4	0.010162601626	5	0.0020325203252	1	0.0020325203252	1	492
1.0	0.0	0	0.0	0	0.0	0	0.0	0	17
0.507438016529	0.00165289256198	1	0.0	0	0.0	0	0.0	0	605
0.9375	0.0	0	0.0	0	0.0	0	0.0	0	32
0.564102564103	0.0	0	0.0	0	0.0	0	0.0	0	429
0.715384615385	0.0	0	0.0	0	0.0	0	0.0	0	130
1.0	0.0	0	0.0	0	0.0	0	0.0	0	11
0.63829787234	0.0	0	0.00425531914894	2	0.0	0	0.0	0	470
0.746031746032	0.0	0	0.0	0	0.0	0	0.0	0	126
0.613545816733	0.0	0	0.00199203187251	1	0.0	0	0.0	0	502
0.704761904762	0.0	0	0.00952380952381	1	0.0	0	0.0	0	105
0.914285714286	0.0	0	0.0	0	0.0	0	0.0	0	35
0.8	0.0	0	0.0	0	0.0	0	0.0	0	110
0.643333333333	0.00666666666667	2	0.0	0	0.00333333333333	1	0.0	0	300
0.727272727273	0.0	0	0.0	0	0.0	0	0.0	0	165
0.594155844156	0.00649350649351	2	0.00649350649351	2	0.0	0	0.0	0	308
0.536324786325	0.00213675213675	1	0.00641025641026	3	0.00213675213675	1	0.0	0	468
0.566298342541	0.0	0	0.00276243093923	2	0.0	0	0.0	0	724
0.519047619048	0.00634920634921	4	0.00793650793651	5	0.0	0	0.0015873015873	1	630
0.566990291262	0.00776699029126	4	0.00194174757282	1	0.00194174757282	1	0.0	0	515
0.450721153846	0.00120192307692	1	0.00961538461538	8	0.0	0	0.0	0	832
0.859154929577	0.0	0	0.0	0	0.0	0	0.0	0	71
0.569672131148	0.00136612021858	1	0.00136612021858	1	0.0	0	0.0	0	732
0.531772575251	0.0	0	0.00167224080268	1	0.0	0	0.0	0	598
0.27716147209	0.00933262898398	53	0.00105652403592	6	0.00105652403592	6	0.00510653284029	29	5679
0.529865125241	0.0028901734104	3	0.000963391136802	1	0.000963391136802	1	0.0	0	1038
0.413468013468	0.003367003367	5	0.0047138047138	7	0.0	0	0.0	0	1485
0.528528528529	0.003003003003	2	0.0	0	0.0015015015015	1	0.0	0	666
0.406681190995	0.00217864923747	3	0.00145243282498	2	0.00217864923747	3	0.0	0	1377
0.66875	0.00625	1	0.0	0	0.0	0	0.0	0	160
0.537974683544	0.0	0	0.00379746835443	3	0.0	0	0.00126582278481	1	790
0.769230769231	0.0	0	0.00769230769231	1	0.0	0	0.0	0	130
0.421752738654	0.00704225352113	9	0.00312989045383	4	0.00391236306729	5	0.000782472613459	1	1278
0.541501976285	0.00395256916996	3	0.00395256916996	3	0.00395256916996	3	0.0	0	759
0.6	0.0	0	0.0210526315789	6	0.0	0	0.0	0	285
0.582474226804	0.0	0	0.0	0	0.00515463917526	1	0.0	0	194
0.259275053305	0.00724946695096	34	0.00170575692964	8	0.00191897654584	9	0.00234541577825	11	4690
0.475806451613	0.00672043010753	5	0.00403225806452	3	0.00806451612903	6	0.0	0	744
0.520282186949	0.0	0	0.00529100529101	3	0.0	0	0.0	0	567
0.690789473684	0.0	0	0.0	0	0.0	0	0.0	0	304
0.480836236934	0.00232288037166	2	0.00116144018583	1	0.00232288037166	2	0.0	0	861
0.407262569832	0.00502793296089	9	0.000558659217877	1	0.00111731843575	2	0.000558659217877	1	1790
0.482180293501	0.0	0	0.0020964360587	2	0.0020964360587	2	0.0	0	954
0.438223938224	0.0	0	0.0019305019305	1	0.0	0	0.0	0	518
0.585790884718	0.0	0	0.00402144772118	3	0.0	0	0.0	0	746
0.561379310345	0.00689655172414	5	0.00551724137931	4	0.0	0	0.00275862068966	2	725
0.568181818182	0.00681818181818	3	0.0	0	0.0	0	0.0	0	440
0.541198501873	0.0	0	0.0	0	0.0	0	0.0	0	534
0.565860215054	0.00134408602151	1	0.00672043010753	5	0.0	0	0.0	0	744
0.464146023468	0.00521512385919	4	0.0026075619296	2	0.0013037809648	1	0.0013037809648	1	767
0.409230769231	0.00102564102564	1	0.00102564102564	1	0.00205128205128	2	0.00102564102564	1	975
0.677852348993	0.0134228187919	2	0.00671140939597	1	0.0134228187919	2	0.0	0	149
0.847457627119	0.0	0	0.0	0	0.0	0	0.0	0	59
0.754545454545	0.0	0	0.00909090909091	1	0.0	0	0.0	0	110
0.662393162393	0.0	0	0.0	0	0.0	0	0.0	0	234
0.690476190476	0.0047619047619	1	0.0	0	0.0	0	0.0	0	210
0.646616541353	0.0125313283208	5	0.0	0	0.0	0	0.0	0	399
0.614427860697	0.0	0	0.0	0	0.0	0	0.0	0	402
0.635294117647	0.00294117647059	1	0.0	0	0.0	0	0.0	0	340
0.552123552124	0.0	0	0.0	0	0.0	0	0.0	0	518
0.612244897959	0.00255102040816	1	0.0	0	0.0	0	0.0	0	392
0.6472303207	0.0	0	0.00291545189504	1	0.00291545189504	1	0.0	0	343
0.692640692641	0.0	0	0.017316017316	4	0.0	0	0.0	0	231
0.594366197183	0.00845070422535	3	0.0056338028169	2	0.0	0	0.0	0	355
0.453431372549	0.00571895424837	7	0.000816993464052	1	0.0	0	0.0	0	1224
0.69	0.0	0	0.005	1	0.0	0	0.0	0	200
0.607981220657	0.0	0	0.0	0	0.0	0	0.0	0	426
0.744827586207	0.0	0	0.0	0	0.0	0	0.0	0	145
0.684563758389	0.0	0	0.0	0	0.0	0	0.0	0	149
0.825581395349	0.0	0	0.0	0	0.0	0	0.0	0	86
0.670212765957	0.0	0	0.0	0	0.0	0	0.0	0	188
0.726618705036	0.0	0	0.0	0	0.0	0	0.0	0	139
0.60987654321	0.0	0	0.00246913580247	1	0.0	0	0.0	0	405
0.806451612903	0.0	0	0.0	0	0.0	0	0.0	0	31
0.637992831541	0.010752688172	3	0.00358422939068	1	0.0	0	0.0	0	279
0.650684931507	0.0	0	0.0	0	0.0	0	0.0	0	146
0.553113553114	0.0	0	0.0	0	0.0	0	0.0	0	273
0.600529100529	0.00529100529101	2	0.00529100529101	2	0.0	0	0.0	0	378
0.472556894244	0.0133868808568	10	0.0	0	0.00133868808568	1	0.00133868808568	1	747
0.634920634921	0.0	0	0.0	0	0.0	0	0.0	0	252
0.643258426966	0.00561797752809	2	0.00280898876404	1	0.0	0	0.0	0	356
1.0	0.0	0	0.0	0	0.0	0	0.0	0	9
0.865168539326	0.0	0	0.0	0	0.0	0	0.0	0	89
0.655462184874	0.0	0	0.0	0	0.0	0	0.0	0	238
0.692307692308	0.0	0	0.0	0	0.0	0	0.0	0	208
0.624584717608	0.0	0	0.0	0	0.0	0	0.0	0	301
0.4975	0.0075	6	0.0025	2	0.0	0	0.0	0	800
0.530708661417	0.00472440944882	3	0.00314960629921	2	0.00157480314961	1	0.0	0	635
0.510324483776	0.0	0	0.00294985250737	1	0.0	0	0.0	0	339
0.4451901566	0.00223713646532	2	0.00111856823266	1	0.00111856823266	1	0.0	0	894
0.59067357513	0.0	0	0.0	0	0.0	0	0.0	0	386
0.551020408163	0.0	0	0.00156985871272	1	0.0	0	0.0	0	637
0.494029850746	0.0044776119403	3	0.00149253731343	1	0.0044776119403	3	0.00149253731343	1	670
0.469318181818	0.00227272727273	2	0.00454545454545	4	0.00227272727273	2	0.00113636363636	1	880
0.583333333333	0.0	0	0.0	0	0.0	0	0.0	0	324
0.474694589878	0.00349040139616	2	0.0	0	0.00349040139616	2	0.0	0	573
0.628691983122	0.0168776371308	4	0.0	0	0.0	0	0.0	0	237
0.549145299145	0.0149572649573	7	0.00213675213675	1	0.0	0	0.0	0	468
0.548223350254	0.0	0	0.0	0	0.00169204737733	1	0.00169204737733	1	591
0.532908704883	0.0	0	0.00212314225053	1	0.0	0	0.0	0	471
0.554119547658	0.0113085621971	7	0.0064620355412	4	0.0	0	0.0016155088853	1	619
0.574938574939	0.0	0	0.012285012285	5	0.0	0	0.0	0	407
0.65625	0.0	0	0.0	0	0.0	0	0.0	0	128
0.638728323699	0.0028901734104	1	0.0028901734104	1	0.0	0	0.0	0	346
0.580912863071	0.00414937759336	2	0.00207468879668	1	0.0	0	0.0	0	482
0.726708074534	0.00621118012422	1	0.0	0	0.0	0	0.0	0	161
0.535714285714	0.0	0	0.00238095238095	1	0.00238095238095	1	0.0	0	420
0.563858695652	0.00135869565217	1	0.00135869565217	1	0.0	0	0.0	0	736
0.636363636364	0.003367003367	1	0.0	0	0.003367003367	1	0.0	0	297
0.528180354267	0.00966183574879	6	0.00644122383253	4	0.0	0	0.0	0	621
0.418639053254	0.000739644970414	1	0.0118343195266	16	0.000739644970414	1	0.0	0	1352
0.627692307692	0.0	0	0.00307692307692	1	0.0	0	0.0	0	325
0.554778554779	0.0034965034965	3	0.0	0	0.002331002331	2	0.0	0	858
0.644444444444	0.0	0	0.0	0	0.0	0	0.00444444444444	1	225
0.655063291139	0.0	0	0.0	0	0.0	0	0.0	0	316
0.481132075472	0.00104821802935	1	0.0041928721174	4	0.0020964360587	2	0.0	0	954
0.448507462687	0.00149253731343	2	0.00223880597015	3	0.000746268656716	1	0.000746268656716	1	1340
0.539215686275	0.00392156862745	2	0.0117647058824	6	0.0	0	0.0	0	510
0.568822553897	0.0	0	0.00497512437811	3	0.0016583747927	1	0.0	0	603
0.50645994832	0.00129198966408	1	0.00129198966408	1	0.00258397932817	2	0.0	0	774
0.530158730159	0.0	0	0.00634920634921	4	0.0015873015873	1	0.0031746031746	2	630
0.572792362768	0.00238663484487	1	0.00238663484487	1	0.0	0	0.0	0	419
0.529069767442	0.00872093023256	6	0.0	0	0.0	0	0.0	0	688
0.526205450734	0.0	0	0.0	0	0.0020964360587	1	0.0	0	477
0.608695652174	0.00790513833992	2	0.0118577075099	3	0.0118577075099	3	0.0	0	253
0.466501240695	0.0	0	0.00744416873449	3	0.00248138957816	1	0.0	0	403
0.518987341772	0.00506329113924	4	0.00253164556962	2	0.00126582278481	1	0.00126582278481	1	790
0.469465648855	0.00381679389313	2	0.00572519083969	3	0.0	0	0.0	0	524
0.575203252033	0.0020325203252	1	0.0020325203252	1	0.0	0	0.0	0	492
0.731343283582	0.0	0	0.00746268656716	1	0.0	0	0.0	0	134
0.44089456869	0.00212992545261	2	0.00745473908413	7	0.00319488817891	3	0.0	0	939
0.644670050761	0.00507614213198	1	0.00507614213198	1	0.0152284263959	3	0.0	0	197
0.513846153846	0.00307692307692	2	0.00307692307692	2	0.0	0	0.0	0	650
0.526675786594	0.00136798905609	1	0.00273597811218	2	0.0	0	0.0	0	731
0.432624113475	0.000591016548463	1	0.00118203309693	2	0.000591016548463	1	0.0	0	1692
0.721590909091	0.0	0	0.00568181818182	1	0.0	0	0.0	0	176
0.521957340025	0.00250941028858	2	0.00376411543287	3	0.0	0	0.0	0	797
0.5329218107	0.00308641975309	3	0.00102880658436	1	0.0	0	0.0	0	972
0.565552699229	0.0	0	0.0	0	0.0	0	0.0	0	389
0.501322751323	0.00396825396825	3	0.0026455026455	2	0.0	0	0.0	0	756
0.716417910448	0.0	0	0.0	0	0.0	0	0.0	0	134
0.683098591549	0.0	0	0.0	0	0.0	0	0.0	0	284
0.550200803213	0.00267737617135	2	0.00401606425703	3	0.0	0	0.0	0	747
0.644295302013	0.0	0	0.0	0	0.0134228187919	4	0.0	0	298
0.544600938967	0.00821596244131	7	0.00352112676056	3	0.00117370892019	1	0.0	0	852
0.526867627785	0.00393184796855	3	0.00524246395806	4	0.00131061598952	1	0.0	0	763
0.601769911504	0.0	0	0.00221238938053	1	0.0	0	0.0	0	452
0.483905579399	0.00107296137339	1	0.00107296137339	1	0.00107296137339	1	0.00107296137339	1	932
0.497841726619	0.00143884892086	1	0.00719424460432	5	0.00143884892086	1	0.00431654676259	3	695
0.580586080586	0.0018315018315	1	0.00549450549451	3	0.0	0	0.0	0	546
0.682051282051	0.0025641025641	1	0.0025641025641	1	0.0	0	0.0	0	390
0.518018018018	0.0015015015015	1	0.0015015015015	1	0.0	0	0.0	0	666
0.344007763222	0.00291120815138	6	0.0145560407569	30	0.00485201358564	10	0.000485201358564	1	2061
0.756944444444	0.0	0	0.00694444444444	1	0.0	0	0.0	0	144
0.603535353535	0.010101010101	4	0.00252525252525	1	0.00505050505051	2	0.00252525252525	1	396
0.599476439791	0.00261780104712	1	0.0	0	0.0	0	0.0	0	382
0.447784810127	0.00316455696203	2	0.00791139240506	5	0.00474683544304	3	0.0	0	632
0.527503526093	0.00423131170663	3	0.00141043723554	1	0.00141043723554	1	0.0	0	709
0.638190954774	0.0100502512563	2	0.0	0	0.00502512562814	1	0.0	0	199
0.731543624161	0.0	0	0.0	0	0.0	0	0.0	0	149
0.657276995305	0.0	0	0.0	0	0.0	0	0.0	0	213
0.393555811277	0.00230149597238	2	0.00115074798619	1	0.00460299194476	4	0.0	0	869
0.678899082569	0.0	0	0.0	0	0.0	0	0.0	0	109
0.673202614379	0.0	0	0.0	0	0.0	0	0.0	0	153
0.659340659341	0.0	0	0.0	0	0.0	0	0.00549450549451	1	182
0.615023474178	0.00234741784038	1	0.00234741784038	1	0.0	0	0.00234741784038	1	426
0.617737003058	0.0	0	0.00305810397554	1	0.0	0	0.0	0	327
0.420387531592	0.0	0	0.00421229991575	5	0.000842459983151	1	0.000842459983151	1	1187
0.506765067651	0.00369003690037	3	0.00369003690037	3	0.00123001230012	1	0.0	0	813
0.531450577664	0.0	0	0.0012836970475	1	0.0	0	0.0	0	779
0.647058823529	0.0	0	0.00470588235294	2	0.0	0	0.0	0	425
0.655870445344	0.0	0	0.0	0	0.0	0	0.0	0	247
0.731707317073	0.0	0	0.0	0	0.0	0	0.0	0	123
0.568298969072	0.00257731958763	2	0.00128865979381	1	0.0	0	0.00257731958763	2	776
0.531375166889	0.00534045393858	4	0.00667556742323	5	0.00133511348465	1	0.0	0	749
0.632411067194	0.0118577075099	3	0.00790513833992	2	0.00395256916996	1	0.0	0	253
0.442218798151	0.00462249614792	3	0.00770416024653	5	0.00154083204931	1	0.0	0	649
0.458823529412	0.00235294117647	1	0.00941176470588	4	0.00235294117647	1	0.0	0	425
0.719512195122	0.0	0	0.0	0	0.0	0	0.0	0	82
0.559270516717	0.00455927051672	3	0.0	0	0.0	0	0.0	0	658
0.612307692308	0.0153846153846	5	0.0	0	0.00307692307692	1	0.0	0	325
0.639722863741	0.00230946882217	1	0.00230946882217	1	0.0	0	0.0	0	433
0.66015625	0.0	0	0.00390625	1	0.00390625	1	0.0	0	256
0.5546875	0.0	0	0.0015625	1	0.0015625	1	0.0	0	640
0.651079136691	0.0	0	0.0215827338129	6	0.0	0	0.0	0	278
0.608974358974	0.0	0	0.00320512820513	1	0.0	0	0.0	0	312
0.575221238938	0.00294985250737	1	0.0117994100295	4	0.0	0	0.0	0	339
0.622828784119	0.00248138957816	1	0.0	0	0.00248138957816	1	0.0	0	403
0.46877673225	0.00256629597947	3	0.0	0	0.000855431993157	1	0.0	0	1169
0.406403940887	0.00246305418719	6	0.00410509031199	10	0.0012315270936	3	0.000410509031199	1	2436
1.0	0.0555555555556	1	0.0	0	0.0	0	0.0	0	18
0.536756126021	0.0046674445741	4	0.0046674445741	4	0.00583430571762	5	0.0046674445741	4	857
0.51497005988	0.00399201596806	2	0.00199600798403	1	0.0	0	0.00399201596806	2	501
0.552123552124	0.0	0	0.00772200772201	4	0.0019305019305	1	0.0	0	518
0.605898123324	0.0	0	0.00268096514745	1	0.0	0	0.00268096514745	1	373
0.570219966159	0.0	0	0.0	0	0.00169204737733	1	0.0	0	591
0.525498891353	0.00221729490022	1	0.0	0	0.0	0	0.0	0	451
0.600600600601	0.0	0	0.0	0	0.0	0	0.003003003003	1	333
0.60350877193	0.0	0	0.0	0	0.0	0	0.0	0	285
0.549114331723	0.0	0	0.0	0	0.00322061191626	2	0.0	0	621
0.550724637681	0.0	0	0.0	0	0.0018115942029	1	0.0	0	552
0.552325581395	0.00436046511628	3	0.00436046511628	3	0.0	0	0.00290697674419	2	688
0.6171875	0.0	0	0.00260416666667	1	0.0	0	0.0	0	384
0.522045855379	0.0	0	0.00352733686067	2	0.0	0	0.0	0	567
0.423902894491	0.00280112044818	3	0.00186741363212	2	0.0	0	0.0	0	1071
0.539726027397	0.0027397260274	1	0.0	0	0.0	0	0.0	0	365
0.679536679537	0.003861003861	1	0.00772200772201	2	0.0	0	0.0	0	259
0.515991471215	0.0	0	0.00106609808102	1	0.00106609808102	1	0.0	0	938
0.507407407407	0.0037037037037	3	0.00123456790123	1	0.0	0	0.0	0	810
0.452156334232	0.000673854447439	1	0.00808625336927	12	0.00202156334232	3	0.0	0	1484
0.47880041365	0.00103412616339	1	0.00827300930714	8	0.0	0	0.0	0	967
0.53875476493	0.00381194409149	3	0.0	0	0.00508259212198	4	0.0	0	787
0.439670932358	0.00091407678245	1	0.0219378427788	24	0.00091407678245	1	0.0	0	1094
0.528301886792	0.00566037735849	3	0.0	0	0.00188679245283	1	0.0	0	530
0.509114583333	0.00390625	3	0.00130208333333	1	0.0	0	0.0	0	768
0.622291021672	0.0061919504644	2	0.0	0	0.0	0	0.0	0	323
0.5425	0.005	2	0.0	0	0.0075	3	0.0	0	400
0.662857142857	0.0	0	0.0	0	0.0	0	0.0	0	175
0.489905787349	0.00269179004038	2	0.00269179004038	2	0.0	0	0.00269179004038	2	743
0.515267175573	0.00254452926209	2	0.0089058524173	7	0.00127226463104	1	0.00127226463104	1	786
0.484090909091	0.0	0	0.0	0	0.0	0	0.0	0	440
0.466205837174	0.00921658986175	12	0.00460829493088	6	0.00153609831029	2	0.000768049155146	1	1302
0.618556701031	0.0	0	0.0	0	0.0	0	0.0	0	291
0.423797881011	0.00162999185004	2	0.0130399348003	16	0.00081499592502	1	0.0	0	1227
0.57650273224	0.00273224043716	1	0.0	0	0.00273224043716	1	0.0	0	366
0.424528301887	0.0	0	0.00404312668464	3	0.00134770889488	1	0.00134770889488	1	742
0.502915451895	0.0	0	0.00583090379009	4	0.0	0	0.00145772594752	1	686
0.708994708995	0.00529100529101	1	0.00529100529101	1	0.0	0	0.0	0	189
0.591259640103	0.00514138817481	2	0.0	0	0.0025706940874	1	0.0	0	389
0.665680473373	0.0	0	0.00295857988166	1	0.0	0	0.0	0	338
0.654155495979	0.0	0	0.00268096514745	1	0.0	0	0.0	0	373
0.573891625616	0.0	0	0.00246305418719	1	0.0	0	0.0	0	406
0.609442060086	0.0	0	0.00429184549356	2	0.0	0	0.0	0	466
0.474489795918	0.0	0	0.00382653061224	3	0.00127551020408	1	0.0	0	784
0.651452282158	0.00829875518672	2	0.0	0	0.00414937759336	1	0.0	0	241
0.613180515759	0.0	0	0.0	0	0.0	0	0.0	0	349
0.561855670103	0.0	0	0.00257731958763	1	0.0	0	0.0	0	388
0.544631306598	0.0025873221216	2	0.0025873221216	2	0.0	0	0.0	0	773
0.516324981017	0.0	0	0.00227790432802	3	0.0	0	0.0	0	1317
0.525485436893	0.0	0	0.00121359223301	1	0.00121359223301	1	0.00121359223301	1	824
0.452282157676	0.00138312586445	1	0.00276625172891	2	0.0	0	0.0	0	723
0.638888888889	0.00347222222222	1	0.0	0	0.0	0	0.00347222222222	1	288
0.475433526012	0.0130057803468	9	0.0014450867052	1	0.0	0	0.0	0	692
0.548387096774	0.0	0	0.0	0	0.0	0	0.0	0	496
