0.697802197802	0.010989010989	2	0.0	0	0.0	0	0.0	0	182
0.528985507246	0.0024154589372	1	0.0048309178744	2	0.0024154589372	1	0.0	0	414
0.562711864407	0.0118644067797	7	0.0	0	0.0	0	0.0	0	590
0.497101449275	0.00289855072464	2	0.00144927536232	1	0.0	0	0.0	0	690
0.506641366224	0.00189753320683	1	0.00379506641366	2	0.0	0	0.0	0	527
0.611374407583	0.0	0	0.0	0	0.0	0	0.0	0	211
0.605042016807	0.0	0	0.0	0	0.0	0	0.0	0	357
0.522222222222	0.0037037037037	2	0.00185185185185	1	0.0	0	0.0	0	540
0.527377521614	0.0028818443804	1	0.0	0	0.0	0	0.0	0	347
0.633802816901	0.0105633802817	3	0.0	0	0.0	0	0.0	0	284
0.63696369637	0.013201320132	4	0.0	0	0.0	0	0.0	0	303
0.486652977413	0.0041067761807	2	0.0082135523614	4	0.0	0	0.0	0	487
0.529535864979	0.0	0	0.0042194092827	2	0.0	0	0.0	0	474
0.547697368421	0.00986842105263	6	0.0	0	0.0	0	0.0	0	608
0.496717724289	0.0	0	0.0	0	0.0	0	0.0	0	457
0.56608478803	0.00498753117207	2	0.0	0	0.00249376558603	1	0.0	0	401
0.557177615572	0.00243309002433	1	0.0	0	0.0	0	0.00243309002433	1	411
0.63679245283	0.0	0	0.0	0	0.0	0	0.0	0	212
0.539548022599	0.0	0	0.0	0	0.0	0	0.0	0	354
0.580474934037	0.0105540897098	4	0.00263852242744	1	0.0	0	0.0	0	379
0.553719008264	0.0	0	0.00550964187328	2	0.0	0	0.0	0	363
0.576576576577	0.0	0	0.0	0	0.0	0	0.0	0	333
0.713178294574	0.0	0	0.0	0	0.0	0	0.0	0	129
0.533769063181	0.0	0	0.0	0	0.0	0	0.0	0	459
0.653333333333	0.0	0	0.0	0	0.0	0	0.0	0	300
0.586797066015	0.0	0	0.00733496332518	3	0.0	0	0.0	0	409
0.595505617978	0.0	0	0.0262172284644	7	0.0	0	0.0	0	267
0.642201834862	0.0	0	0.0	0	0.0	0	0.0	0	218
0.51711026616	0.0	0	0.0	0	0.0	0	0.0	0	526
0.541860465116	0.00232558139535	1	0.00232558139535	1	0.0046511627907	2	0.0	0	430
0.686813186813	0.0	0	0.00549450549451	1	0.0	0	0.0	0	182
0.636042402827	0.00706713780919	2	0.0	0	0.0	0	0.0	0	283
0.553106212425	0.0	0	0.00400801603206	2	0.0	0	0.0	0	499
0.539408866995	0.00492610837438	2	0.0	0	0.0	0	0.0	0	406
0.662393162393	0.0	0	0.0042735042735	1	0.0	0	0.0	0	234
0.591666666667	0.0	0	0.0	0	0.0	0	0.0	0	240
0.661691542289	0.00497512437811	1	0.0	0	0.0	0	0.0	0	201
0.670886075949	0.0	0	0.0	0	0.0	0	0.00632911392405	1	158
0.638392857143	0.00446428571429	1	0.0	0	0.0	0	0.0	0	224
0.454154727794	0.00143266475645	1	0.0	0	0.00429799426934	3	0.0	0	698
0.628378378378	0.0	0	0.0	0	0.0	0	0.0	0	148
0.585034013605	0.0	0	0.0	0	0.0	0	0.0	0	147
0.451086956522	0.0	0	0.00724637681159	4	0.0018115942029	1	0.0	0	552
0.552346570397	0.0	0	0.0	0	0.0	0	0.0	0	277
0.576512455516	0.0	0	0.00355871886121	1	0.0	0	0.0	0	281
0.612745098039	0.00490196078431	1	0.0	0	0.0	0	0.0	0	204
0.573934837093	0.00751879699248	3	0.0	0	0.0	0	0.0	0	399
0.53550295858	0.00591715976331	2	0.0	0	0.0	0	0.0	0	338
0.386692381871	0.00675024108004	7	0.0	0	0.0	0	0.0	0	1037
0.516129032258	0.00358422939068	2	0.00179211469534	1	0.0	0	0.0	0	558
0.620535714286	0.0	0	0.0	0	0.0	0	0.0	0	224
0.545267489712	0.0	0	0.00205761316872	1	0.0	0	0.0	0	486
0.564920273349	0.0250569476082	11	0.00227790432802	1	0.0	0	0.0	0	439
0.706806282723	0.00523560209424	1	0.0	0	0.0	0	0.0	0	191
0.582608695652	0.0	0	0.0	0	0.0	0	0.0	0	230
0.634453781513	0.0	0	0.0	0	0.0	0	0.0	0	238
0.55795148248	0.00269541778976	1	0.0	0	0.0	0	0.0	0	371
0.521197007481	0.00498753117207	2	0.0	0	0.0	0	0.0	0	401
0.645061728395	0.0	0	0.0	0	0.0	0	0.0	0	324
0.548235294118	0.00470588235294	2	0.00705882352941	3	0.00235294117647	1	0.00235294117647	1	425
0.5368956743	0.0	0	0.00254452926209	1	0.0	0	0.0	0	393
0.75	0.0	0	0.00833333333333	1	0.0	0	0.0	0	120
0.643171806167	0.00440528634361	1	0.0	0	0.0	0	0.0	0	227
0.576819407008	0.00269541778976	1	0.00269541778976	1	0.0	0	0.0	0	371
0.523746701847	0.00263852242744	2	0.0	0	0.0	0	0.0	0	758
0.489065606362	0.00596421471173	3	0.0	0	0.0	0	0.00397614314115	2	503
0.603174603175	0.0031746031746	1	0.0031746031746	1	0.0	0	0.0	0	315
0.493788819876	0.0134575569358	13	0.00103519668737	1	0.00310559006211	3	0.0	0	966
0.559726962457	0.0	0	0.0	0	0.0	0	0.0	0	293
0.400471142521	0.00353356890459	6	0.00412249705536	7	0.0017667844523	3	0.0	0	1698
0.55939524838	0.00431965442765	2	0.0107991360691	5	0.0	0	0.0	0	463
0.465753424658	0.0013698630137	1	0.00547945205479	4	0.0027397260274	2	0.0027397260274	2	730
0.551898734177	0.0101265822785	4	0.0	0	0.0	0	0.0	0	395
0.632352941176	0.00367647058824	1	0.0	0	0.0	0	0.0	0	272
0.588709677419	0.00806451612903	3	0.0	0	0.00268817204301	1	0.0	0	372
0.55710955711	0.0	0	0.00932400932401	4	0.0	0	0.0	0	429
0.648648648649	0.0	0	0.00540540540541	1	0.0	0	0.0	0	185
0.66028708134	0.00478468899522	1	0.0	0	0.0	0	0.0	0	209
0.476363636364	0.00242424242424	2	0.00121212121212	1	0.00242424242424	2	0.00363636363636	3	825
0.670520231214	0.0	0	0.0115606936416	2	0.00578034682081	1	0.0	0	173
0.590330788804	0.00763358778626	3	0.00254452926209	1	0.0	0	0.0	0	393
0.575883575884	0.004158004158	2	0.002079002079	1	0.002079002079	1	0.002079002079	1	481
0.607894736842	0.0	0	0.0	0	0.0	0	0.0	0	380
0.645038167939	0.00381679389313	1	0.0	0	0.0	0	0.0	0	262
0.532876712329	0.0013698630137	1	0.0027397260274	2	0.0027397260274	2	0.0	0	730
0.641791044776	0.00597014925373	2	0.0	0	0.0	0	0.0	0	335
0.633204633205	0.0	0	0.003861003861	1	0.0	0	0.0	0	259
0.569288389513	0.00187265917603	1	0.00374531835206	2	0.0	0	0.0	0	534
0.642405063291	0.00949367088608	3	0.0	0	0.0	0	0.0	0	316
0.611683848797	0.0137457044674	4	0.0	0	0.0	0	0.0	0	291
0.65404040404	0.0	0	0.0	0	0.0	0	0.0	0	396
0.574279379157	0.00443458980044	2	0.00221729490022	1	0.0	0	0.0	0	451
0.604719764012	0.0	0	0.00294985250737	1	0.0	0	0.0	0	339
0.513212795549	0.0125173852573	9	0.0	0	0.0	0	0.00139082058414	1	719
0.661458333333	0.0	0	0.0	0	0.00520833333333	1	0.0	0	192
0.482649842271	0.00236593059937	3	0.0	0	0.0	0	0.0	0	1268
0.60546875	0.00390625	1	0.0	0	0.0	0	0.0	0	256
0.685897435897	0.0	0	0.00641025641026	1	0.0	0	0.0	0	156
0.658333333333	0.0125	3	0.0	0	0.0	0	0.0	0	240
0.730769230769	0.0	0	0.00480769230769	1	0.00961538461538	2	0.0	0	208
0.583333333333	0.0170454545455	9	0.0	0	0.00189393939394	1	0.0	0	528
0.668508287293	0.0	0	0.0	0	0.0	0	0.0	0	362
0.550161812298	0.0	0	0.00323624595469	1	0.00323624595469	1	0.0	0	309
0.48833819242	0.0	0	0.00874635568513	6	0.00291545189504	2	0.0	0	686
0.503225806452	0.00161290322581	1	0.00161290322581	1	0.0	0	0.0	0	620
0.623134328358	0.0	0	0.0	0	0.0	0	0.0	0	268
0.556129032258	0.00258064516129	2	0.0	0	0.0	0	0.0	0	775
0.663157894737	0.0	0	0.0	0	0.0	0	0.0	0	190
0.668016194332	0.0	0	0.0	0	0.0	0	0.0	0	247
0.55652173913	0.0	0	0.0	0	0.0	0	0.0	0	345
0.577023498695	0.0	0	0.0104438642298	4	0.0	0	0.0	0	383
0.608465608466	0.010582010582	4	0.0	0	0.0	0	0.0	0	378
0.560364464692	0.00227790432802	1	0.0	0	0.0	0	0.0	0	439
0.512336719884	0.00290275761974	2	0.0101596516691	7	0.0	0	0.0	0	689
0.451428571429	0.00171428571429	3	0.000571428571429	1	0.0	0	0.000571428571429	1	1750
0.700598802395	0.0	0	0.0	0	0.0	0	0.0	0	167
0.63082437276	0.00716845878136	2	0.0	0	0.0	0	0.0	0	279
0.476666666667	0.00666666666667	4	0.0	0	0.0	0	0.0	0	600
0.755952380952	0.0	0	0.0	0	0.0	0	0.0	0	168
0.544262295082	0.0	0	0.00327868852459	1	0.0	0	0.0	0	305
0.526854219949	0.00383631713555	3	0.00255754475703	2	0.00127877237852	1	0.0	0	782
0.660714285714	0.00446428571429	1	0.0	0	0.0	0	0.0	0	224
0.580578512397	0.00413223140496	2	0.00206611570248	1	0.0	0	0.0	0	484
0.416302765648	0.00727802037846	5	0.00436681222707	3	0.00291120815138	2	0.0	0	687
0.556756756757	0.0027027027027	1	0.0	0	0.0	0	0.0	0	370
0.575342465753	0.0	0	0.0	0	0.00342465753425	1	0.0	0	292
0.485165794066	0.00349040139616	2	0.00174520069808	1	0.0	0	0.00174520069808	1	573
0.592465753425	0.0	0	0.0	0	0.0	0	0.0	0	292
0.601078167116	0.0	0	0.0	0	0.00269541778976	1	0.0	0	371
0.567741935484	0.0150537634409	7	0.0	0	0.00215053763441	1	0.0	0	465
0.63137254902	0.0	0	0.0078431372549	2	0.0	0	0.0	0	255
0.727941176471	0.0147058823529	2	0.0	0	0.0	0	0.0	0	136
0.540201005025	0.0	0	0.00753768844221	3	0.0	0	0.00251256281407	1	398
0.578512396694	0.0	0	0.00413223140496	1	0.0	0	0.0	0	242
0.539291217257	0.00154083204931	1	0.00462249614792	3	0.0	0	0.0	0	649
0.578189300412	0.0	0	0.0082304526749	4	0.0	0	0.0	0	486
0.560240963855	0.00602409638554	3	0.0	0	0.0	0	0.0	0	498
0.475806451613	0.0	0	0.0	0	0.0	0	0.0	0	620
0.567901234568	0.00617283950617	4	0.00154320987654	1	0.0	0	0.0	0	648
0.653225806452	0.00403225806452	1	0.0	0	0.0	0	0.0	0	248
0.702702702703	0.0101351351351	3	0.0	0	0.0	0	0.0	0	296
0.627240143369	0.00716845878136	2	0.00358422939068	1	0.0	0	0.0	0	279
0.606060606061	0.00275482093664	1	0.00275482093664	1	0.0	0	0.0	0	363
0.666666666667	0.0	0	0.0	0	0.0	0	0.0	0	180
0.708542713568	0.0	0	0.00502512562814	1	0.0	0	0.0	0	199
0.648351648352	0.00659340659341	3	0.00659340659341	3	0.0	0	0.0	0	455
0.508828250401	0.0112359550562	7	0.0	0	0.0	0	0.0	0	623
0.565543071161	0.0	0	0.0	0	0.0	0	0.0	0	267
0.598939929329	0.00353356890459	2	0.00353356890459	2	0.0	0	0.0017667844523	1	566
0.65671641791	0.00597014925373	2	0.00597014925373	2	0.00298507462687	1	0.0	0	335
0.758241758242	0.0	0	0.0	0	0.0	0	0.0	0	182
0.603686635945	0.00691244239631	3	0.0	0	0.0	0	0.0	0	434
0.567567567568	0.003003003003	1	0.0	0	0.0	0	0.003003003003	1	333
0.445337620579	0.008038585209	5	0.0016077170418	1	0.0	0	0.0	0	622
0.637393767705	0.0056657223796	2	0.0056657223796	2	0.0	0	0.0	0	353
0.585454545455	0.0	0	0.0	0	0.0	0	0.0	0	275
0.654708520179	0.00448430493274	1	0.00896860986547	2	0.0	0	0.0	0	223
0.611650485437	0.0169902912621	7	0.0	0	0.00242718446602	1	0.0	0	412
0.663677130045	0.0	0	0.00448430493274	1	0.0	0	0.0	0	223
0.487704918033	0.0266393442623	13	0.0	0	0.0	0	0.0	0	488
0.655948553055	0.0	0	0.0	0	0.0	0	0.0032154340836	1	311
0.654320987654	0.00308641975309	1	0.0	0	0.0	0	0.0	0	324
0.563186813187	0.00274725274725	1	0.0	0	0.0	0	0.0	0	364
0.380870561283	0.0085910652921	15	0.00229095074456	4	0.00057273768614	1	0.00057273768614	1	1746
0.589873417722	0.00506329113924	2	0.0	0	0.0	0	0.0	0	395
0.634868421053	0.00328947368421	1	0.00986842105263	3	0.0	0	0.0	0	304
0.671280276817	0.00346020761246	1	0.0	0	0.00346020761246	1	0.0	0	289
0.567204301075	0.00537634408602	2	0.00268817204301	1	0.0	0	0.0	0	372
0.500869565217	0.00347826086957	2	0.00173913043478	1	0.0	0	0.0	0	575
0.671586715867	0.0147601476015	4	0.0	0	0.0	0	0.0	0	271
0.568764568765	0.0	0	0.002331002331	1	0.0	0	0.0	0	429
0.655502392344	0.00478468899522	1	0.0	0	0.0	0	0.0	0	209
0.63453815261	0.00803212851406	2	0.0	0	0.0	0	0.0	0	249
0.604904632153	0.0	0	0.00272479564033	1	0.00272479564033	1	0.0	0	367
0.609065155807	0.0056657223796	2	0.0	0	0.0028328611898	1	0.0	0	353
0.736170212766	0.0	0	0.0	0	0.0	0	0.0	0	235
0.513473053892	0.00898203592814	6	0.0	0	0.00299401197605	2	0.0	0	668
0.642512077295	0.0	0	0.0	0	0.0	0	0.0	0	207
0.533653846154	0.0	0	0.00240384615385	1	0.00480769230769	2	0.0	0	416
0.70703125	0.0	0	0.0	0	0.0	0	0.0	0	256
0.561643835616	0.0	0	0.0	0	0.0	0	0.0	0	365
0.556034482759	0.010775862069	5	0.0	0	0.0	0	0.0	0	464
0.458689458689	0.0	0	0.002849002849	1	0.002849002849	1	0.0	0	351
0.540305010893	0.00435729847495	2	0.00435729847495	2	0.00217864923747	1	0.0	0	459
0.518404907975	0.00306748466258	1	0.0	0	0.00613496932515	2	0.0	0	326
0.39529675252	0.006718924972	6	0.0	0	0.00111982082867	1	0.0	0	893
0.589861751152	0.00230414746544	1	0.0	0	0.0	0	0.0	0	434
0.564263322884	0.0	0	0.0	0	0.0	0	0.0	0	319
0.587628865979	0.00257731958763	1	0.0	0	0.0	0	0.0	0	388
0.58407079646	0.0	0	0.0176991150442	4	0.0	0	0.0	0	226
0.578034682081	0.0	0	0.0	0	0.0	0	0.0	0	346
0.511551155116	0.003300330033	1	0.0	0	0.0	0	0.0	0	303
0.652941176471	0.0	0	0.0	0	0.0	0	0.0	0	170
0.590443686007	0.0102389078498	3	0.0	0	0.0	0	0.00341296928328	1	293
0.745098039216	0.00980392156863	1	0.0	0	0.00980392156863	1	0.0	0	102
0.60396039604	0.003300330033	1	0.0	0	0.0	0	0.0	0	303
0.740458015267	0.0	0	0.00763358778626	1	0.0	0	0.0	0	131
0.523096129838	0.00499375780275	4	0.00124843945069	1	0.00124843945069	1	0.00124843945069	1	801
0.57003257329	0.0	0	0.0	0	0.0	0	0.0	0	307
0.705882352941	0.0	0	0.0	0	0.0	0	0.0	0	238
0.626666666667	0.00333333333333	1	0.0	0	0.00333333333333	1	0.0	0	300
0.601583113456	0.00263852242744	1	0.0	0	0.00263852242744	1	0.0	0	379
0.558139534884	0.00332225913621	1	0.0	0	0.0	0	0.0	0	301
0.548717948718	0.0	0	0.0025641025641	1	0.0	0	0.0	0	390
0.555323590814	0.00417536534447	2	0.00835073068894	4	0.0	0	0.0	0	479
0.418224299065	0.00934579439252	8	0.0	0	0.0	0	0.00233644859813	2	856
0.676923076923	0.0102564102564	2	0.00512820512821	1	0.0	0	0.00512820512821	1	195
0.630036630037	0.0	0	0.00732600732601	2	0.003663003663	1	0.0	0	273
0.613496932515	0.0153374233129	5	0.00306748466258	1	0.0	0	0.0	0	326
0.661904761905	0.0	0	0.00952380952381	2	0.0	0	0.0	0	210
0.573394495413	0.0114678899083	5	0.00229357798165	1	0.0	0	0.0	0	436
0.736170212766	0.00425531914894	1	0.0	0	0.0	0	0.0	0	235
0.571428571429	0.0	0	0.0	0	0.0	0	0.0	0	371
0.442420299284	0.000650618087183	1	0.0	0	0.00130123617437	2	0.0	0	1537
0.603773584906	0.0062893081761	2	0.0	0	0.0	0	0.00314465408805	1	318
0.59067357513	0.020725388601	8	0.0	0	0.00259067357513	1	0.0	0	386
0.608870967742	0.0	0	0.0	0	0.0	0	0.0	0	248
0.539597315436	0.00402684563758	3	0.0	0	0.0	0	0.0	0	745
0.723404255319	0.0	0	0.0	0	0.0	0	0.0	0	141
0.678260869565	0.0	0	0.00869565217391	2	0.0	0	0.0	0	230
0.631782945736	0.015503875969	4	0.0	0	0.0	0	0.0	0	258
0.591549295775	0.0	0	0.0	0	0.0	0	0.0	0	355
0.555282555283	0.0	0	0.002457002457	1	0.004914004914	2	0.0	0	407
0.644268774704	0.00395256916996	1	0.0	0	0.0	0	0.0	0	253
0.538461538462	0.00615384615385	2	0.0	0	0.0	0	0.0	0	325
0.530612244898	0.0174927113703	6	0.00291545189504	1	0.0	0	0.0	0	343
0.555194805195	0.0	0	0.0	0	0.0	0	0.0	0	308
0.594117647059	0.00294117647059	1	0.0	0	0.0	0	0.0	0	340
0.570743405276	0.00239808153477	1	0.00239808153477	1	0.0	0	0.0	0	417
0.62100456621	0.00228310502283	1	0.00456621004566	2	0.0	0	0.00228310502283	1	438
0.55701754386	0.00438596491228	2	0.0	0	0.0	0	0.0	0	456
0.63523573201	0.00248138957816	1	0.00248138957816	1	0.00496277915633	2	0.0	0	403
0.527397260274	0.0205479452055	9	0.0	0	0.0	0	0.0	0	438
0.611295681063	0.00332225913621	1	0.0	0	0.0	0	0.0	0	301
0.563139931741	0.00341296928328	1	0.0	0	0.0	0	0.0	0	293
0.631147540984	0.0	0	0.0	0	0.0	0	0.0	0	122
0.560606060606	0.0	0	0.0212121212121	7	0.0	0	0.0	0	330
0.575936883629	0.00591715976331	3	0.0	0	0.0	0	0.0	0	507
0.574545454545	0.0	0	0.00363636363636	1	0.0	0	0.0	0	275
0.517571884984	0.00319488817891	2	0.00638977635783	4	0.00479233226837	3	0.0	0	626
0.62	0.0	0	0.0	0	0.0	0	0.0	0	200
0.614173228346	0.0157480314961	4	0.0	0	0.0	0	0.0	0	254
0.623505976096	0.0	0	0.0	0	0.0	0	0.0	0	502
0.666666666667	0.0	0	0.00444444444444	1	0.00888888888889	2	0.0	0	225
0.677419354839	0.0	0	0.0	0	0.00537634408602	1	0.0	0	186
0.605633802817	0.00402414486922	2	0.0	0	0.00201207243461	1	0.0	0	497
0.615853658537	0.0	0	0.0	0	0.0	0	0.0	0	164
0.631970260223	0.0	0	0.0	0	0.0	0	0.0	0	269
0.580204778157	0.0	0	0.0	0	0.00341296928328	1	0.0	0	293
0.533333333333	0.0	0	0.0	0	0.0	0	0.0	0	315
0.672131147541	0.0	0	0.0	0	0.0	0	0.0	0	244
0.642642642643	0.00600600600601	2	0.003003003003	1	0.00600600600601	2	0.0	0	333
0.620087336245	0.0	0	0.0	0	0.00436681222707	1	0.0	0	229
0.586206896552	0.0	0	0.0	0	0.0	0	0.0	0	261
0.622406639004	0.00414937759336	1	0.0	0	0.0	0	0.0	0	241
0.680203045685	0.00507614213198	1	0.0	0	0.0	0	0.0	0	197
0.581395348837	0.00290697674419	1	0.0	0	0.0	0	0.0	0	344
0.689473684211	0.0	0	0.0	0	0.0	0	0.0	0	190
0.620111731844	0.0	0	0.0	0	0.0	0	0.0	0	179
0.715447154472	0.00406504065041	1	0.00406504065041	1	0.0	0	0.0	0	246
0.664473684211	0.0	0	0.0	0	0.0	0	0.0	0	152
0.577981651376	0.00305810397554	1	0.0	0	0.0	0	0.0	0	327
0.64406779661	0.0	0	0.0	0	0.0	0	0.0	0	236
0.708333333333	0.0	0	0.0	0	0.0	0	0.0	0	96
0.726804123711	0.00515463917526	1	0.0	0	0.00515463917526	1	0.0	0	194
0.681102362205	0.00393700787402	1	0.0	0	0.0	0	0.0	0	254
0.604294478528	0.00306748466258	1	0.00920245398773	3	0.0	0	0.0	0	326
0.640883977901	0.0165745856354	3	0.0	0	0.0	0	0.0	0	181
0.694915254237	0.0	0	0.0	0	0.0	0	0.0	0	177
0.585365853659	0.0	0	0.0	0	0.0	0	0.0	0	287
0.531707317073	0.00487804878049	3	0.00813008130081	5	0.00162601626016	1	0.0	0	615
0.664804469274	0.0	0	0.0	0	0.0	0	0.0	0	179
0.681818181818	0.00454545454545	1	0.0	0	0.0	0	0.0	0	220
0.660194174757	0.0	0	0.0	0	0.0	0	0.0	0	206
0.62	0.004	1	0.0	0	0.004	1	0.004	1	250
0.603238866397	0.0	0	0.0121457489879	3	0.00404858299595	1	0.0	0	247
0.661691542289	0.00497512437811	1	0.0	0	0.0	0	0.0	0	201
0.709016393443	0.00409836065574	1	0.0	0	0.0	0	0.0	0	244
0.63503649635	0.0	0	0.0	0	0.0036496350365	1	0.0	0	274
0.71724137931	0.0	0	0.0	0	0.0	0	0.0	0	145
0.624561403509	0.0	0	0.00701754385965	2	0.0	0	0.0	0	285
0.637640449438	0.00561797752809	2	0.0	0	0.0	0	0.0	0	356
0.626543209877	0.0154320987654	5	0.0	0	0.0	0	0.0	0	324
0.677966101695	0.00423728813559	1	0.0	0	0.0	0	0.0	0	236
0.577669902913	0.00485436893204	1	0.0	0	0.0	0	0.0	0	206
0.581395348837	0.00634249471459	3	0.0126849894292	6	0.0	0	0.0	0	473
0.570967741935	0.0	0	0.0	0	0.00322580645161	1	0.00322580645161	1	310
0.612334801762	0.0220264317181	5	0.0	0	0.0	0	0.0	0	227
0.558139534884	0.0	0	0.0093023255814	2	0.0	0	0.0	0	215
0.68125	0.0	0	0.0	0	0.0	0	0.0	0	160
0.647058823529	0.00420168067227	1	0.0	0	0.0	0	0.0	0	238
0.550135501355	0.0	0	0.00542005420054	2	0.0	0	0.0	0	369
0.529523809524	0.00380952380952	2	0.0	0	0.0	0	0.0	0	525
0.461009174312	0.00573394495413	5	0.0	0	0.0	0	0.0	0	872
0.652173913043	0.00334448160535	1	0.0	0	0.0	0	0.0	0	299
0.604743083004	0.0	0	0.00790513833992	2	0.0	0	0.0	0	253
0.445434298441	0.00779510022272	7	0.0	0	0.0022271714922	2	0.00334075723831	3	898
0.598130841121	0.00311526479751	1	0.0	0	0.0	0	0.0	0	321
0.543388429752	0.00206611570248	1	0.0	0	0.0	0	0.0	0	484
0.583025830258	0.00369003690037	1	0.00369003690037	1	0.0	0	0.0	0	271
0.628820960699	0.0	0	0.0	0	0.0	0	0.0	0	229
0.471947194719	0.013201320132	4	0.0	0	0.0	0	0.0	0	303
0.581291759465	0.011135857461	5	0.0	0	0.0	0	0.0	0	449
0.582120582121	0.002079002079	1	0.0	0	0.0	0	0.0	0	481
0.470422535211	0.00281690140845	2	0.0	0	0.00140845070423	1	0.0	0	710
0.580086580087	0.0	0	0.004329004329	2	0.0021645021645	1	0.0	0	462
0.660256410256	0.0192307692308	3	0.0	0	0.0	0	0.0	0	156
0.417989417989	0.0	0	0.000881834215168	1	0.0	0	0.000881834215168	1	1134
0.547400611621	0.00305810397554	1	0.00305810397554	1	0.0	0	0.0	0	327
0.516129032258	0.00322580645161	2	0.00483870967742	3	0.0	0	0.00322580645161	2	620
0.575174825175	0.0	0	0.00174825174825	1	0.0	0	0.0	0	572
0.595907928389	0.00255754475703	1	0.0127877237852	5	0.0	0	0.0	0	391
0.467966573816	0.00139275766017	1	0.0	0	0.0	0	0.0	0	718
0.551630434783	0.0	0	0.0	0	0.0	0	0.0	0	368
0.488085456039	0.000821692686935	1	0.000821692686935	1	0.0	0	0.0	0	1217
0.581168831169	0.0	0	0.0	0	0.0	0	0.0	0	308
0.649193548387	0.00806451612903	2	0.0	0	0.0	0	0.0	0	248
0.608150470219	0.00626959247649	2	0.0	0	0.0	0	0.0	0	319
0.383316274309	0.003582395087	7	0.00153531218014	3	0.00204708290686	4	0.00102354145343	2	1954
0.59375	0.0	0	0.00115740740741	1	0.0	0	0.0	0	864
0.615615615616	0.0	0	0.003003003003	1	0.0	0	0.0	0	333
0.570200573066	0.00286532951289	1	0.00286532951289	1	0.0	0	0.0	0	349
0.548888888889	0.0111111111111	5	0.00666666666667	3	0.0	0	0.0	0	450
0.525547445255	0.00729927007299	3	0.00243309002433	1	0.0	0	0.0	0	411
0.735632183908	0.00574712643678	1	0.0	0	0.0	0	0.0	0	174
0.600997506234	0.0074812967581	3	0.00249376558603	1	0.0	0	0.0	0	401
0.55223880597	0.00248756218905	1	0.0	0	0.0	0	0.0	0	402
0.544267053701	0.00145137880987	1	0.0	0	0.00145137880987	1	0.0	0	689
0.671378091873	0.00353356890459	1	0.0	0	0.0	0	0.0	0	283
0.68152866242	0.0	0	0.0	0	0.0	0	0.0	0	157
0.757009345794	0.0	0	0.0	0	0.0	0	0.0	0	107
0.583529411765	0.0	0	0.0	0	0.00235294117647	1	0.0	0	425
0.614395886889	0.0	0	0.0025706940874	1	0.0	0	0.0025706940874	1	389
0.747368421053	0.0	0	0.0	0	0.0	0	0.0	0	95
0.595628415301	0.00273224043716	1	0.0	0	0.0	0	0.0	0	366
0.641509433962	0.00314465408805	1	0.00314465408805	1	0.0	0	0.0	0	318
0.690476190476	0.0	0	0.0	0	0.0	0	0.0	0	252
0.680981595092	0.0184049079755	3	0.0	0	0.0	0	0.0	0	163
0.606343283582	0.00373134328358	2	0.0	0	0.0	0	0.0	0	536
0.633962264151	0.00377358490566	1	0.0	0	0.0	0	0.0	0	265
0.57949790795	0.0	0	0.00836820083682	4	0.00209205020921	1	0.0	0	478
0.610465116279	0.00872093023256	3	0.0	0	0.0	0	0.0	0	344
0.641463414634	0.0	0	0.0	0	0.0	0	0.0	0	410
0.551075268817	0.00268817204301	1	0.00268817204301	1	0.00268817204301	1	0.0	0	372
0.618461538462	0.00307692307692	1	0.0	0	0.0	0	0.0	0	325
0.571157495256	0.0	0	0.00189753320683	1	0.0	0	0.0	0	527
0.594713656388	0.0	0	0.0220264317181	5	0.0	0	0.0	0	227
0.601449275362	0.0144927536232	4	0.0036231884058	1	0.0036231884058	1	0.0	0	276
0.590425531915	0.00265957446809	1	0.00265957446809	1	0.0	0	0.0	0	376
0.661870503597	0.00719424460432	1	0.0	0	0.0	0	0.0	0	139
0.532258064516	0.0	0	0.00537634408602	3	0.0	0	0.0	0	558
0.655786350148	0.00593471810089	2	0.00296735905045	1	0.0	0	0.0	0	337
0.730158730159	0.0	0	0.0	0	0.0	0	0.0	0	126
0.600451467269	0.00225733634312	1	0.0	0	0.00225733634312	1	0.0	0	443
0.508557457213	0.0	0	0.00733496332518	3	0.0	0	0.0	0	409
0.706806282723	0.0	0	0.0	0	0.0	0	0.0	0	191
0.574036511156	0.0	0	0.0	0	0.00608519269777	3	0.0	0	493
0.444444444444	0.0	0	0.00068166325835	1	0.00068166325835	1	0.0	0	1467
0.422326832549	0.00336247478144	5	0.00268997982515	4	0.0	0	0.0	0	1487
0.476517754868	0.00229095074456	2	0.00114547537228	1	0.0	0	0.00114547537228	1	873
0.448863636364	0.0	0	0.00189393939394	2	0.0	0	0.0	0	1056
0.390186915888	0.00759345794393	13	0.00292056074766	5	0.000584112149533	1	0.0	0	1712
0.510617760618	0.00820463320463	17	0.0	0	0.0	0	0.0	0	2072
0.474000859476	0.000429737859905	1	0.0	0	0.000429737859905	1	0.000429737859905	1	2327
0.398418491484	0.000608272506083	1	0.0	0	0.0	0	0.000608272506083	1	1644
0.564516129032	0.0	0	0.0	0	0.0	0	0.0	0	372
0.53219927096	0.0	0	0.00364520048603	3	0.0	0	0.0	0	823
0.506474820144	0.0	0	0.00143884892086	1	0.0	0	0.0	0	695
0.589622641509	0.00471698113208	2	0.0	0	0.0	0	0.0	0	424
0.53275862069	0.00172413793103	1	0.0051724137931	3	0.0	0	0.0	0	580
0.565749235474	0.00152905198777	1	0.0	0	0.0	0	0.0	0	654
0.459928229665	0.00239234449761	4	0.00717703349282	12	0.000598086124402	1	0.0	0	1672
0.491967871486	0.00200803212851	1	0.0	0	0.0	0	0.0	0	498
0.558823529412	0.00346020761246	2	0.0	0	0.0	0	0.0	0	578
0.476519337017	0.00690607734807	5	0.00276243093923	2	0.00138121546961	1	0.0	0	724
0.55	0.00333333333333	2	0.0	0	0.0	0	0.0	0	600
0.503692762186	0.00147710487445	1	0.00147710487445	1	0.0	0	0.0	0	677
0.512195121951	0.00243902439024	2	0.00121951219512	1	0.0	0	0.0	0	820
0.433687002653	0.0	0	0.00132625994695	1	0.0026525198939	2	0.00132625994695	1	754
0.587912087912	0.00274725274725	1	0.00274725274725	1	0.0	0	0.0	0	364
0.556074766355	0.00623052959502	4	0.01246105919	8	0.0	0	0.0	0	642
0.459956709957	0.004329004329	4	0.0	0	0.0	0	0.00108225108225	1	924
0.522123893805	0.00294985250737	1	0.00294985250737	1	0.0	0	0.0	0	339
0.479838709677	0.00268817204301	2	0.00403225806452	3	0.0	0	0.00403225806452	3	744
0.42301278488	0.00333518621456	6	0.000555864369094	1	0.0	0	0.0	0	1799
0.604395604396	0.0	0	0.0	0	0.0	0	0.0	0	273
0.515503875969	0.0	0	0.0103359173127	8	0.0	0	0.00258397932817	2	774
0.658682634731	0.0	0	0.0	0	0.0	0	0.0	0	167
0.537102473498	0.00706713780919	4	0.0017667844523	1	0.0017667844523	1	0.0	0	566
0.534383954155	0.00429799426934	3	0.00143266475645	1	0.0	0	0.0	0	698
0.461538461538	0.00435413642961	3	0.0	0	0.00145137880987	1	0.0	0	689
0.639269406393	0.00913242009132	2	0.0	0	0.00456621004566	1	0.0	0	219
0.490674318508	0.00430416068867	3	0.0	0	0.0	0	0.00143472022956	1	697
0.55	0.0	0	0.00113636363636	1	0.0	0	0.0	0	880
0.467551622419	0.00589970501475	4	0.0	0	0.0	0	0.0	0	678
0.443746430611	0.0011422044546	2	0.0017133066819	3	0.000571102227299	1	0.0	0	1751
0.576086956522	0.0130434782609	6	0.00434782608696	2	0.00217391304348	1	0.0	0	460
0.579852579853	0.00737100737101	3	0.004914004914	2	0.002457002457	1	0.0	0	407
0.505179768434	0.000609384521633	1	0.0	0	0.000609384521633	1	0.0	0	1641
0.468852459016	0.00983606557377	6	0.00819672131148	5	0.0	0	0.0	0	610
0.527977044476	0.0	0	0.00143472022956	1	0.0	0	0.0	0	697
0.638190954774	0.0	0	0.0	0	0.0	0	0.0	0	199
0.8375	0.0	0	0.0	0	0.0	0	0.0	0	80
0.644204851752	0.00808625336927	3	0.0	0	0.0	0	0.0	0	371
0.488110137672	0.00625782227785	5	0.00876095118899	7	0.0	0	0.0	0	799
0.568181818182	0.0	0	0.00324675324675	1	0.0	0	0.0	0	308
0.497303128371	0.0129449838188	12	0.00107874865156	1	0.00107874865156	1	0.0	0	927
0.464309993202	0.00135961930659	2	0.00135961930659	2	0.0	0	0.0	0	1471
0.586021505376	0.00358422939068	2	0.00179211469534	1	0.0	0	0.0	0	558
0.562340966921	0.0	0	0.0	0	0.00763358778626	3	0.0	0	393
0.523592085236	0.0106544901065	7	0.00456621004566	3	0.0	0	0.0	0	657
0.473342605471	0.00185442744553	4	0.00231803430691	5	0.000463606861382	1	0.0	0	2157
0.451953537487	0.00950369588173	9	0.0158394931362	15	0.0	0	0.0	0	947
0.427002583979	0.00452196382429	7	0.0	0	0.00129198966408	2	0.0	0	1548
0.475	0.00555555555556	4	0.00555555555556	4	0.0	0	0.0	0	720
0.403377110694	0.00281425891182	6	0.00140712945591	3	0.00187617260788	4	0.00046904315197	1	2132
0.400802752294	0.00229357798165	4	0.00229357798165	4	0.00286697247706	5	0.0	0	1744
0.496280552604	0.00106269925611	1	0.0	0	0.0	0	0.0	0	941
0.44696969697	0.00568181818182	6	0.00473484848485	5	0.00094696969697	1	0.00284090909091	3	1056
0.571059431525	0.0	0	0.0	0	0.0180878552972	7	0.00258397932817	1	387
0.461893764434	0.0	0	0.0	0	0.0	0	0.0	0	866
0.482311320755	0.00117924528302	1	0.00235849056604	2	0.0	0	0.0	0	848
0.588397790055	0.00828729281768	3	0.0	0	0.0	0	0.0	0	362
0.396234872255	0.002689376961	6	0.0103092783505	23	0.0	0	0.000448229493501	1	2231
0.60067114094	0.0	0	0.0	0	0.0	0	0.0	0	298
0.594786729858	0.0	0	0.00236966824645	1	0.0	0	0.0	0	422
0.498630136986	0.0041095890411	3	0.0027397260274	2	0.0	0	0.0	0	730
0.537271448664	0.0	0	0.0	0	0.0	0	0.0	0	711
0.494680851064	0.0	0	0.0	0	0.0	0	0.0	0	752
0.488269794721	0.0058651026393	4	0.00733137829912	5	0.00146627565982	1	0.0	0	682
0.531125827815	0.0	0	0.0	0	0.0	0	0.0	0	755
0.472868217054	0.00645994832041	5	0.00387596899225	3	0.0077519379845	6	0.0	0	774
0.572668112798	0.00216919739696	1	0.0	0	0.0	0	0.0	0	461
0.555335968379	0.0098814229249	5	0.00197628458498	1	0.0	0	0.0	0	506
0.530186608123	0.00219538968167	2	0.0	0	0.0032930845225	3	0.0	0	911
0.50307503075	0.00123001230012	1	0.00861008610086	7	0.0	0	0.0	0	813
0.559420289855	0.0	0	0.00579710144928	2	0.00289855072464	1	0.0	0	345
0.583098591549	0.00281690140845	1	0.00281690140845	1	0.0	0	0.0	0	355
0.535248041775	0.00522193211488	2	0.00261096605744	1	0.0	0	0.0	0	383
0.460344827586	0.00172413793103	1	0.00172413793103	1	0.0	0	0.0	0	580
0.5734870317	0.00864553314121	3	0.0	0	0.0	0	0.0	0	347
0.510294117647	0.0102941176471	7	0.00294117647059	2	0.00294117647059	2	0.0	0	680
0.458919319023	0.00296076980015	4	0.00296076980015	4	0.0	0	0.0	0	1351
0.521815008726	0.0	0	0.0122164048866	7	0.00174520069808	1	0.0	0	573
0.51654676259	0.00431654676259	3	0.00431654676259	3	0.0	0	0.0	0	695
0.475873544093	0.00665557404326	4	0.0	0	0.0	0	0.0	0	601
0.448905109489	0.00121654501217	2	0.000608272506083	1	0.0	0	0.0	0	1644
0.526892430279	0.0	0	0.0	0	0.0	0	0.0	0	1004
0.471167369902	0.0112517580872	8	0.0042194092827	3	0.0	0	0.0	0	711
0.509727626459	0.0	0	0.00194552529183	1	0.00583657587549	3	0.0	0	514
0.583458646617	0.0015037593985	1	0.0	0	0.0	0	0.0	0	665
0.538975501114	0.0	0	0.0	0	0.0022271714922	1	0.0	0	449
0.547400611621	0.0152905198777	5	0.00305810397554	1	0.0	0	0.0	0	327
0.498550724638	0.0	0	0.00434782608696	3	0.0	0	0.0	0	690
0.564377682403	0.0	0	0.00214592274678	1	0.0	0	0.0	0	466
0.542207792208	0.0	0	0.0	0	0.0	0	0.0	0	308
0.422162162162	0.00648648648649	12	0.000540540540541	1	0.00162162162162	3	0.00216216216216	4	1850
0.771428571429	0.0142857142857	1	0.0	0	0.0	0	0.0	0	70
0.423942888523	0.00329489291598	6	0.00274574409665	5	0.00164744645799	3	0.00109829763866	2	1821
0.547445255474	0.0	0	0.0	0	0.0	0	0.0	0	411
0.687878787879	0.00606060606061	2	0.0	0	0.0	0	0.0	0	330
0.5622406639	0.0124481327801	6	0.0	0	0.0	0	0.0	0	482
0.540650406504	0.0	0	0.00271002710027	2	0.0	0	0.0	0	738
0.541899441341	0.00279329608939	2	0.00139664804469	1	0.0	0	0.0	0	716
0.677824267782	0.0	0	0.00418410041841	1	0.0	0	0.0	0	239
0.560283687943	0.00354609929078	2	0.00177304964539	1	0.00177304964539	1	0.0	0	564
0.532188841202	0.00429184549356	2	0.0	0	0.00214592274678	1	0.0	0	466
0.542168674699	0.0	0	0.0	0	0.0	0	0.00200803212851	1	498
0.526032315978	0.0107719928187	6	0.00179533213645	1	0.0	0	0.0	0	557
0.451997614788	0.00655933214073	11	0.00477042337507	8	0.00119260584377	2	0.0	0	1677
0.6	0.0	0	0.00526315789474	2	0.0	0	0.0	0	380
0.369101486749	0.00840336134454	13	0.000646412411118	1	0.000646412411118	1	0.00452488687783	7	1547
0.592067988669	0.00849858356941	3	0.0113314447592	4	0.0	0	0.0	0	353
0.558352402746	0.00686498855835	3	0.00228832951945	1	0.0	0	0.0	0	437
0.59387755102	0.00204081632653	1	0.00204081632653	1	0.0	0	0.0	0	490
0.582125603865	0.0024154589372	1	0.0048309178744	2	0.0	0	0.0	0	414
0.545454545455	0.00519480519481	2	0.0	0	0.0	0	0.0	0	385
0.561561561562	0.00600600600601	2	0.0	0	0.00600600600601	2	0.0	0	333
0.460858585859	0.0	0	0.00126262626263	1	0.00378787878788	3	0.00252525252525	2	792
0.486924034869	0.013698630137	11	0.00996264009963	8	0.0	0	0.0	0	803
0.502170767004	0.0	0	0.00578871201158	4	0.0	0	0.0	0	691
0.460297766749	0.00248138957816	2	0.00496277915633	4	0.0	0	0.0	0	806
0.509031198686	0.0114942528736	7	0.0	0	0.0	0	0.0	0	609
0.479338842975	0.0	0	0.0	0	0.0	0	0.0	0	1452
0.499356499356	0.00514800514801	4	0.00514800514801	4	0.001287001287	1	0.0	0	777
0.7	0.0	0	0.0	0	0.0	0	0.0	0	110
0.604534005038	0.00251889168766	1	0.00251889168766	1	0.00251889168766	1	0.00251889168766	1	397
0.491480996068	0.00393184796855	3	0.00655307994758	5	0.0	0	0.0	0	763
0.606194690265	0.0	0	0.0309734513274	14	0.00221238938053	1	0.0	0	452
0.497841726619	0.0115107913669	8	0.00143884892086	1	0.00143884892086	1	0.00143884892086	1	695
0.569444444444	0.00555555555556	2	0.0	0	0.0	0	0.0	0	360
0.479721900348	0.0	0	0.00347624565469	3	0.00115874855156	1	0.0	0	863
0.478391959799	0.0110552763819	11	0.00100502512563	1	0.0	0	0.0	0	995
0.730337078652	0.0224719101124	2	0.0	0	0.0	0	0.0	0	89
0.523035230352	0.00813008130081	6	0.00271002710027	2	0.0	0	0.0	0	738
0.521912350598	0.00199203187251	1	0.00398406374502	2	0.00199203187251	1	0.0	0	502
0.580573951435	0.00220750551876	1	0.0242825607064	11	0.0	0	0.0	0	453
0.607558139535	0.00581395348837	2	0.0	0	0.0	0	0.0	0	344
0.563798219585	0.00296735905045	1	0.00296735905045	1	0.0	0	0.0	0	337
0.425686172967	0.00569653029518	11	0.00207146556189	4	0.000517866390471	1	0.0	0	1931
0.555555555556	0.0026455026455	1	0.0	0	0.0	0	0.0	0	378
0.592375366569	0.00293255131965	1	0.00879765395894	3	0.00293255131965	1	0.0	0	341
0.335274542429	0.00374376039933	9	0.00707154742097	17	0.000415973377704	1	0.000831946755408	2	2404
0.55795148248	0.00269541778976	1	0.00269541778976	1	0.0	0	0.0	0	371
0.61581920904	0.00847457627119	3	0.0141242937853	5	0.0	0	0.0	0	354
0.57355679702	0.00372439478585	2	0.00372439478585	2	0.00372439478585	2	0.0	0	537
0.564406779661	0.00169491525424	1	0.0	0	0.0	0	0.0	0	590
0.678733031674	0.0	0	0.00904977375566	2	0.0	0	0.0	0	221
0.545073375262	0.0104821802935	5	0.0	0	0.0041928721174	2	0.0020964360587	1	477
0.567028985507	0.00724637681159	4	0.0036231884058	2	0.0	0	0.0	0	552
0.58349328215	0.00575815738964	3	0.00191938579655	1	0.0	0	0.0	0	521
0.71875	0.0	0	0.0	0	0.0	0	0.0	0	96
0.481651376147	0.0045871559633	3	0.00764525993884	5	0.0	0	0.0	0	654
0.475285171103	0.00570342205323	3	0.00760456273764	4	0.0	0	0.00190114068441	1	526
0.4898157129	0.00484966052376	5	0.0	0	0.00193986420951	2	0.0	0	1031
0.576315789474	0.00263157894737	1	0.0	0	0.0	0	0.0	0	380
0.553333333333	0.0	0	0.0	0	0.0	0	0.0	0	450
0.574123989218	0.0	0	0.00539083557951	2	0.00269541778976	1	0.0	0	371
0.508771929825	0.00657894736842	3	0.00219298245614	1	0.0	0	0.0	0	456
0.609418282548	0.01108033241	4	0.0	0	0.0	0	0.0	0	361
0.541841004184	0.00836820083682	4	0.00209205020921	1	0.0	0	0.0	0	478
0.696378830084	0.0139275766017	5	0.00278551532033	1	0.0	0	0.0	0	359
0.547563805104	0.0046403712297	2	0.00232018561485	1	0.0	0	0.0	0	431
0.53358925144	0.0134357005758	7	0.00575815738964	3	0.00191938579655	1	0.00191938579655	1	521
0.531760435572	0.00725952813067	4	0.00362976406534	2	0.00362976406534	2	0.0	0	551
0.494814814815	0.00148148148148	1	0.00148148148148	1	0.00296296296296	2	0.00148148148148	1	675
0.577441077441	0.00841750841751	5	0.0016835016835	1	0.0	0	0.0	0	594
0.452186805041	0.00370644922165	5	0.00296515937732	4	0.0	0	0.0	0	1349
0.50378214826	0.00756429652042	5	0.0	0	0.0	0	0.0	0	661
0.512336719884	0.00870827285922	6	0.00435413642961	3	0.0	0	0.0	0	689
0.510763209393	0.00391389432485	2	0.00195694716243	1	0.0	0	0.0	0	511
0.559726962457	0.0	0	0.0	0	0.0	0	0.0	0	293
0.568773234201	0.0	0	0.00185873605948	1	0.0	0	0.0	0	538
0.477995110024	0.00122249388753	1	0.00366748166259	3	0.0	0	0.0	0	818
0.502581755594	0.00344234079174	2	0.0	0	0.0	0	0.0	0	581
0.471022128556	0.00421496311907	4	0.0	0	0.00105374077977	1	0.0	0	949
0.433139534884	0.00145348837209	2	0.00145348837209	2	0.0	0	0.000726744186047	1	1376
0.517924528302	0.0	0	0.00283018867925	3	0.0	0	0.0	0	1060
0.622641509434	0.0	0	0.00314465408805	1	0.0	0	0.0	0	318
0.515151515152	0.010101010101	6	0.0	0	0.0	0	0.0	0	594
0.179441579228	0.00177841010137	10	0.00213409212164	12	0.0	0	0.0	0	5623
0.604651162791	0.0	0	0.00258397932817	1	0.0	0	0.0	0	387
0.570951585977	0.00834724540902	5	0.0	0	0.0	0	0.00333889816361	2	599
0.346887550201	0.0035140562249	7	0.000502008032129	1	0.00100401606426	2	0.00150602409639	3	1992
0.530017152659	0.00343053173242	2	0.0137221269297	8	0.00171526586621	1	0.0	0	583
0.554858934169	0.0	0	0.0	0	0.00313479623824	1	0.0	0	319
0.538327526132	0.0	0	0.0	0	0.0	0	0.0	0	574
0.482476635514	0.00584112149533	5	0.0	0	0.0	0	0.0	0	856
0.518237082067	0.00455927051672	3	0.00151975683891	1	0.0	0	0.0	0	658
0.592991913747	0.00808625336927	3	0.00269541778976	1	0.0	0	0.0	0	371
0.484702093398	0.00322061191626	2	0.00322061191626	2	0.0	0	0.00322061191626	2	621
0.570902394107	0.0036832412523	2	0.00184162062615	1	0.0	0	0.0	0	543
0.484722222222	0.00416666666667	3	0.0	0	0.00138888888889	1	0.0	0	720
0.605421686747	0.0	0	0.00602409638554	2	0.0	0	0.0	0	332
0.597855227882	0.00536193029491	2	0.0	0	0.0	0	0.0	0	373
0.53181272509	0.00120048019208	1	0.00120048019208	1	0.0	0	0.0	0	833
0.524654832347	0.00591715976331	3	0.0	0	0.00197238658777	1	0.0	0	507
0.41164021164	0.0031746031746	3	0.0	0	0.0	0	0.0	0	945
0.576826196474	0.0	0	0.00503778337531	2	0.0	0	0.0	0	397
0.404862579281	0.00369978858351	7	0.000528541226216	1	0.0	0	0.0	0	1892
0.455765710799	0.000610128126907	1	0.0	0	0.0	0	0.0	0	1639
0.593908629442	0.0	0	0.00169204737733	1	0.0	0	0.0	0	591
0.445283018868	0.0022641509434	3	0.00150943396226	2	0.0	0	0.0	0	1325
0.477715877437	0.00139275766017	1	0.0041782729805	3	0.0	0	0.0	0	718
0.595907928389	0.0	0	0.0	0	0.0	0	0.0	0	391
0.618811881188	0.0	0	0.0	0	0.0	0	0.0	0	404
0.509031198686	0.00164203612479	1	0.0	0	0.0	0	0.0	0	609
0.562380038388	0.00575815738964	3	0.00767754318618	4	0.0	0	0.0	0	521
0.600446428571	0.00223214285714	1	0.00446428571429	2	0.0	0	0.0	0	448
0.556586270872	0.0	0	0.00185528756957	1	0.00185528756957	1	0.0	0	539
0.553530751708	0.00455580865604	2	0.0	0	0.0	0	0.0	0	439
0.574013157895	0.00986842105263	6	0.00328947368421	2	0.0	0	0.00164473684211	1	608
0.425454545455	0.00363636363636	3	0.00242424242424	2	0.0	0	0.0	0	825
0.530487804878	0.0020325203252	1	0.00406504065041	2	0.00406504065041	2	0.0	0	492
0.689075630252	0.0	0	0.00420168067227	1	0.0	0	0.0	0	238
0.58389261745	0.0201342281879	6	0.0	0	0.0	0	0.0	0	298
0.490498812352	0.00237529691211	2	0.00237529691211	2	0.00118764845606	1	0.00237529691211	2	842
0.557203389831	0.0	0	0.0	0	0.0	0	0.0	0	472
0.531339031339	0.0	0	0.0	0	0.0	0	0.0	0	702
0.41740031072	0.0036250647333	7	0.00414293112377	8	0.000517866390471	1	0.0	0	1931
0.666666666667	0.0	0	0.0	0	0.0	0	0.0	0	189
0.612244897959	0.00583090379009	2	0.0116618075802	4	0.0	0	0.00291545189504	1	343
0.570438799076	0.00461893764434	2	0.00692840646651	3	0.0	0	0.0	0	433
0.511711711712	0.0	0	0.0	0	0.0	0	0.0	0	555
0.62987012987	0.012987012987	2	0.0	0	0.0	0	0.0	0	154
0.542016806723	0.0063025210084	3	0.00420168067227	2	0.0	0	0.0	0	476
0.52962962963	0.00246913580247	2	0.00246913580247	2	0.0	0	0.0	0	810
0.573964497041	0.00887573964497	3	0.00887573964497	3	0.0	0	0.0	0	338
0.604719764012	0.00589970501475	2	0.00294985250737	1	0.0	0	0.0	0	339
0.45409015025	0.00834724540902	5	0.00500834724541	3	0.0	0	0.0	0	599
0.562310030395	0.00303951367781	2	0.00303951367781	2	0.0	0	0.0	0	658
0.504970178926	0.00298210735586	3	0.00497017892644	5	0.0	0	0.0	0	1006
0.486973947896	0.00400801603206	2	0.00400801603206	2	0.0	0	0.00200400801603	1	499
0.484848484848	0.000891265597148	1	0.00356506238859	4	0.0	0	0.0	0	1122
0.550561797753	0.0	0	0.0	0	0.0	0	0.0	0	356
0.463123644252	0.00433839479393	4	0.00216919739696	2	0.00108459869848	1	0.00108459869848	1	922
0.51273344652	0.00679117147708	4	0.00509337860781	3	0.0	0	0.0	0	589
0.482242990654	0.00560747663551	6	0.0018691588785	2	0.0	0	0.000934579439252	1	1070
0.516853932584	0.00642054574639	4	0.00321027287319	2	0.0	0	0.0	0	623
0.49846468782	0.0	0	0.00409416581372	4	0.00204708290686	2	0.00204708290686	2	977
0.507853403141	0.00174520069808	2	0.00174520069808	2	0.0	0	0.00174520069808	2	1146
0.554119547658	0.0016155088853	1	0.0	0	0.0	0	0.0	0	619
0.513377926421	0.00167224080268	1	0.0	0	0.0	0	0.0	0	598
0.617318435754	0.00279329608939	1	0.00279329608939	1	0.0	0	0.0	0	358
0.504761904762	0.00519480519481	6	0.000865800865801	1	0.000865800865801	1	0.0	0	1155
0.58932238193	0.00205338809035	1	0.00205338809035	1	0.0	0	0.0	0	487
0.520782396088	0.0	0	0.0	0	0.0	0	0.0	0	409
0.509603072983	0.00128040973111	1	0.00128040973111	1	0.0	0	0.0	0	781
0.51872659176	0.00749063670412	4	0.0	0	0.00187265917603	1	0.0	0	534
0.451361867704	0.00222345747638	4	0.00111172873819	2	0.000555864369094	1	0.0	0	1799
0.50622406639	0.0	0	0.00138312586445	1	0.0	0	0.0	0	723
0.505415162455	0.00601684717208	5	0.00120336943442	1	0.0	0	0.00120336943442	1	831
0.572545612511	0.000868809730669	1	0.0	0	0.0	0	0.0	0	1151
0.501412429379	0.0112994350282	8	0.00423728813559	3	0.00141242937853	1	0.00282485875706	2	708
0.607902735562	0.00911854103343	3	0.0121580547112	4	0.0	0	0.0	0	329
0.532467532468	0.0	0	0.0	0	0.0025974025974	1	0.0	0	385
0.491758241758	0.00824175824176	6	0.00137362637363	1	0.0	0	0.0	0	728
0.559845559846	0.0	0	0.0	0	0.0	0	0.0	0	518
0.595375722543	0.0	0	0.0028901734104	1	0.0	0	0.0	0	346
0.438381937912	0.00282220131703	3	0.000940733772342	1	0.0	0	0.0	0	1063
0.495126705653	0.00194931773879	1	0.00194931773879	1	0.0	0	0.0	0	513
0.447602131439	0.00355239786856	2	0.00177619893428	1	0.00177619893428	1	0.0	0	563
0.429553264605	0.00343642611684	3	0.0057273768614	5	0.0	0	0.00114547537228	1	873
0.614285714286	0.00285714285714	1	0.00285714285714	1	0.0	0	0.0	0	350
0.594366197183	0.0225352112676	8	0.00845070422535	3	0.0	0	0.0	0	355
0.436928702011	0.00304692260817	5	0.0018281535649	3	0.0	0	0.0	0	1641
0.494208494208	0.0	0	0.0019305019305	1	0.0	0	0.0	0	518
0.578260869565	0.00869565217391	4	0.00434782608696	2	0.0	0	0.0	0	460
0.533227848101	0.00474683544304	3	0.00316455696203	2	0.0	0	0.00158227848101	1	632
0.519877675841	0.00305810397554	2	0.00305810397554	2	0.0	0	0.0	0	654
0.443757725587	0.00494437577256	4	0.00370828182942	3	0.00123609394314	1	0.0	0	809
0.563674321503	0.0062630480167	3	0.0	0	0.0	0	0.0	0	479
0.474554707379	0.00254452926209	2	0.00127226463104	1	0.00127226463104	1	0.0	0	786
0.533333333333	0.00487804878049	3	0.00325203252033	2	0.00162601626016	1	0.00162601626016	1	615
0.447619047619	0.0031746031746	3	0.0021164021164	2	0.0	0	0.0	0	945
0.593471810089	0.0	0	0.0	0	0.0	0	0.0	0	337
0.590017825312	0.0017825311943	1	0.0	0	0.0	0	0.0	0	561
1.0	0.0	0	0.0	0	0.0	0	0.0	0	16
0.499058380414	0.00564971751412	3	0.0	0	0.0	0	0.0	0	531
0.658823529412	0.0	0	0.0	0	0.0	0	0.0	0	170
0.613043478261	0.00869565217391	2	0.0	0	0.0	0	0.0	0	230
0.550964187328	0.00275482093664	1	0.00275482093664	1	0.0	0	0.0	0	363
0.612377850163	0.00325732899023	1	0.0	0	0.0	0	0.0	0	307
0.546534653465	0.00792079207921	4	0.0158415841584	8	0.0	0	0.0019801980198	1	505
0.655502392344	0.0	0	0.0	0	0.0	0	0.0	0	209
0.514619883041	0.00292397660819	1	0.0	0	0.0	0	0.0	0	342
0.590405904059	0.00738007380074	2	0.0147601476015	4	0.0	0	0.0	0	271
0.555555555556	0.0	0	0.00213675213675	1	0.0	0	0.0	0	468
0.601286173633	0.0064308681672	2	0.0	0	0.0	0	0.0032154340836	1	311
0.52487135506	0.00514579759863	3	0.0	0	0.0	0	0.0	0	583
0.513888888889	0.0	0	0.0	0	0.0	0	0.0	0	504
0.512328767123	0.0041095890411	3	0.0027397260274	2	0.0013698630137	1	0.0013698630137	1	730
0.521518987342	0.0	0	0.0	0	0.0	0	0.0	0	395
0.468543046358	0.00165562913907	1	0.0	0	0.0	0	0.0	0	604
0.473333333333	0.000952380952381	1	0.00380952380952	4	0.000952380952381	1	0.0	0	1050
0.499284692418	0.0071530758226	5	0.00429184549356	3	0.00286123032904	2	0.0	0	699
0.571134020619	0.0	0	0.0	0	0.0	0	0.0	0	485
0.48492159228	0.00965018094089	8	0.00965018094089	8	0.00241254523522	2	0.00120627261761	1	829
0.502252252252	0.0	0	0.0	0	0.0	0	0.0	0	444
0.573369565217	0.00271739130435	1	0.0	0	0.0	0	0.0	0	368
0.583561643836	0.013698630137	5	0.0027397260274	1	0.0	0	0.0	0	365
0.549682875264	0.0	0	0.00422832980973	2	0.0	0	0.00211416490486	1	473
0.523385300668	0.0	0	0.0	0	0.0	0	0.0	0	449
0.483870967742	0.00358422939068	2	0.0	0	0.0	0	0.0	0	558
0.48996350365	0.0036496350365	4	0.0	0	0.0	0	0.0	0	1096
0.507936507937	0.0015873015873	1	0.0015873015873	1	0.0	0	0.0	0	630
0.659340659341	0.010989010989	3	0.003663003663	1	0.0	0	0.0	0	273
0.45810663765	0.00326441784548	3	0.00652883569097	6	0.0	0	0.0	0	919
0.597667638484	0.0	0	0.00291545189504	1	0.0	0	0.0	0	343
0.704081632653	0.0	0	0.00510204081633	1	0.0	0	0.00510204081633	1	196
0.530612244898	0.00170068027211	1	0.0119047619048	7	0.00340136054422	2	0.00170068027211	1	588
0.59584295612	0.00461893764434	2	0.00230946882217	1	0.0	0	0.0	0	433
0.527629233512	0.0017825311943	1	0.0017825311943	1	0.0017825311943	1	0.0	0	561
0.556650246305	0.00328407224959	2	0.00164203612479	1	0.0	0	0.0	0	609
0.586715867159	0.0110701107011	3	0.00369003690037	1	0.0	0	0.0	0	271
0.438917975567	0.00261780104712	3	0.00087260034904	1	0.0	0	0.0	0	1146
0.528971962617	0.0018691588785	1	0.0018691588785	1	0.0	0	0.0	0	535
0.494597839136	0.0	0	0.00120048019208	1	0.00120048019208	1	0.0	0	833
0.545774647887	0.00704225352113	4	0.0105633802817	6	0.0	0	0.0	0	568
0.61724137931	0.0103448275862	3	0.0	0	0.0	0	0.0	0	290
0.449141347424	0.00264200792602	2	0.00132100396301	1	0.0	0	0.0	0	757
0.440354464894	0.0040899795501	6	0.00068166325835	1	0.0	0	0.0	0	1467
0.406811145511	0.00185758513932	3	0.00185758513932	3	0.00123839009288	2	0.00061919504644	1	1615
0.513819095477	0.00125628140704	1	0.00502512562814	4	0.0	0	0.0	0	796
0.467024539877	0.000766871165644	1	0.0	0	0.0	0	0.0	0	1304
0.443345323741	0.00179856115108	2	0.0	0	0.0	0	0.0	0	1112
0.576779026217	0.0	0	0.0	0	0.0	0	0.0	0	267
0.517038777908	0.00470035252644	4	0.00470035252644	4	0.0	0	0.00117508813161	1	851
0.507246376812	0.0	0	0.00207039337474	1	0.0	0	0.0	0	483
0.56570155902	0.00445434298441	2	0.0022271714922	1	0.0022271714922	1	0.0	0	449
0.476683937824	0.00259067357513	2	0.00129533678756	1	0.00388601036269	3	0.00129533678756	1	772
0.495029821074	0.0119284294235	6	0.0	0	0.00198807157058	1	0.0	0	503
0.466921119593	0.00636132315522	5	0.00763358778626	6	0.00127226463104	1	0.0	0	786
0.518613607189	0.0012836970475	1	0.0	0	0.0	0	0.0	0	779
0.47032967033	0.0043956043956	4	0.0	0	0.0	0	0.0	0	910
0.539215686275	0.00490196078431	2	0.00490196078431	2	0.0	0	0.0	0	408
0.499492385787	0.00406091370558	4	0.00406091370558	4	0.0	0	0.0	0	985
0.495894909688	0.00656814449918	4	0.0	0	0.0	0	0.00164203612479	1	609
0.456647398844	0.00256904303147	4	0.0019267822736	3	0.0	0	0.0	0	1557
0.545794392523	0.00747663551402	4	0.0	0	0.0	0	0.0	0	535
0.49	0.002	1	0.004	2	0.004	2	0.002	1	500
0.543636363636	0.00909090909091	5	0.0	0	0.0	0	0.0	0	550
0.44140969163	0.00881057268722	10	0.00264317180617	3	0.0	0	0.0	0	1135
0.663333333333	0.01	3	0.00666666666667	2	0.0	0	0.0	0	300
0.541843971631	0.00141843971631	1	0.00425531914894	3	0.00567375886525	4	0.00141843971631	1	705
0.4725	0.00625	5	0.00125	1	0.00125	1	0.0	0	800
0.48902346707	0.00302800908403	4	0.00227100681302	3	0.0	0	0.000757002271007	1	1321
0.605351170569	0.0	0	0.0	0	0.0	0	0.0	0	299
0.507537688442	0.0	0	0.00167504187605	1	0.0	0	0.0	0	597
0.430929626412	0.0	0	0.0	0	0.000868809730669	1	0.0	0	1151
0.577889447236	0.00502512562814	2	0.00251256281407	1	0.0	0	0.0	0	398
0.53036437247	0.00404858299595	2	0.0	0	0.0	0	0.0	0	494
0.591362126246	0.00166112956811	1	0.0	0	0.0	0	0.0	0	602
0.606811145511	0.00928792569659	3	0.0030959752322	1	0.0	0	0.0	0	323
0.612691466083	0.0	0	0.0	0	0.0	0	0.00218818380744	1	457
0.570796460177	0.0	0	0.0	0	0.0	0	0.0	0	678
0.476129032258	0.00774193548387	6	0.00516129032258	4	0.00129032258065	1	0.0	0	775
0.728395061728	0.0	0	0.0	0	0.0	0	0.0	0	81
0.621863799283	0.00179211469534	1	0.0	0	0.0	0	0.0	0	558
0.497512437811	0.0016583747927	1	0.0	0	0.0	0	0.0	0	603
0.33233632436	0.00132934529744	4	0.0016616816218	5	0.00033233632436	1	0.0	0	3009
0.323122529644	0.00197628458498	6	0.00131752305665	4	0.0	0	0.0	0	3036
0.700980392157	0.00490196078431	1	0.0	0	0.0	0	0.0	0	204
0.544943820225	0.00421348314607	3	0.00280898876404	2	0.0	0	0.0	0	712
0.530612244898	0.00510204081633	3	0.00340136054422	2	0.00170068027211	1	0.0	0	588
0.550544323484	0.00311041990669	2	0.00311041990669	2	0.0	0	0.0	0	643
0.484268125855	0.00136798905609	1	0.00820793433653	6	0.0	0	0.0	0	731
0.533536585366	0.00457317073171	3	0.0030487804878	2	0.0	0	0.0015243902439	1	656
0.524680073126	0.0018281535649	1	0.0018281535649	1	0.0	0	0.0	0	547
0.61669829222	0.00569259962049	3	0.00379506641366	2	0.00189753320683	1	0.0	0	527
0.584951456311	0.00242718446602	1	0.00485436893204	2	0.0	0	0.0	0	412
0.580299785867	0.0	0	0.0	0	0.0	0	0.00428265524625	2	467
0.586206896552	0.00383141762452	2	0.0	0	0.00191570881226	1	0.0	0	522
0.685975609756	0.0030487804878	1	0.0	0	0.0	0	0.0	0	328
0.405956977386	0.00110314396029	2	0.000551571980143	1	0.0	0	0.0	0	1813
0.492283950617	0.00462962962963	3	0.00308641975309	2	0.00154320987654	1	0.0	0	648
0.549920760697	0.00158478605388	1	0.0	0	0.00158478605388	1	0.0	0	631
0.5728	0.0016	1	0.0	0	0.0032	2	0.0	0	625
0.583665338645	0.0	0	0.0	0	0.0	0	0.0	0	502
0.869047619048	0.0	0	0.0	0	0.0	0	0.0	0	84
0.533426183844	0.0	0	0.0	0	0.0	0	0.0	0	718
0.600414078675	0.0	0	0.0	0	0.0	0	0.0	0	483
0.618497109827	0.0028901734104	1	0.00578034682081	2	0.0	0	0.0	0	346
0.558011049724	0.0	0	0.00184162062615	1	0.0036832412523	2	0.00184162062615	1	543
0.534606205251	0.00477326968974	2	0.00238663484487	1	0.00238663484487	1	0.0	0	419
0.502304147465	0.00307219662058	2	0.0	0	0.0	0	0.0	0	651
0.612179487179	0.0	0	0.0	0	0.00320512820513	1	0.00320512820513	1	312
0.5	0.0	0	0.0	0	0.00100200400802	1	0.0	0	998
0.470437017995	0.0	0	0.0	0	0.0	0	0.0	0	778
0.41784989858	0.00405679513185	4	0.00202839756592	2	0.00304259634888	3	0.00202839756592	2	986
0.527491408935	0.00515463917526	3	0.0	0	0.0	0	0.0	0	582
0.429384965831	0.000759301442673	2	0.00227790432802	6	0.0	0	0.000379650721336	1	2634
0.578947368421	0.00478468899522	2	0.0	0	0.0	0	0.0	0	418
0.578595317726	0.0133779264214	4	0.00334448160535	1	0.0	0	0.0	0	299
0.521844660194	0.00970873786408	4	0.00485436893204	2	0.0	0	0.00242718446602	1	412
0.665338645418	0.00398406374502	1	0.0	0	0.0	0	0.0	0	251
0.597989949749	0.0	0	0.00251256281407	1	0.0	0	0.0	0	398
0.554545454545	0.00909090909091	2	0.0136363636364	3	0.0	0	0.0	0	220
0.593181818182	0.00454545454545	2	0.0	0	0.0	0	0.00227272727273	1	440
0.445502645503	0.00529100529101	5	0.0021164021164	2	0.0	0	0.0	0	945
0.5625	0.0	0	0.00462962962963	2	0.0	0	0.0	0	432
0.506715506716	0.002442002442	2	0.003663003663	3	0.0	0	0.0	0	819
0.51166407465	0.00466562986003	3	0.00155520995334	1	0.0	0	0.0	0	643
0.532178217822	0.00247524752475	1	0.0	0	0.0	0	0.0	0	404
0.4739195231	0.0	0	0.00298062593145	2	0.0	0	0.0	0	671
0.480544747082	0.0	0	0.0	0	0.000972762645914	1	0.0	0	1028
0.494047619048	0.0	0	0.0014880952381	1	0.0014880952381	1	0.0	0	672
0.611650485437	0.00242718446602	1	0.0	0	0.0	0	0.0	0	412
0.673819742489	0.0214592274678	5	0.00858369098712	2	0.0	0	0.0	0	233
0.343640897756	0.000997506234414	2	0.00798004987531	16	0.000997506234414	2	0.000997506234414	2	2005
0.509202453988	0.00306748466258	2	0.00460122699387	3	0.0	0	0.0	0	652
0.437219730942	0.0	0	0.00448430493274	6	0.0	0	0.000747384155456	1	1338
0.574123989218	0.00539083557951	2	0.00808625336927	3	0.00539083557951	2	0.00269541778976	1	371
0.452618453865	0.0	0	0.00623441396509	5	0.00124688279302	1	0.0	0	802
0.585677749361	0.00255754475703	1	0.00255754475703	1	0.0076726342711	3	0.0	0	391
0.521739130435	0.0115089514066	9	0.0	0	0.0	0	0.0	0	782
0.623880597015	0.00597014925373	2	0.0	0	0.0	0	0.0	0	335
0.629151291513	0.00369003690037	2	0.00184501845018	1	0.0	0	0.0	0	542
0.485213581599	0.0065717415115	6	0.00766703176342	7	0.0	0	0.00219058050383	2	913
0.509459459459	0.00675675675676	5	0.0027027027027	2	0.0	0	0.0	0	740
0.599567099567	0.00865800865801	4	0.004329004329	2	0.0	0	0.0	0	462
0.519379844961	0.0062015503876	4	0.0	0	0.0	0	0.0	0	645
0.656	0.0	0	0.008	1	0.0	0	0.0	0	125
0.506612410987	0.00101729399797	1	0.00101729399797	1	0.0	0	0.0	0	983
0.524109014675	0.0	0	0.0062893081761	3	0.0	0	0.0	0	477
0.535042735043	0.0	0	0.00683760683761	4	0.0	0	0.0	0	585
0.456391875747	0.0	0	0.00358422939068	3	0.00358422939068	3	0.0	0	837
0.495926680244	0.0040733197556	4	0.0091649694501	9	0.0010183299389	1	0.0	0	982
0.548961424332	0.00593471810089	4	0.0	0	0.00148367952522	1	0.0	0	674
0.470052083333	0.00260416666667	2	0.00651041666667	5	0.00130208333333	1	0.00260416666667	2	768
0.49173553719	0.00619834710744	6	0.00103305785124	1	0.0	0	0.00103305785124	1	968
0.477837837838	0.00864864864865	8	0.00108108108108	1	0.0	0	0.0	0	925
0.439726027397	0.0	0	0.0013698630137	1	0.0	0	0.0	0	730
0.576988155668	0.00169204737733	1	0.00507614213198	3	0.0	0	0.0	0	591
0.53036437247	0.00202429149798	1	0.0	0	0.0	0	0.0	0	494
0.547619047619	0.00396825396825	2	0.00198412698413	1	0.0	0	0.0	0	504
0.46057571965	0.00625782227785	5	0.00500625782228	4	0.0	0	0.0	0	799
0.60582010582	0.0026455026455	1	0.015873015873	6	0.0	0	0.0	0	378
0.490322580645	0.00161290322581	1	0.00483870967742	3	0.0	0	0.0	0	620
0.471279373368	0.0	0	0.0	0	0.0	0	0.0	0	766
0.515789473684	0.0	0	0.0	0	0.0	0	0.0	0	475
0.503086419753	0.0	0	0.0	0	0.0	0	0.0	0	648
0.440636474908	0.00122399020808	1	0.00367197062424	3	0.00122399020808	1	0.0	0	817
0.520184544406	0.00115340253749	1	0.0	0	0.00230680507497	2	0.0	0	867
0.641176470588	0.0117647058824	2	0.0	0	0.0	0	0.0	0	170
0.60237388724	0.00296735905045	1	0.00296735905045	1	0.00593471810089	2	0.0	0	337
0.587737843552	0.0	0	0.00211416490486	1	0.00211416490486	1	0.00211416490486	1	473
0.629796839729	0.0	0	0.00451467268623	2	0.0	0	0.0	0	443
0.544871794872	0.00213675213675	1	0.0	0	0.0	0	0.0	0	468
0.452655889145	0.00461893764434	4	0.00230946882217	2	0.0	0	0.0	0	866
0.563318777293	0.00218340611354	1	0.0	0	0.0	0	0.0	0	458
0.632653061224	0.00680272108844	2	0.0	0	0.0	0	0.0	0	294
0.533926585095	0.00333704115684	3	0.00667408231368	6	0.0	0	0.0	0	899
0.458036984353	0.00711237553343	5	0.00568990042674	4	0.00142247510669	1	0.0	0	703
0.490909090909	0.0	0	0.0	0	0.0	0	0.0013986013986	1	715
0.525714285714	0.01	7	0.00142857142857	1	0.0	0	0.0	0	700
0.501265822785	0.00886075949367	7	0.00506329113924	4	0.0	0	0.0	0	790
0.616393442623	0.00983606557377	3	0.0	0	0.0	0	0.0	0	305
0.441153546376	0.0	0	0.000779423226812	1	0.0	0	0.0	0	1283
0.599369085174	0.00315457413249	1	0.0	0	0.00315457413249	1	0.0	0	317
0.566610455312	0.00168634064081	1	0.00337268128162	2	0.00505902192243	3	0.0	0	593
0.47506339814	0.000845308537616	1	0.00338123415046	4	0.00169061707523	2	0.0	0	1183
0.416828478964	0.00129449838188	2	0.000647249190939	1	0.0	0	0.000647249190939	1	1545
0.489142857143	0.0	0	0.00342857142857	3	0.0	0	0.00114285714286	1	875
0.484669811321	0.0	0	0.00117924528302	1	0.0	0	0.0	0	848
0.596306068602	0.00791556728232	3	0.0	0	0.00527704485488	2	0.0	0	379
0.490212071778	0.00856443719413	21	0.00285481239804	7	0.0	0	0.0	0	2452
0.582446808511	0.00265957446809	1	0.0	0	0.00265957446809	1	0.0	0	376
0.618705035971	0.00719424460432	2	0.0	0	0.0	0	0.0	0	278
0.509513742072	0.0105708245243	5	0.0	0	0.0	0	0.0	0	473
0.528787878788	0.00151515151515	1	0.0030303030303	2	0.0	0	0.0	0	660
0.566326530612	0.0136054421769	8	0.0	0	0.0	0	0.0	0	588
0.519396551724	0.0	0	0.0	0	0.0	0	0.0	0	464
0.480392156863	0.00326797385621	3	0.00108932461874	1	0.0	0	0.0	0	918
0.707865168539	0.0	0	0.0	0	0.0	0	0.0	0	89
0.461295418641	0.0	0	0.0	0	0.0	0	0.0	0	633
0.54565701559	0.00445434298441	2	0.0022271714922	1	0.0	0	0.0	0	449
0.564564564565	0.012012012012	4	0.0	0	0.0	0	0.0	0	333
0.42343387471	0.00116009280742	1	0.00232018561485	2	0.0	0	0.0	0	862
0.602564102564	0.00641025641026	2	0.0	0	0.0	0	0.0	0	312
0.577253218884	0.0107296137339	5	0.0	0	0.0	0	0.0	0	466
0.480519480519	0.00162337662338	1	0.0	0	0.0	0	0.0	0	616
0.561436672968	0.00378071833648	2	0.00378071833648	2	0.00189035916824	1	0.0	0	529
0.449481865285	0.00259067357513	2	0.00129533678756	1	0.0	0	0.0	0	772
0.49373433584	0.00375939849624	3	0.00125313283208	1	0.00250626566416	2	0.0	0	798
0.567123287671	0.0	0	0.00547945205479	2	0.0	0	0.0	0	365
0.593625498008	0.00398406374502	1	0.00796812749004	2	0.0	0	0.0	0	251
0.522762951334	0.00470957613815	3	0.0	0	0.0	0	0.0	0	637
0.558411214953	0.00467289719626	2	0.0163551401869	7	0.00233644859813	1	0.0	0	428
0.452894438138	0.00227014755959	2	0.0295119182747	26	0.0	0	0.0	0	881
0.587064676617	0.00248756218905	1	0.0	0	0.00248756218905	1	0.0	0	402
0.544378698225	0.00394477317554	2	0.0	0	0.0	0	0.0	0	507
0.51619047619	0.0114285714286	6	0.00761904761905	4	0.0	0	0.0	0	525
0.324311261479	0.0	0	0.0	0	0.000966650555824	2	0.0	0	2069
0.536464771323	0.0	0	0.0	0	0.00123609394314	1	0.00247218788628	2	809
0.683673469388	0.00340136054422	1	0.00680272108844	2	0.00340136054422	1	0.0	0	294
0.526034712951	0.00400534045394	3	0.00133511348465	1	0.0	0	0.0	0	749
0.48370273794	0.0013037809648	1	0.0026075619296	2	0.0	0	0.0	0	767
0.580756013746	0.00515463917526	3	0.00171821305842	1	0.0	0	0.0	0	582
0.508064516129	0.00268817204301	2	0.00134408602151	1	0.00134408602151	1	0.0	0	744
0.578616352201	0.0125786163522	6	0.0	0	0.0	0	0.0	0	477
0.497912317328	0.00417536534447	4	0.00104384133612	1	0.0	0	0.0	0	958
0.560975609756	0.00650406504065	4	0.0	0	0.0	0	0.0	0	615
0.49504950495	0.001414427157	1	0.016973125884	12	0.0	0	0.0	0	707
0.248412017167	0.000515021459227	3	0.00635193133047	37	0.00343347639485	20	0.000858369098712	5	5825
0.502100840336	0.00210084033613	1	0.0	0	0.0	0	0.0	0	476
0.501722158439	0.0	0	0.00688863375431	6	0.00344431687715	3	0.0	0	871
0.549019607843	0.0	0	0.0078431372549	2	0.0	0	0.0	0	255
0.531386861314	0.0	0	0.0014598540146	1	0.0	0	0.0	0	685
0.544827586207	0.00229885057471	1	0.00229885057471	1	0.0	0	0.0	0	435
0.485161290323	0.00516129032258	4	0.00645161290323	5	0.00645161290323	5	0.0	0	775
0.637195121951	0.0	0	0.0121951219512	4	0.0	0	0.0	0	328
0.43489148581	0.000834724540902	1	0.0016694490818	2	0.0	0	0.000834724540902	1	1198
0.504587155963	0.00152905198777	1	0.00152905198777	1	0.0	0	0.0	0	654
0.462275449102	0.00119760479042	1	0.00119760479042	1	0.00119760479042	1	0.0	0	835
0.454193548387	0.0193548387097	30	0.00322580645161	5	0.000645161290323	1	0.0	0	1550
0.543599257885	0.00371057513915	2	0.00556586270872	3	0.00185528756957	1	0.0	0	539
0.537313432836	0.0	0	0.0	0	0.0	0	0.0	0	335
0.517699115044	0.00589970501475	4	0.0	0	0.00147492625369	1	0.0	0	678
0.46015037594	0.00751879699248	5	0.0015037593985	1	0.0	0	0.0	0	665
0.451994091581	0.00147710487445	2	0.000738552437223	1	0.0	0	0.0	0	1354
0.443341604632	0.00248138957816	3	0.00413564929694	5	0.000827129859388	1	0.0	0	1209
0.566735112936	0.0	0	0.00205338809035	1	0.0	0	0.0	0	487
0.479768786127	0.00231213872832	2	0.00231213872832	2	0.00115606936416	1	0.0	0	865
0.424186617557	0.0049109883364	8	0.0	0	0.0	0	0.0	0	1629
0.540268456376	0.00335570469799	2	0.00167785234899	1	0.00167785234899	1	0.0	0	596
0.548051948052	0.0	0	0.0	0	0.0	0	0.0	0	385
0.540302267003	0.0	0	0.00251889168766	2	0.0	0	0.0	0	794
0.503597122302	0.00287769784173	2	0.00143884892086	1	0.00143884892086	1	0.0	0	695
0.530499075786	0.00739371534196	4	0.00554528650647	3	0.0	0	0.0	0	541
0.600790513834	0.0	0	0.0	0	0.0	0	0.0	0	253
0.530120481928	0.0	0	0.0	0	0.00481927710843	2	0.0	0	415
0.595238095238	0.00297619047619	1	0.0	0	0.0	0	0.0	0	336
0.51267281106	0.00115207373272	1	0.00115207373272	1	0.0	0	0.0	0	868
0.506304558681	0.0	0	0.0	0	0.0	0	0.000969932104753	1	1031
0.46214511041	0.0	0	0.00157728706625	1	0.0	0	0.00157728706625	1	634
0.50861423221	0.00224719101124	3	0.00299625468165	4	0.00224719101124	3	0.0	0	1335
0.58407079646	0.0	0	0.00530973451327	3	0.0	0	0.0	0	565
0.446846846847	0.0027027027027	3	0.0	0	0.0	0	0.0018018018018	2	1110
0.480662983425	0.0	0	0.0	0	0.0	0	0.0	0	543
0.552016985138	0.00212314225053	1	0.00424628450106	2	0.0	0	0.00212314225053	1	471
0.565934065934	0.0137362637363	5	0.00274725274725	1	0.0	0	0.0	0	364
0.588068181818	0.00852272727273	3	0.0	0	0.00284090909091	1	0.0	0	352
0.590497737557	0.00452488687783	2	0.00452488687783	2	0.0	0	0.0	0	442
0.518413597734	0.0014164305949	1	0.00849858356941	6	0.0014164305949	1	0.0	0	706
0.592515592516	0.0	0	0.002079002079	1	0.0	0	0.004158004158	2	481
0.57793764988	0.0	0	0.0	0	0.00239808153477	1	0.0	0	417
0.5	0.0	0	0.00131926121372	1	0.0	0	0.0	0	758
0.529510961214	0.00337268128162	2	0.00843170320405	5	0.0	0	0.0	0	593
0.49273255814	0.00290697674419	2	0.0	0	0.0	0	0.0	0	688
0.523489932886	0.00335570469799	3	0.0	0	0.0	0	0.0	0	894
0.513005780347	0.0014450867052	1	0.0028901734104	2	0.0014450867052	1	0.0	0	692
0.522867737948	0.00988875154512	8	0.00123609394314	1	0.0	0	0.0	0	809
0.564846416382	0.00682593856655	4	0.0	0	0.0	0	0.00170648464164	1	586
0.547222222222	0.00277777777778	1	0.0	0	0.0	0	0.0	0	360
0.556962025316	0.00506329113924	2	0.0	0	0.0	0	0.0	0	395
0.494505494505	0.00915750915751	5	0.0018315018315	1	0.0	0	0.0	0	546
0.532062391681	0.00173310225303	1	0.0138648180243	8	0.0	0	0.0	0	577
0.445757997218	0.000695410292072	1	0.00278164116829	4	0.0	0	0.0	0	1438
0.558359621451	0.0	0	0.00630914826498	2	0.00315457413249	1	0.0	0	317
0.550442477876	0.0070796460177	4	0.00530973451327	3	0.00176991150442	1	0.00176991150442	1	565
0.708737864078	0.00970873786408	2	0.00485436893204	1	0.0	0	0.0	0	206
0.496828752643	0.00105708245243	1	0.00211416490486	2	0.0	0	0.0	0	946
0.530106257379	0.00826446280992	7	0.00236127508855	2	0.00118063754427	1	0.00118063754427	1	847
0.513043478261	0.0	0	0.0	0	0.0	0	0.0	0	460
0.540136054422	0.00408163265306	3	0.00408163265306	3	0.0	0	0.0	0	735
0.549469964664	0.0017667844523	1	0.00883392226148	5	0.0	0	0.0	0	566
0.572232645403	0.0112570356473	6	0.0	0	0.0	0	0.0	0	533
0.626865671642	0.0	0	0.0	0	0.0	0	0.0	0	268
0.494145199063	0.0	0	0.00234192037471	2	0.0	0	0.0	0	854
0.524291497976	0.0	0	0.00202429149798	1	0.0	0	0.0	0	494
0.509523809524	0.00238095238095	2	0.00119047619048	1	0.00238095238095	2	0.0	0	840
0.477272727273	0.00252525252525	1	0.0	0	0.0	0	0.0	0	396
0.510440835267	0.0046403712297	2	0.0046403712297	2	0.0	0	0.0	0	431
0.464285714286	0.0	0	0.0	0	0.0	0	0.0	0	868
0.553658536585	0.0	0	0.00731707317073	3	0.00243902439024	1	0.00731707317073	3	410
0.5625	0.005	2	0.0	0	0.005	2	0.0	0	400
0.515337423313	0.00460122699387	3	0.00153374233129	1	0.0	0	0.00613496932515	4	652
0.48182665424	0.00186393289842	2	0.00465983224604	5	0.0	0	0.0	0	1073
0.580796252927	0.00234192037471	1	0.00702576112412	3	0.0	0	0.0	0	427
0.561484918794	0.0	0	0.0	0	0.00232018561485	1	0.0	0	431
0.511278195489	0.00300751879699	2	0.00300751879699	2	0.0	0	0.0	0	665
0.604790419162	0.00898203592814	3	0.00898203592814	3	0.00299401197605	1	0.0	0	334
0.535532994924	0.00761421319797	3	0.0	0	0.0	0	0.0	0	394
0.455607476636	0.0	0	0.0	0	0.00233644859813	3	0.0	0	1284
0.491620111732	0.00837988826816	6	0.0	0	0.0	0	0.0	0	716
0.446322067594	0.000994035785288	1	0.00298210735586	3	0.0	0	0.0	0	1006
0.5072	0.0	0	0.0016	1	0.0	0	0.0	0	625
0.554794520548	0.0	0	0.0	0	0.0	0	0.0	0	438
0.599557522124	0.0	0	0.00221238938053	1	0.00221238938053	1	0.0	0	452
0.481034482759	0.0	0	0.00344827586207	2	0.00172413793103	1	0.0	0	580
0.505827505828	0.0	0	0.004662004662	2	0.0	0	0.0	0	429
0.478930307942	0.0113452188006	14	0.0	0	0.0	0	0.0	0	1234
0.664705882353	0.00294117647059	1	0.00882352941176	3	0.0	0	0.0	0	340
0.510989010989	0.00549450549451	3	0.0018315018315	1	0.0	0	0.0	0	546
0.649484536082	0.00515463917526	1	0.0103092783505	2	0.0	0	0.0	0	194
0.557858376511	0.0	0	0.00518134715026	3	0.00345423143351	2	0.0	0	579
0.473751600512	0.00512163892446	4	0.00256081946223	2	0.0	0	0.0	0	781
0.543610547667	0.0	0	0.0	0	0.0	0	0.0	0	493
0.470028544244	0.0	0	0.000951474785918	1	0.000951474785918	1	0.0	0	1051
0.536312849162	0.00558659217877	3	0.00372439478585	2	0.0	0	0.0	0	537
0.552220888355	0.0	0	0.0	0	0.0	0	0.0	0	833
0.558189655172	0.0	0	0.0	0	0.0	0	0.0	0	464
0.481986368062	0.000973709834469	1	0.0	0	0.000973709834469	1	0.0	0	1027
0.561436672968	0.00567107750473	3	0.00945179584121	5	0.00189035916824	1	0.0	0	529
