0.44188034188	0.0017094017094	2	0.0	0	0.000854700854701	1	0.0	0	1170
0.485863874346	0.00523560209424	5	0.00104712041885	1	0.0	0	0.0	0	955
0.791044776119	0.0	0	0.0	0	0.0	0	0.0	0	67
0.690476190476	0.0047619047619	1	0.0	0	0.0	0	0.0	0	210
0.615776081425	0.0	0	0.00508905852417	2	0.0	0	0.0	0	393
0.505067567568	0.00675675675676	4	0.0	0	0.0	0	0.0	0	592
0.463648834019	0.0	0	0.00411522633745	3	0.0	0	0.0	0	729
0.547925608011	0.0	0	0.00286123032904	2	0.0	0	0.0	0	699
0.501792114695	0.0	0	0.00358422939068	2	0.0	0	0.0	0	558
0.543636363636	0.0	0	0.0	0	0.00181818181818	1	0.0	0	550
0.512145748988	0.00202429149798	1	0.0	0	0.0	0	0.0	0	494
0.376390605686	0.00556242274413	9	0.00061804697157	1	0.00123609394314	2	0.00061804697157	1	1618
0.460260115607	0.00361271676301	5	0.0	0	0.0	0	0.0	0	1384
0.512355848435	0.00164744645799	1	0.00823723228995	5	0.00164744645799	1	0.0	0	607
0.677419354839	0.00322580645161	1	0.0	0	0.0	0	0.0	0	310
0.323145732389	0.00596347372344	16	0.00633619083116	17	0.00335445396944	9	0.0	0	2683
0.491228070175	0.015037593985	12	0.0	0	0.00501253132832	4	0.00375939849624	3	798
0.476386036961	0.00513347022587	5	0.00308008213552	3	0.0	0	0.00102669404517	1	974
0.546534653465	0.0019801980198	1	0.00594059405941	3	0.0	0	0.0	0	505
0.608163265306	0.0	0	0.0	0	0.0	0	0.0	0	245
0.457547169811	0.00157232704403	2	0.00235849056604	3	0.000786163522013	1	0.00157232704403	2	1272
0.489425981873	0.0	0	0.00302114803625	1	0.0	0	0.0	0	331
0.584680851064	0.0	0	0.0	0	0.0	0	0.0	0	1175
0.412510566357	0.00338123415046	4	0.00845308537616	10	0.00253592561285	3	0.000845308537616	1	1183
0.592067988669	0.0028328611898	1	0.0028328611898	1	0.0	0	0.0	0	353
0.704347826087	0.00869565217391	1	0.0	0	0.0	0	0.0	0	115
0.386856788593	0.00247985120893	4	0.00247985120893	4	0.0018598884067	3	0.00123992560446	2	1613
0.422626025791	0.000586166471278	1	0.0052754982415	9	0.000586166471278	1	0.0	0	1706
0.465714285714	0.00380952380952	4	0.00190476190476	2	0.00190476190476	2	0.0	0	1050
0.462356792144	0.00245499181669	3	0.00245499181669	3	0.000818330605565	1	0.0	0	1222
0.48291571754	0.00227790432802	2	0.00227790432802	2	0.00227790432802	2	0.0	0	878
0.532894736842	0.00657894736842	3	0.0	0	0.0	0	0.0	0	456
0.40470193115	0.00251889168766	3	0.00335852225021	4	0.000839630562552	1	0.0	0	1191
0.521489971347	0.00429799426934	3	0.0	0	0.0	0	0.0	0	698
0.383954154728	0.0	0	0.0	0	0.0	0	0.0	0	698
0.711111111111	0.0	0	0.0	0	0.0	0	0.0	0	90
0.647368421053	0.0	0	0.0	0	0.0	0	0.0	0	190
0.612903225806	0.00293255131965	1	0.0	0	0.0	0	0.0	0	341
0.651515151515	0.0	0	0.0	0	0.0	0	0.0	0	198
0.531380753138	0.0	0	0.0	0	0.0	0	0.0	0	239
0.553047404063	0.0	0	0.0	0	0.0	0	0.0	0	443
0.712389380531	0.0	0	0.0	0	0.0	0	0.0	0	226
0.662576687117	0.00613496932515	1	0.0	0	0.0	0	0.0	0	163
0.807228915663	0.0	0	0.0	0	0.0	0	0.0	0	83
0.818181818182	0.0	0	0.0	0	0.0	0	0.0	0	44
0.548098434004	0.0	0	0.00223713646532	1	0.0	0	0.0	0	447
0.444444444444	0.0024154589372	1	0.0	0	0.0	0	0.0	0	414
0.545454545455	0.0	0	0.00193423597679	1	0.00193423597679	1	0.0	0	517
0.613095238095	0.0	0	0.0	0	0.0	0	0.0	0	168
0.505928853755	0.00131752305665	1	0.0105401844532	8	0.0	0	0.00131752305665	1	759
0.552447552448	0.0	0	0.00699300699301	3	0.0	0	0.0	0	429
0.504992867332	0.00427960057061	3	0.00142653352354	1	0.00142653352354	1	0.0	0	701
0.516923076923	0.00923076923077	6	0.00153846153846	1	0.0	0	0.0	0	650
0.58865248227	0.00354609929078	1	0.00354609929078	1	0.0	0	0.00354609929078	1	282
0.524369747899	0.00336134453782	2	0.00504201680672	3	0.0	0	0.0	0	595
0.518965517241	0.00172413793103	1	0.00172413793103	1	0.00172413793103	1	0.0	0	580
0.392857142857	0.005	7	0.00285714285714	4	0.000714285714286	1	0.0	0	1400
0.469194312796	0.00710900473934	6	0.00473933649289	4	0.0	0	0.0	0	844
0.457844183565	0.00213447171825	2	0.00320170757737	3	0.0	0	0.0	0	937
0.584577114428	0.00248756218905	1	0.0	0	0.0	0	0.0	0	402
0.442335766423	0.0248175182482	17	0.0014598540146	1	0.0014598540146	1	0.0	0	685
0.488986784141	0.0014684287812	1	0.0	0	0.0	0	0.0	0	681
0.535447761194	0.0	0	0.00373134328358	2	0.0	0	0.0	0	536
0.607623318386	0.00448430493274	2	0.0	0	0.0	0	0.00224215246637	1	446
0.521052631579	0.00350877192982	2	0.00350877192982	2	0.0	0	0.0	0	570
0.461778471139	0.00468018720749	3	0.00312012480499	2	0.0015600624025	1	0.0	0	641
0.490196078431	0.0	0	0.0	0	0.0	0	0.0	0	765
0.462196861626	0.00285306704708	2	0.0	0	0.0	0	0.0	0	701
0.514767932489	0.00210970464135	1	0.00210970464135	1	0.0	0	0.0	0	474
0.537170263789	0.00239808153477	1	0.00239808153477	1	0.0	0	0.0	0	417
0.469984202212	0.00315955766193	4	0.000789889415482	1	0.0	0	0.0	0	1266
0.536193029491	0.00938337801609	7	0.00536193029491	4	0.0	0	0.0	0	746
0.523738872404	0.00148367952522	1	0.00593471810089	4	0.00148367952522	1	0.0	0	674
0.408291457286	0.00125628140704	2	0.00188442211055	3	0.000628140703518	1	0.0	0	1592
0.475138121547	0.00220994475138	2	0.00110497237569	1	0.0	0	0.0	0	905
0.53305785124	0.00275482093664	2	0.0	0	0.00137741046832	1	0.0	0	726
0.584239130435	0.0	0	0.0054347826087	2	0.0	0	0.00271739130435	1	368
0.619897959184	0.00255102040816	1	0.0	0	0.0	0	0.0	0	392
0.4461994077	0.00888450148075	9	0.00493583415597	5	0.0	0	0.000987166831194	1	1013
0.472222222222	0.0	0	0.0	0	0.00115740740741	1	0.00115740740741	1	864
0.594972067039	0.00279329608939	1	0.0	0	0.0	0	0.0	0	358
0.368031573754	0.00246669955599	5	0.0	0	0.00246669955599	5	0.0	0	2027
0.429460580913	0.0	0	0.00414937759336	4	0.0	0	0.0	0	964
0.55	0.0	0	0.0	0	0.0	0	0.0	0	360
0.478348439074	0.00201409869084	2	0.00302114803625	3	0.0	0	0.00100704934542	1	993
0.467564259486	0.00122399020808	1	0.00367197062424	3	0.0	0	0.0	0	817
0.597972972973	0.0	0	0.0	0	0.0	0	0.0	0	296
0.438356164384	0.00182648401826	2	0.00182648401826	2	0.0027397260274	3	0.0	0	1095
0.536923076923	0.00153846153846	1	0.0	0	0.0	0	0.0	0	650
0.519637462236	0.0	0	0.0	0	0.00151057401813	1	0.0	0	662
0.534534534535	0.0015015015015	1	0.0015015015015	1	0.0	0	0.0	0	666
0.612121212121	0.0030303030303	1	0.00606060606061	2	0.0	0	0.0	0	330
0.49644549763	0.00118483412322	1	0.00236966824645	2	0.00118483412322	1	0.00118483412322	1	844
0.553353658537	0.0030487804878	2	0.0	0	0.0015243902439	1	0.0	0	656
0.728813559322	0.0	0	0.0	0	0.0	0	0.0	0	118
0.503611971104	0.00722394220846	7	0.0061919504644	6	0.0	0	0.0	0	969
0.458268933539	0.00231839258114	3	0.00309119010819	4	0.0	0	0.0	0	1294
0.480369515012	0.00692840646651	6	0.00346420323326	3	0.0	0	0.0	0	866
0.505928853755	0.00131752305665	1	0.00263504611331	2	0.0	0	0.0	0	759
0.478021978022	0.00457875457875	5	0.000915750915751	1	0.0	0	0.0	0	1092
0.475187969925	0.00751879699248	5	0.0	0	0.00451127819549	3	0.0015037593985	1	665
0.506818181818	0.00568181818182	5	0.00113636363636	1	0.00113636363636	1	0.0	0	880
0.463514902364	0.00411099691675	4	0.00102774922919	1	0.0	0	0.0	0	973
0.534562211982	0.00307219662058	2	0.0	0	0.0	0	0.00153609831029	1	651
0.516414141414	0.00378787878788	3	0.00126262626263	1	0.0	0	0.0	0	792
0.451954397394	0.00325732899023	4	0.00244299674267	3	0.0	0	0.0	0	1228
0.465355004277	0.0059880239521	7	0.000855431993157	1	0.000855431993157	1	0.0	0	1169
0.368602362205	0.00246062992126	5	0.00196850393701	4	0.000492125984252	1	0.0	0	2032
0.438356164384	0.0057678442682	8	0.00504686373468	7	0.00216294160058	3	0.0	0	1387
0.521354933726	0.00294550810015	2	0.0	0	0.0	0	0.0	0	679
0.518968133536	0.00606980273141	4	0.00455235204856	3	0.0	0	0.0	0	659
0.502092050209	0.0	0	0.0	0	0.00209205020921	1	0.0	0	478
0.508148148148	0.00148148148148	1	0.00592592592593	4	0.0	0	0.00148148148148	1	675
0.489316239316	0.00534188034188	5	0.0	0	0.0	0	0.00213675213675	2	936
0.471867007673	0.00127877237852	1	0.00895140664962	7	0.00255754475703	2	0.00255754475703	2	782
0.561538461538	0.00192307692308	1	0.0	0	0.00192307692308	1	0.0	0	520
0.543429844098	0.00668151447661	3	0.0	0	0.0	0	0.0	0	449
0.521739130435	0.00173913043478	1	0.00521739130435	3	0.0	0	0.0	0	575
0.538333333333	0.00166666666667	1	0.005	3	0.0	0	0.0	0	600
0.575	0.0	0	0.0	0	0.0	0	0.0	0	320
0.485370051635	0.0	0	0.0	0	0.0	0	0.0	0	581
0.401294498382	0.00323624595469	6	0.00431499460626	8	0.0	0	0.000539374325782	1	1854
0.535416666667	0.0	0	0.00625	3	0.00416666666667	2	0.0	0	480
0.578616352201	0.0	0	0.0	0	0.0	0	0.0020964360587	1	477
0.552429667519	0.00383631713555	3	0.0	0	0.0	0	0.0	0	782
0.449031171019	0.00589721988206	7	0.00252737994945	3	0.0	0	0.000842459983151	1	1187
0.488047808765	0.00199203187251	1	0.0	0	0.00199203187251	1	0.0	0	502
0.592017738359	0.00221729490022	1	0.0	0	0.0	0	0.0	0	451
0.434351775392	0.00660611065235	8	0.00825763831544	10	0.000825763831544	1	0.0	0	1211
0.523297491039	0.0	0	0.0	0	0.0	0	0.0	0	558
0.480569948187	0.00647668393782	5	0.00647668393782	5	0.00388601036269	3	0.0	0	772
0.536256323777	0.00843170320405	5	0.00505902192243	3	0.0	0	0.0	0	593
0.450211864407	0.00741525423729	7	0.0010593220339	1	0.0021186440678	2	0.0021186440678	2	944
0.478991596639	0.00420168067227	3	0.00140056022409	1	0.00140056022409	1	0.00140056022409	1	714
0.534482758621	0.0	0	0.0	0	0.00172413793103	1	0.0	0	580
0.583700440529	0.00660792951542	3	0.0	0	0.00440528634361	2	0.0	0	454
0.506688963211	0.00167224080268	1	0.0	0	0.0	0	0.0	0	598
0.495107632094	0.00587084148728	3	0.00391389432485	2	0.00195694716243	1	0.00195694716243	1	511
0.445927903872	0.00267022696929	2	0.0106809078772	8	0.0	0	0.0	0	749
0.517503805175	0.00304414003044	2	0.00608828006088	4	0.0	0	0.00456621004566	3	657
0.553516819572	0.00305810397554	1	0.0	0	0.0	0	0.0	0	327
0.452985074627	0.00373134328358	5	0.00298507462687	4	0.0	0	0.0	0	1340
0.490384615385	0.00600961538462	5	0.00841346153846	7	0.0	0	0.0	0	832
0.536992840095	0.0	0	0.00238663484487	1	0.0	0	0.0	0	419
0.470093457944	0.00747663551402	8	0.00560747663551	6	0.0	0	0.0018691588785	2	1070
0.527433628319	0.00353982300885	2	0.00353982300885	2	0.00353982300885	2	0.00176991150442	1	565
0.523188405797	0.00144927536232	1	0.00289855072464	2	0.0	0	0.0	0	690
0.453450164294	0.00219058050383	2	0.00328587075575	3	0.00219058050383	2	0.00219058050383	2	913
0.530655391121	0.00845665961945	4	0.00422832980973	2	0.0	0	0.0	0	473
0.510703363914	0.00152905198777	1	0.0	0	0.0	0	0.00152905198777	1	654
0.46103183315	0.0032930845225	3	0.0109769484083	10	0.00109769484083	1	0.0032930845225	3	911
0.462068965517	0.0	0	0.0	0	0.0	0	0.0	0	725
0.563583815029	0.0	0	0.0028901734104	1	0.0	0	0.0	0	346
0.524691358025	0.00411522633745	2	0.00205761316872	1	0.0	0	0.0	0	486
0.659003831418	0.00383141762452	1	0.0	0	0.0	0	0.0	0	261
0.469453376206	0.0016077170418	1	0.0032154340836	2	0.0016077170418	1	0.0	0	622
0.456737588652	0.00141843971631	1	0.00141843971631	1	0.0	0	0.0	0	705
0.432085561497	0.00267379679144	5	0.00427807486631	8	0.000534759358289	1	0.0	0	1870
0.446700507614	0.00126903553299	1	0.00126903553299	1	0.00126903553299	1	0.0	0	788
0.454946131244	0.00391772771792	8	0.0	0	0.000979431929481	2	0.0	0	2042
0.517175572519	0.0	0	0.00572519083969	3	0.00572519083969	3	0.0	0	524
0.433253397282	0.00799360511591	10	0.00399680255795	5	0.000799360511591	1	0.00319744204636	4	1251
0.445871559633	0.00550458715596	3	0.00366972477064	2	0.0	0	0.0	0	545
0.454640250261	0.00625651720542	6	0.00938477580813	9	0.00208550573514	2	0.00104275286757	1	959
0.47874015748	0.0	0	0.0	0	0.0	0	0.0	0	635
0.515859766277	0.0133555926544	8	0.0016694490818	1	0.0016694490818	1	0.0	0	599
0.49593495935	0.00325203252033	2	0.00975609756098	6	0.0	0	0.0	0	615
0.584158415842	0.0	0	0.026402640264	8	0.0	0	0.0	0	303
0.536474164134	0.0	0	0.00151975683891	1	0.0	0	0.0	0	658
0.539867109635	0.00332225913621	2	0.00166112956811	1	0.00166112956811	1	0.0	0	602
0.481054365733	0.0	0	0.00164744645799	1	0.0	0	0.0	0	607
0.586466165414	0.0	0	0.0	0	0.0	0	0.0	0	266
0.472032742156	0.012278308322	9	0.00545702592087	4	0.00272851296044	2	0.0	0	733
0.460766423358	0.000912408759124	1	0.0036496350365	4	0.0	0	0.0	0	1096
0.622837370242	0.0207612456747	6	0.00346020761246	1	0.0	0	0.00692041522491	2	289
0.501750291715	0.00350058343057	3	0.00933488914819	8	0.00583430571762	5	0.00116686114352	1	857
0.527777777778	0.00252525252525	1	0.00252525252525	1	0.0	0	0.0	0	396
0.449035812672	0.000918273645546	1	0.00642791551882	7	0.0	0	0.000918273645546	1	1089
0.585443037975	0.00316455696203	1	0.0	0	0.0	0	0.0	0	316
0.532942898975	0.00146412884334	1	0.00146412884334	1	0.0	0	0.00146412884334	1	683
0.508245877061	0.00749625187406	5	0.00599700149925	4	0.0	0	0.0	0	667
0.480167014614	0.0	0	0.0	0	0.0	0	0.0	0	1437
0.519267822736	0.0	0	0.000963391136802	1	0.0	0	0.0	0	1038
0.46511627907	0.00489596083231	4	0.0	0	0.0	0	0.0	0	817
0.371485943775	0.00267737617135	4	0.0	0	0.00133868808568	2	0.000669344042838	1	1494
0.2878293601	0.00200752823087	8	0.00326223337516	13	0.00276035131744	11	0.0	0	3985
0.458158995816	0.00418410041841	6	0.000697350069735	1	0.000697350069735	1	0.000697350069735	1	1434
0.477718360071	0.0017825311943	1	0.00534759358289	3	0.0	0	0.0	0	561
0.54593639576	0.0017667844523	1	0.0	0	0.0	0	0.0	0	566
0.548117154812	0.0	0	0.00209205020921	1	0.0	0	0.00209205020921	1	478
0.508982035928	0.00399201596806	4	0.00199600798403	2	0.000998003992016	1	0.000998003992016	1	1002
0.528846153846	0.00801282051282	5	0.00160256410256	1	0.0	0	0.0	0	624
0.484251968504	0.0	0	0.00656167979003	5	0.00131233595801	1	0.0	0	762
0.557333333333	0.00266666666667	1	0.0	0	0.0	0	0.0	0	375
0.480055020633	0.00687757909216	5	0.0	0	0.0	0	0.0	0	727
0.48182665424	0.00465983224604	5	0.0	0	0.00186393289842	2	0.0	0	1073
0.505605381166	0.00336322869955	3	0.00336322869955	3	0.00224215246637	2	0.0	0	892
0.566336633663	0.00594059405941	3	0.0019801980198	1	0.0	0	0.0	0	505
0.437781109445	0.00749625187406	5	0.00149925037481	1	0.00149925037481	1	0.0	0	667
0.541554959786	0.00268096514745	1	0.00268096514745	1	0.0	0	0.0	0	373
0.542190305206	0.0	0	0.00179533213645	1	0.00179533213645	1	0.0	0	557
0.56862745098	0.00435729847495	2	0.00217864923747	1	0.0	0	0.0	0	459
0.502450980392	0.0016339869281	2	0.0	0	0.000816993464052	1	0.000816993464052	1	1224
0.497225305216	0.00443951165372	4	0.00110987791343	1	0.00443951165372	4	0.0	0	901
0.531516183986	0.00681431005111	4	0.00170357751278	1	0.0	0	0.00170357751278	1	587
0.545275590551	0.0	0	0.00196850393701	1	0.0	0	0.0	0	508
0.416666666667	0.00343642611684	4	0.00085910652921	1	0.00085910652921	1	0.0	0	1164
0.493333333333	0.0	0	0.00190476190476	1	0.00380952380952	2	0.0	0	525
0.506329113924	0.0014064697609	1	0.0014064697609	1	0.0042194092827	3	0.0	0	711
0.330812854442	0.00401701323251	17	0.000945179584121	4	0.00023629489603	1	0.00047258979206	2	4232
0.533864541833	0.00597609561753	3	0.00597609561753	3	0.00398406374502	2	0.00199203187251	1	502
0.532967032967	0.0018315018315	1	0.0018315018315	1	0.0018315018315	1	0.0	0	546
0.576659038902	0.00228832951945	1	0.0091533180778	4	0.0	0	0.00228832951945	1	437
0.496038034865	0.0	0	0.0	0	0.0	0	0.0	0	631
0.476102941176	0.0128676470588	7	0.00551470588235	3	0.0	0	0.0	0	544
0.498920086393	0.0	0	0.0	0	0.0	0	0.0	0	463
0.485401459854	0.0	0	0.0	0	0.0	0	0.0	0	548
0.463190184049	0.0	0	0.00613496932515	4	0.00153374233129	1	0.0	0	652
0.525597269625	0.00227531285552	2	0.00227531285552	2	0.0	0	0.0	0	879
0.553370786517	0.0	0	0.0	0	0.0	0	0.0	0	356
0.438095238095	0.0	0	0.00272108843537	2	0.0	0	0.0	0	735
0.528	0.008	3	0.0	0	0.00266666666667	1	0.00533333333333	2	375
0.526649746193	0.00126903553299	1	0.00380710659898	3	0.00126903553299	1	0.0	0	788
0.475795297372	0.00276625172891	2	0.00414937759336	3	0.00138312586445	1	0.0	0	723
0.541516245487	0.0	0	0.0	0	0.0	0	0.0	0	554
0.53125	0.001953125	1	0.005859375	3	0.0	0	0.0	0	512
0.621323529412	0.00367647058824	1	0.00367647058824	1	0.0	0	0.0	0	272
0.501052631579	0.00210526315789	1	0.00210526315789	1	0.00210526315789	1	0.0	0	475
0.719626168224	0.0	0	0.0	0	0.0	0	0.0	0	214
0.567901234568	0.00771604938272	5	0.00308641975309	2	0.00154320987654	1	0.0	0	648
0.366845998655	0.00773369199731	23	0.000672494956288	2	0.00235373234701	7	0.00201748486886	6	2974
0.493231810491	0.00507614213198	6	0.00169204737733	2	0.0	0	0.0	0	1182
0.537993920973	0.0121580547112	4	0.0	0	0.0	0	0.00303951367781	1	329
0.495361781076	0.0	0	0.012987012987	7	0.0	0	0.0	0	539
0.473053892216	0.00119760479042	1	0.0	0	0.0	0	0.0	0	835
0.427876823339	0.0064829821718	12	0.00486223662885	9	0.00216099405727	4	0.0	0	1851
0.526213592233	0.00194174757282	1	0.0116504854369	6	0.0	0	0.0	0	515
0.596078431373	0.0078431372549	2	0.0	0	0.00392156862745	1	0.0	0	255
0.478323699422	0.0028901734104	2	0.0028901734104	2	0.0	0	0.0	0	692
0.47265625	0.0078125	4	0.0	0	0.0	0	0.0	0	512
0.484623541888	0.00530222693531	5	0.00530222693531	5	0.0	0	0.0	0	943
0.448677248677	0.0010582010582	1	0.0	0	0.0	0	0.0010582010582	1	945
0.516666666667	0.00128205128205	1	0.0	0	0.0	0	0.00128205128205	1	780
0.475675675676	0.0018018018018	1	0.0036036036036	2	0.0	0	0.0	0	555
0.559228650138	0.0	0	0.0	0	0.0	0	0.0	0	363
0.524038461538	0.0	0	0.00240384615385	1	0.0	0	0.0	0	416
0.525	0.00384615384615	2	0.0	0	0.00192307692308	1	0.0	0	520
0.464788732394	0.0169014084507	12	0.00422535211268	3	0.00140845070423	1	0.0	0	710
0.487627365357	0.000727802037846	1	0.00145560407569	2	0.0	0	0.0	0	1374
0.497041420118	0.00591715976331	4	0.0	0	0.0	0	0.00147928994083	1	676
0.477876106195	0.00442477876106	2	0.0	0	0.0	0	0.0	0	452
0.514469453376	0.0032154340836	2	0.0	0	0.0	0	0.0016077170418	1	622
0.526772793054	0.00144717800289	1	0.0	0	0.0	0	0.0	0	691
0.482502651113	0.00636267232238	6	0.00530222693531	5	0.00106044538706	1	0.0	0	943
0.48828125	0.00390625	2	0.00390625	2	0.001953125	1	0.0	0	512
0.447882736156	0.00162866449511	1	0.00162866449511	1	0.00162866449511	1	0.0	0	614
0.517587939698	0.00167504187605	1	0.0	0	0.0	0	0.0	0	597
0.431773879142	0.0	0	0.00194931773879	2	0.0	0	0.0	0	1026
0.506517690875	0.00558659217877	3	0.00186219739292	1	0.00186219739292	1	0.0	0	537
0.417201540436	0.0012836970475	1	0.00641848523748	5	0.0012836970475	1	0.0	0	779
0.515778019587	0.00108813928183	1	0.00217627856366	2	0.00217627856366	2	0.00326441784548	3	919
0.418069584736	0.000561167227834	1	0.00280583613917	5	0.000561167227834	1	0.0	0	1782
0.530026109661	0.0	0	0.0	0	0.0	0	0.0	0	383
0.541850220264	0.0	0	0.00660792951542	3	0.0	0	0.0	0	454
0.43072050673	0.0055423594616	7	0.000791765637371	1	0.0	0	0.0	0	1263
0.689781021898	0.0	0	0.0	0	0.0	0	0.0	0	274
0.491202346041	0.00146627565982	1	0.0	0	0.00439882697947	3	0.00146627565982	1	682
0.565597667638	0.0145772594752	5	0.00291545189504	1	0.0	0	0.0	0	343
0.188412017167	0.00225321888412	21	0.00150214592275	14	0.00203862660944	19	0.000214592274678	2	9320
0.531841652324	0.00172117039587	1	0.00860585197935	5	0.0	0	0.0	0	581
0.545842217484	0.00639658848614	3	0.00639658848614	3	0.0	0	0.00213219616205	1	469
0.567524115756	0.0048231511254	3	0.0	0	0.0	0	0.0	0	622
0.237619583568	0.00858187957231	61	0.00281373100732	20	0.00267304445695	19	0.00112549240293	8	7108
0.532684283727	0.00695410292072	5	0.0	0	0.00139082058414	1	0.00139082058414	1	719
0.606811145511	0.0061919504644	2	0.0	0	0.0	0	0.0	0	323
0.482824427481	0.0	0	0.00572519083969	3	0.0	0	0.0	0	524
0.452873563218	0.000766283524904	1	0.00153256704981	2	0.0	0	0.0	0	1305
0.460959548448	0.0	0	0.0103480714958	11	0.0	0	0.0	0	1063
0.5444646098	0.0	0	0.00362976406534	2	0.0	0	0.0	0	551
0.609848484848	0.0113636363636	3	0.0	0	0.0	0	0.0	0	264
0.475663716814	0.00221238938053	2	0.00110619469027	1	0.0	0	0.0	0	904
0.414388489209	0.0	0	0.0	0	0.00143884892086	1	0.0	0	695
0.570512820513	0.0	0	0.0	0	0.0	0	0.0	0	780
0.541202672606	0.00890868596882	4	0.00445434298441	2	0.0	0	0.0	0	449
0.489502762431	0.00110497237569	1	0.00662983425414	6	0.0	0	0.0	0	905
0.4928	0.008	5	0.0096	6	0.0	0	0.0032	2	625
0.601731601732	0.0	0	0.0	0	0.0021645021645	1	0.0	0	462
0.445662100457	0.0146118721461	16	0.00639269406393	7	0.0	0	0.0	0	1095
0.498929336188	0.0224839400428	21	0.0	0	0.0	0	0.0	0	934
0.516022099448	0.00441988950276	4	0.00331491712707	3	0.00110497237569	1	0.0	0	905
0.312631137222	0.00293747377256	7	0.00251783466219	6	0.000419639110365	1	0.000419639110365	1	2383
0.542016806723	0.00210084033613	1	0.00420168067227	2	0.0	0	0.0	0	476
0.501061571125	0.00212314225053	1	0.00849256900212	4	0.0	0	0.00212314225053	1	471
0.388004895961	0.00244798041616	2	0.00122399020808	1	0.0	0	0.0	0	817
0.487781036168	0.0058651026393	6	0.0019550342131	2	0.0	0	0.0019550342131	2	1023
0.504587155963	0.00152905198777	1	0.0107033639144	7	0.00152905198777	1	0.0	0	654
0.471453287197	0.000865051903114	1	0.00346020761246	4	0.0	0	0.0	0	1156
0.622317596567	0.0	0	0.0	0	0.0128755364807	3	0.0	0	233
0.533923303835	0.00442477876106	3	0.00737463126844	5	0.00147492625369	1	0.0	0	678
0.50843373494	0.00722891566265	3	0.00240963855422	1	0.0	0	0.0	0	415
0.515151515152	0.00478468899522	3	0.0	0	0.0	0	0.0	0	627
0.510101010101	0.00126262626263	1	0.0	0	0.0	0	0.0	0	792
0.53557312253	0.0	0	0.00395256916996	2	0.0	0	0.00197628458498	1	506
0.462857142857	0.0	0	0.00142857142857	1	0.0	0	0.0	0	700
0.505922165821	0.00507614213198	6	0.000846023688663	1	0.000846023688663	1	0.000846023688663	1	1182
0.646864686469	0.013201320132	4	0.003300330033	1	0.0	0	0.0	0	303
0.474777448071	0.00296735905045	2	0.0	0	0.0	0	0.0	0	674
0.539603960396	0.0049504950495	2	0.0	0	0.00247524752475	1	0.0	0	404
0.545977011494	0.014367816092	5	0.00287356321839	1	0.0	0	0.0	0	348
0.543181818182	0.0	0	0.00909090909091	4	0.0	0	0.0	0	440
0.492443324937	0.00755667506297	6	0.00125944584383	1	0.0	0	0.0	0	794
0.448888888889	0.00148148148148	1	0.00148148148148	1	0.00148148148148	1	0.0	0	675
0.571115973742	0.00656455142232	3	0.0	0	0.0	0	0.0	0	457
0.589795918367	0.0	0	0.0	0	0.0	0	0.0	0	490
0.52790346908	0.0	0	0.00150829562594	1	0.0	0	0.0	0	663
0.517412935323	0.0	0	0.00248756218905	1	0.00248756218905	1	0.0	0	402
0.530555555556	0.00555555555556	2	0.0	0	0.0	0	0.0	0	360
0.461689587426	0.00196463654224	1	0.00392927308448	2	0.0	0	0.0	0	509
0.500959692898	0.0	0	0.00959692898273	5	0.0	0	0.0	0	521
0.503556187767	0.00142247510669	1	0.00284495021337	2	0.0	0	0.0	0	703
0.472380952381	0.0	0	0.00190476190476	1	0.0	0	0.0	0	525
0.463986599665	0.00335008375209	2	0.0	0	0.0	0	0.0	0	597
0.453431372549	0.00245098039216	2	0.00245098039216	2	0.00122549019608	1	0.0	0	816
0.483282674772	0.00151975683891	1	0.0	0	0.0	0	0.0	0	658
0.463546354635	0.000900090009001	1	0.003600360036	4	0.000900090009001	1	0.0	0	1111
0.545171339564	0.0	0	0.0	0	0.0	0	0.0	0	321
0.546697038724	0.00911161731207	4	0.0	0	0.0	0	0.0	0	439
0.421497584541	0.0163043478261	27	0.0036231884058	6	0.0	0	0.0	0	1656
0.386607142857	0.000892857142857	1	0.00267857142857	3	0.000892857142857	1	0.0	0	1120
0.425389755011	0.00389755011136	7	0.00668151447661	12	0.00167037861915	3	0.0	0	1796
0.43875	0.0025	2	0.005	4	0.0	0	0.0	0	800
0.6	0.00377358490566	1	0.0	0	0.0	0	0.0	0	265
0.475945017182	0.00515463917526	3	0.00171821305842	1	0.0	0	0.0	0	582
0.458112407211	0.00424178154825	4	0.0	0	0.0	0	0.0	0	943
0.551724137931	0.0	0	0.0	0	0.0	0	0.00229885057471	1	435
0.50946969697	0.00189393939394	1	0.00189393939394	1	0.0	0	0.0	0	528
0.626126126126	0.0	0	0.00900900900901	2	0.0	0	0.0	0	222
0.507331378299	0.00293255131965	2	0.00146627565982	1	0.0	0	0.0	0	682
0.529268292683	0.0121951219512	5	0.0	0	0.0	0	0.0	0	410
0.399106478034	0.00446760982874	6	0.00744601638124	10	0.000744601638124	1	0.000744601638124	1	1343
0.51227321238	0.00106723585912	1	0.00106723585912	1	0.0	0	0.0	0	937
0.509501187648	0.00237529691211	2	0.00118764845606	1	0.00237529691211	2	0.0	0	842
0.450731707317	0.00390243902439	4	0.0	0	0.000975609756098	1	0.0	0	1025
0.524752475248	0.00565770862801	4	0.00565770862801	4	0.0	0	0.0	0	707
0.509157509158	0.000915750915751	1	0.0	0	0.0	0	0.0	0	1092
0.464370546318	0.00593824228029	5	0.00118764845606	1	0.00118764845606	1	0.0	0	842
0.514731369151	0.0	0	0.0	0	0.0	0	0.0	0	577
0.459363957597	0.00471142520612	4	0.00942285041225	8	0.00117785630153	1	0.0	0	849
0.453736654804	0.00355871886121	2	0.0017793594306	1	0.0	0	0.0	0	562
0.486902927581	0.00462249614792	3	0.00308166409861	2	0.00308166409861	2	0.0	0	649
0.46529562982	0.00514138817481	4	0.0	0	0.0	0	0.0	0	778
0.452218430034	0.000853242320819	1	0.00255972696246	3	0.000853242320819	1	0.0	0	1172
0.558704453441	0.00404858299595	2	0.0	0	0.0	0	0.0	0	494
0.495983935743	0.00602409638554	6	0.00200803212851	2	0.0	0	0.00100401606426	1	996
0.597183098592	0.0	0	0.00281690140845	1	0.0	0	0.0	0	355
0.534391534392	0.00925925925926	7	0.00396825396825	3	0.0026455026455	2	0.0	0	756
0.657794676806	0.00380228136882	1	0.00380228136882	1	0.00380228136882	1	0.00380228136882	1	263
0.677215189873	0.0189873417722	3	0.0	0	0.0	0	0.0	0	158
0.459330143541	0.00358851674641	3	0.00358851674641	3	0.0011961722488	1	0.0	0	836
0.464670658683	0.0119760479042	10	0.0	0	0.0	0	0.0	0	835
0.53125	0.00480769230769	2	0.0	0	0.0	0	0.0	0	416
0.538317757009	0.0	0	0.0	0	0.0	0	0.0	0	535
0.505415162455	0.00180505415162	1	0.00361010830325	2	0.0	0	0.0	0	554
0.540453074434	0.00161812297735	1	0.0	0	0.0	0	0.0	0	618
0.527777777778	0.00198412698413	1	0.0	0	0.0	0	0.0	0	504
0.515966386555	0.0100840336134	6	0.0	0	0.0	0	0.0	0	595
0.55195911414	0.00170357751278	1	0.00340715502555	2	0.0	0	0.0	0	587
0.589958158996	0.00836820083682	2	0.00418410041841	1	0.0	0	0.0	0	239
0.495007132668	0.00142653352354	1	0.00142653352354	1	0.0	0	0.0	0	701
0.536290322581	0.0	0	0.0	0	0.00201612903226	1	0.0	0	496
0.51048951049	0.00174825174825	1	0.00174825174825	1	0.0	0	0.0	0	572
0.454385964912	0.00350877192982	2	0.0	0	0.0	0	0.00526315789474	3	570
0.507604562738	0.00380228136882	2	0.00190114068441	1	0.0	0	0.0	0	526
0.535984848485	0.0	0	0.00189393939394	1	0.0	0	0.0	0	528
0.518450184502	0.0	0	0.00738007380074	4	0.0	0	0.0	0	542
0.548387096774	0.0	0	0.00496277915633	2	0.0	0	0.0	0	403
0.546623794212	0.0016077170418	1	0.0	0	0.0	0	0.0	0	622
0.579710144928	0.0048309178744	2	0.0	0	0.0	0	0.0	0	414
0.463818657367	0.00435919790759	5	0.000871839581517	1	0.0	0	0.0	0	1147
0.491698595147	0.00255427841635	2	0.00127713920817	1	0.0	0	0.0	0	783
0.528455284553	0.00162601626016	1	0.00162601626016	1	0.0	0	0.0	0	615
0.43062692703	0.00513874614594	5	0.0154162384378	15	0.00102774922919	1	0.0	0	973
0.461412151067	0.0	0	0.00164203612479	1	0.0	0	0.0	0	609
0.524630541872	0.0	0	0.0	0	0.0	0	0.0	0	406
0.507168458781	0.0125448028674	7	0.00179211469534	1	0.0	0	0.0	0	558
0.526138279933	0.0118043844857	7	0.00168634064081	1	0.0	0	0.0	0	593
0.470219435737	0.00104493207941	1	0.00208986415883	2	0.00208986415883	2	0.0	0	957
0.475504322767	0.0028818443804	2	0.0	0	0.0	0	0.0	0	694
0.611267605634	0.00281690140845	1	0.0056338028169	2	0.0	0	0.0	0	355
0.465555555556	0.00333333333333	3	0.0	0	0.00333333333333	3	0.0	0	900
0.525139664804	0.00279329608939	1	0.00279329608939	1	0.0	0	0.0	0	358
0.478005865103	0.00146627565982	1	0.00293255131965	2	0.00146627565982	1	0.00293255131965	2	682
0.484953703704	0.00347222222222	3	0.00115740740741	1	0.0	0	0.0	0	864
0.490500863558	0.00345423143351	2	0.00172711571675	1	0.0	0	0.0	0	579
0.513201320132	0.0016501650165	1	0.003300330033	2	0.0049504950495	3	0.0	0	606
0.524940617577	0.0	0	0.00237529691211	1	0.0	0	0.0	0	421
0.471764705882	0.00352941176471	3	0.00352941176471	3	0.0	0	0.0	0	850
0.575667655786	0.00593471810089	2	0.0	0	0.0	0	0.0	0	337
0.459923664122	0.000954198473282	1	0.00572519083969	6	0.0	0	0.0	0	1048
0.445336008024	0.00200601805416	2	0.0	0	0.0	0	0.0	0	997
0.548387096774	0.00806451612903	4	0.00201612903226	1	0.0	0	0.0	0	496
0.462328767123	0.00114155251142	1	0.0102739726027	9	0.0	0	0.0	0	876
0.486055776892	0.00597609561753	3	0.00796812749004	4	0.0	0	0.0	0	502
0.532697547684	0.0	0	0.0	0	0.0	0	0.0	0	734
0.511017838405	0.00104931794334	1	0.0	0	0.0	0	0.00209863588667	2	953
0.490968801314	0.00656814449918	4	0.00821018062397	5	0.0	0	0.00164203612479	1	609
0.542242703533	0.00307219662058	2	0.0230414746544	15	0.00153609831029	1	0.0	0	651
0.49696969697	0.0	0	0.0	0	0.0	0	0.0	0	660
0.501479289941	0.00147928994083	1	0.0	0	0.0	0	0.0	0	676
0.46887966805	0.0	0	0.0	0	0.00276625172891	2	0.0	0	723
0.53734439834	0.0	0	0.0	0	0.0	0	0.00207468879668	1	482
0.486194477791	0.00480192076831	4	0.00120048019208	1	0.0	0	0.0	0	833
0.483675937122	0.00604594921403	5	0.0120918984281	10	0.00120918984281	1	0.00241837968561	2	827
0.50447761194	0.0044776119403	3	0.00149253731343	1	0.00149253731343	1	0.0	0	670
0.474074074074	0.00444444444444	3	0.0	0	0.00296296296296	2	0.0	0	675
0.435897435897	0.00394477317554	2	0.00197238658777	1	0.0	0	0.0	0	507
0.486531986532	0.00841750841751	5	0.0016835016835	1	0.0	0	0.0	0	594
0.441393875396	0.0	0	0.00105596620908	1	0.0	0	0.0	0	947
0.496021220159	0.00132625994695	1	0.0026525198939	2	0.0	0	0.0	0	754
0.534274193548	0.00201612903226	1	0.00201612903226	1	0.0	0	0.0	0	496
0.500583430572	0.00350058343057	3	0.00116686114352	1	0.00116686114352	1	0.0	0	857
0.527093596059	0.0	0	0.0	0	0.0	0	0.0	0	406
0.443326626425	0.0	0	0.0	0	0.0	0	0.0	0	1491
0.487644151565	0.00164744645799	2	0.000823723228995	1	0.0	0	0.0	0	1214
0.530451866405	0.0	0	0.0	0	0.0	0	0.0	0	509
0.504230118443	0.0	0	0.0	0	0.0	0	0.0	0	591
0.576846307385	0.00399201596806	2	0.0	0	0.0	0	0.0	0	501
0.530100334448	0.0	0	0.00334448160535	2	0.0	0	0.0	0	598
0.338852459016	0.00196721311475	12	0.000819672131148	5	0.000491803278689	3	0.00016393442623	1	6100
0.476247030879	0.00118764845606	1	0.00118764845606	1	0.0	0	0.0	0	842
0.50297029703	0.0019801980198	1	0.0	0	0.0	0	0.0	0	505
0.56462585034	0.00453514739229	2	0.0	0	0.0	0	0.0	0	441
0.520676691729	0.0	0	0.0	0	0.0	0	0.0	0	532
0.528784648188	0.00213219616205	1	0.00213219616205	1	0.0	0	0.0	0	469
0.58024691358	0.00411522633745	2	0.00411522633745	2	0.0	0	0.0	0	486
0.554666666667	0.0	0	0.0	0	0.0	0	0.0	0	375
0.454697986577	0.0151006711409	9	0.0	0	0.00167785234899	1	0.0	0	596
0.549019607843	0.00217864923747	1	0.00217864923747	1	0.00217864923747	1	0.0	0	459
0.467162329616	0.00247831474597	2	0.00495662949195	4	0.0	0	0.0	0	807
0.5	0.0034965034965	2	0.00699300699301	4	0.0	0	0.00174825174825	1	572
0.565349544073	0.0	0	0.00303951367781	1	0.0	0	0.0	0	329
0.498507462687	0.00597014925373	4	0.0	0	0.00149253731343	1	0.0	0	670
0.469520103761	0.0	0	0.00129701686122	1	0.00129701686122	1	0.0	0	771
0.427128427128	0.001443001443	1	0.0	0	0.0	0	0.0	0	693
0.495132127955	0.00556328233658	4	0.0	0	0.0	0	0.0	0	719
0.54748603352	0.0	0	0.00558659217877	3	0.0	0	0.00186219739292	1	537
0.63133640553	0.0	0	0.0	0	0.0	0	0.0	0	217
0.435294117647	0.00130718954248	1	0.0	0	0.0	0	0.0	0	765
0.474125874126	0.0	0	0.0027972027972	2	0.0027972027972	2	0.0	0	715
0.506666666667	0.00410256410256	4	0.00205128205128	2	0.00102564102564	1	0.0	0	975
0.461969575661	0.00080064051241	1	0.00160128102482	2	0.0	0	0.00080064051241	1	1249
0.601366742597	0.0159453302961	7	0.0	0	0.0	0	0.0	0	439
0.448011165387	0.00209351011863	3	0.0	0	0.0	0	0.000697836706211	1	1433
0.526041666667	0.00520833333333	2	0.0	0	0.0	0	0.0	0	384
0.531914893617	0.00236406619385	1	0.00236406619385	1	0.0	0	0.0	0	423
0.63981042654	0.0	0	0.0	0	0.0	0	0.0	0	211
0.448753462604	0.00461680517082	5	0.000923361034164	1	0.0	0	0.0	0	1083
0.488262910798	0.00625978090767	4	0.00156494522692	1	0.0	0	0.0	0	639
0.449594438007	0.00347624565469	3	0.00231749710313	2	0.0	0	0.00115874855156	1	863
0.469565217391	0.0113043478261	13	0.00260869565217	3	0.0	0	0.0	0	1150
0.450830140485	0.00127713920817	1	0.00127713920817	1	0.0	0	0.0	0	783
0.49706744868	0.00146627565982	1	0.00293255131965	2	0.0	0	0.00146627565982	1	682
0.535422343324	0.00136239782016	1	0.00272479564033	2	0.0	0	0.0	0	734
0.455849889625	0.0	0	0.0	0	0.0	0	0.0	0	906
0.486308871851	0.0065717415115	6	0.0065717415115	6	0.0	0	0.0	0	913
0.503767491927	0.00645855758881	6	0.0010764262648	1	0.0	0	0.0	0	929
0.491329479769	0.0019267822736	1	0.0	0	0.0	0	0.0	0	519
0.455565142364	0.00431406384814	5	0.0	0	0.00345125107852	4	0.0	0	1159
0.469002695418	0.00539083557951	4	0.00269541778976	2	0.0	0	0.0	0	742
0.574585635359	0.00276243093923	1	0.00276243093923	1	0.0	0	0.0	0	362
0.476076555024	0.00239234449761	2	0.0011961722488	1	0.0	0	0.0	0	836
0.442748091603	0.00381679389313	4	0.00190839694656	2	0.0	0	0.0	0	1048
0.588235294118	0.00980392156863	4	0.0	0	0.0	0	0.0	0	408
0.490909090909	0.0	0	0.00181818181818	1	0.0	0	0.0	0	550
0.528735632184	0.00287356321839	3	0.00383141762452	4	0.0	0	0.0	0	1044
0.574285714286	0.0	0	0.00285714285714	1	0.0	0	0.0	0	350
0.400244051251	0.00183038438072	3	0.00122025625381	2	0.0	0	0.000610128126907	1	1639
0.311305732484	0.00119426751592	3	0.000398089171975	1	0.000398089171975	1	0.0	0	2512
0.585874799358	0.0	0	0.0	0	0.0	0	0.0	0	623
0.481698389458	0.00292825768668	2	0.0	0	0.0	0	0.0	0	683
0.357973421927	0.000830564784053	2	0.00166112956811	4	0.000415282392027	1	0.0	0	2408
0.470501474926	0.0	0	0.0	0	0.0	0	0.0	0	678
0.498962655602	0.00103734439834	1	0.0	0	0.0	0	0.00103734439834	1	964
0.491279069767	0.0	0	0.00581395348837	4	0.00145348837209	1	0.0	0	688
0.468393782383	0.0020725388601	2	0.00103626943005	1	0.0	0	0.0	0	965
0.498510427011	0.00397219463754	4	0.000993048659384	1	0.0	0	0.0	0	1007
0.655526992288	0.0	0	0.0025706940874	1	0.0	0	0.0	0	389
0.464493597206	0.0023282887078	2	0.0046565774156	4	0.0	0	0.0011641443539	1	859
0.54214559387	0.00383141762452	2	0.00383141762452	2	0.0	0	0.0	0	522
0.435946462715	0.0038240917782	4	0.0	0	0.0	0	0.0	0	1046
0.170134395222	0.00209059233449	21	0.00179193628671	18	0.000796416127427	8	0.000199104031857	2	10045
0.492252681764	0.00357568533969	3	0.00357568533969	3	0.00119189511323	1	0.00238379022646	2	839
0.482428115016	0.00319488817891	5	0.000638977635783	1	0.0	0	0.0	0	1565
0.421011673152	0.00311284046693	4	0.00311284046693	4	0.00389105058366	5	0.0	0	1285
0.524369747899	0.0	0	0.0	0	0.0	0	0.0	0	595
0.511070110701	0.0	0	0.0	0	0.0	0	0.0	0	542
0.445679012346	0.0037037037037	3	0.0	0	0.0	0	0.0	0	810
0.216574319441	0.00277041676704	23	0.00204769934955	17	0.000602264514575	5	0.00024090580583	2	8302
0.587301587302	0.0	0	0.0	0	0.0	0	0.0	0	315
0.455475946776	0.00511770726714	5	0.00102354145343	1	0.00102354145343	1	0.00102354145343	1	977
0.563524590164	0.00409836065574	2	0.00409836065574	2	0.0	0	0.0	0	488
0.55	0.0	0	0.00294117647059	1	0.00294117647059	1	0.0	0	340
0.395538628945	0.00108813928183	2	0.00870511425462	16	0.00108813928183	2	0.0	0	1838
0.459174714662	0.0	0	0.00526777875329	6	0.00263388937665	3	0.0	0	1139
0.508178844057	0.00327153762268	3	0.00436205016358	4	0.00109051254089	1	0.0	0	917
0.492329149233	0.00139470013947	1	0.00418410041841	3	0.0	0	0.0	0	717
0.571428571429	0.0138248847926	6	0.0	0	0.00230414746544	1	0.0	0	434
0.604790419162	0.0	0	0.0	0	0.0	0	0.0	0	334
0.494059405941	0.0039603960396	4	0.0039603960396	4	0.0	0	0.0	0	1010
0.175582602132	0.00264175865648	28	0.00132087932824	14	0.000660439664119	7	9.43485234456e-05	1	10599
0.455536912752	0.0142617449664	17	0.0	0	0.000838926174497	1	0.000838926174497	1	1192
0.481915933529	0.0019550342131	2	0.000977517106549	1	0.0	0	0.0	0	1023
0.494549058474	0.00297324083251	3	0.000991080277502	1	0.000991080277502	1	0.0	0	1009
0.563106796117	0.00242718446602	1	0.0	0	0.0	0	0.0	0	412
0.506037321625	0.0	0	0.0	0	0.0	0	0.0	0	911
0.504934210526	0.00164473684211	1	0.0	0	0.0	0	0.0	0	608
0.326685660019	0.0014245014245	3	0.0	0	0.0	0	0.000474833808167	1	2106
0.483870967742	0.00744416873449	6	0.0	0	0.0	0	0.0	0	806
0.490853658537	0.00609756097561	6	0.0030487804878	3	0.0	0	0.0030487804878	3	984
0.452401746725	0.00873362445415	10	0.00436681222707	5	0.0	0	0.000873362445415	1	1145
0.383934025657	0.00366524129505	12	0.00213805742211	7	0.000610873549175	2	0.00183262064753	6	3274
0.481595092025	0.00153374233129	1	0.0184049079755	12	0.0	0	0.0	0	652
0.48615916955	0.00173010380623	2	0.00173010380623	2	0.0	0	0.0	0	1156
0.515895953757	0.0	0	0.00722543352601	5	0.0	0	0.0014450867052	1	692
0.472356935015	0.0	0	0.000969932104753	1	0.0	0	0.0	0	1031
0.540616246499	0.0	0	0.0	0	0.00280112044818	1	0.0	0	357
0.493344425957	0.00166389351082	2	0.00249584026622	3	0.0	0	0.000831946755408	1	1202
0.476648351648	0.00274725274725	2	0.00961538461538	7	0.00137362637363	1	0.0	0	728
0.52734375	0.0	0	0.005859375	3	0.0	0	0.0	0	512
0.486780715397	0.00155520995334	1	0.00311041990669	2	0.0	0	0.0	0	643
0.446759259259	0.00115740740741	1	0.00347222222222	3	0.0	0	0.0	0	864
0.575091575092	0.003663003663	2	0.0	0	0.0018315018315	1	0.0	0	546
0.521256931608	0.0	0	0.0	0	0.0	0	0.0	0	541
0.496305418719	0.0184729064039	15	0.0	0	0.0	0	0.0	0	812
0.459227467811	0.0	0	0.00214592274678	2	0.0	0	0.0	0	932
0.438848920863	0.00479616306954	4	0.00359712230216	3	0.00119904076739	1	0.0	0	834
0.491767288694	0.0032930845225	3	0.00548847420417	5	0.0	0	0.0	0	911
0.612903225806	0.00248138957816	1	0.0	0	0.0	0	0.00248138957816	1	403
0.586374695864	0.0	0	0.0	0	0.0	0	0.0	0	411
0.490307867731	0.00114025085519	1	0.00342075256556	3	0.0	0	0.0	0	877
0.517073170732	0.00585365853659	6	0.00390243902439	4	0.000975609756098	1	0.0	0	1025
0.480631276901	0.0	0	0.0	0	0.0	0	0.00143472022956	1	697
0.494155154091	0.00212539851222	2	0.00850159404888	8	0.0	0	0.00318809776833	3	941
0.562831858407	0.00353982300885	2	0.0	0	0.0	0	0.00530973451327	3	565
0.571770334928	0.0	0	0.00956937799043	4	0.0	0	0.0	0	418
0.558073654391	0.0028328611898	1	0.0	0	0.0	0	0.0	0	353
0.491304347826	0.0054347826087	5	0.00869565217391	8	0.0	0	0.00108695652174	1	920
0.473389355742	0.0	0	0.0	0	0.0	0	0.0	0	714
0.478779840849	0.00132625994695	1	0.00397877984085	3	0.0	0	0.0	0	754
0.541950113379	0.00226757369615	1	0.00680272108844	3	0.0	0	0.0	0	441
0.643192488263	0.0093896713615	2	0.0093896713615	2	0.0	0	0.0	0	213
0.543859649123	0.00250626566416	1	0.0	0	0.0	0	0.0	0	399
0.445219123506	0.00398406374502	4	0.00298804780876	3	0.0	0	0.0	0	1004
0.559766763848	0.0	0	0.0	0	0.0	0	0.0	0	343
0.512038523274	0.0	0	0.00481540930979	3	0.0	0	0.0	0	623
0.502782931354	0.00185528756957	1	0.00371057513915	2	0.00185528756957	1	0.0	0	539
0.565656565657	0.0	0	0.0	0	0.0	0	0.0	0	495
0.525490196078	0.00196078431373	1	0.00980392156863	5	0.0	0	0.00196078431373	1	510
0.537437603993	0.00332778702163	2	0.0	0	0.0	0	0.0	0	601
0.446370530878	0.0032502708559	3	0.00216684723727	2	0.0	0	0.0	0	923
0.520340586566	0.00189214758751	2	0.0	0	0.0	0	0.0	0	1057
0.496251874063	0.00149925037481	1	0.00749625187406	5	0.0	0	0.0	0	667
0.510309278351	0.00687285223368	4	0.00171821305842	1	0.00343642611684	2	0.00171821305842	1	582
0.469858156028	0.00354609929078	2	0.00709219858156	4	0.0	0	0.0	0	564
0.522687609075	0.00523560209424	6	0.00349040139616	4	0.0	0	0.0	0	1146
0.542797494781	0.0104384133612	5	0.0	0	0.0	0	0.0	0	479
0.494680851064	0.0	0	0.0	0	0.0	0	0.0	0	752
0.470223325062	0.00124069478908	1	0.00124069478908	1	0.00124069478908	1	0.0	0	806
0.50824442289	0.00193986420951	2	0.00290979631426	3	0.0	0	0.0	0	1031
0.507544581619	0.00548696844993	4	0.00411522633745	3	0.0	0	0.0	0	729
0.460306406685	0.00278551532033	4	0.00278551532033	4	0.0	0	0.0	0	1436
0.54004576659	0.0045766590389	2	0.00228832951945	1	0.0	0	0.0	0	437
0.533642691415	0.00232018561485	1	0.0	0	0.0	0	0.0	0	431
0.509900990099	0.00247524752475	1	0.0	0	0.0	0	0.0	0	404
0.160727783177	0.000971817298348	18	0.00134974624771	25	0.000269949249541	5	0.000215959399633	4	18522
0.231287049131	0.00281322214408	28	0.00221038882749	22	0.000100472219431	1	0.000200944438863	2	9953
0.508637236084	0.00575815738964	3	0.0	0	0.0	0	0.0	0	521
0.480158730159	0.00198412698413	1	0.00198412698413	1	0.0	0	0.0	0	504
0.52037037037	0.0	0	0.0	0	0.0	0	0.0	0	540
0.46318036286	0.00106723585912	1	0.0	0	0.0	0	0.0	0	937
0.465798045603	0.00162866449511	1	0.0	0	0.00162866449511	1	0.00162866449511	1	614
0.446871896723	0.00446871896723	9	0.000993048659384	2	0.0	0	0.0	0	2014
0.438990182328	0.00140252454418	1	0.0	0	0.0	0	0.0	0	713
0.545631067961	0.0	0	0.0	0	0.0	0	0.0	0	515
0.419540229885	0.00451559934319	11	0.0012315270936	3	0.00164203612479	4	0.000410509031199	1	2436
0.558882235529	0.0059880239521	3	0.0	0	0.0	0	0.0	0	501
0.520807061791	0.00882723833544	7	0.0	0	0.0	0	0.0	0	793
0.52523364486	0.0	0	0.0	0	0.0	0	0.0	0	535
0.517560073937	0.00184842883549	1	0.00184842883549	1	0.0	0	0.0	0	541
0.415662650602	0.0210843373494	21	0.00301204819277	3	0.0	0	0.0	0	996
0.518684603886	0.00298953662182	2	0.00597907324365	4	0.0	0	0.0	0	669
0.54817987152	0.00428265524625	2	0.00642398286938	3	0.0	0	0.0	0	467
0.632786885246	0.00327868852459	1	0.0	0	0.0	0	0.0	0	305
0.559322033898	0.0021186440678	1	0.0	0	0.0	0	0.0	0	472
0.535433070866	0.00918635170604	7	0.0	0	0.0	0	0.0	0	762
0.505795574289	0.00526870389884	5	0.0	0	0.0	0	0.0	0	949
0.541044776119	0.00373134328358	1	0.0	0	0.0	0	0.0	0	268
0.544573643411	0.00193798449612	1	0.00193798449612	1	0.0	0	0.0	0	516
0.527728085868	0.00536672629696	3	0.00357781753131	2	0.0	0	0.0	0	559
0.586301369863	0.0027397260274	1	0.0027397260274	1	0.0	0	0.0	0	365
0.484507042254	0.0	0	0.00140845070423	1	0.0	0	0.0	0	710
0.531669865643	0.00959692898273	5	0.00383877159309	2	0.0	0	0.0	0	521
0.456225680934	0.000972762645914	1	0.000972762645914	1	0.0	0	0.000972762645914	1	1028
0.569506726457	0.00448430493274	2	0.00224215246637	1	0.0	0	0.0	0	446
0.517757009346	0.0	0	0.0	0	0.0018691588785	1	0.0	0	535
0.439821693908	0.0	0	0.00445765230312	3	0.0	0	0.0	0	673
0.512321660182	0.00129701686122	1	0.0	0	0.0	0	0.0	0	771
0.189079229122	0.00182012847966	17	0.00289079229122	27	0.000749464668094	7	0.000214132762313	2	9340
0.509601181684	0.00590841949778	4	0.00590841949778	4	0.0	0	0.00147710487445	1	677
0.538569424965	0.0	0	0.0112201963534	8	0.00140252454418	1	0.0	0	713
0.643137254902	0.0117647058824	3	0.0078431372549	2	0.0	0	0.0	0	255
0.453038674033	0.0	0	0.0	0	0.0	0	0.0	0	543
0.518934081346	0.0	0	0.0	0	0.0	0	0.0	0	713
0.56049382716	0.00493827160494	2	0.00740740740741	3	0.0	0	0.0	0	405
0.505263157895	0.0	0	0.00116959064327	1	0.00116959064327	1	0.0	0	855
0.571428571429	0.00446428571429	2	0.00669642857143	3	0.00223214285714	1	0.0	0	448
0.463220675944	0.013916500994	7	0.00596421471173	3	0.00397614314115	2	0.0	0	503
0.445292620865	0.00763358778626	6	0.00381679389313	3	0.00127226463104	1	0.0	0	786
0.431011826544	0.00131406044678	2	0.00131406044678	2	0.0	0	0.0	0	1522
0.44972826087	0.0203804347826	15	0.00679347826087	5	0.0	0	0.00135869565217	1	736
0.140464070084	0.00414348289333	70	0.00408429028057	69	0.00207174144667	35	5.91926127619e-05	1	16894
0.507908611599	0.00175746924429	1	0.0	0	0.00351493848858	2	0.0	0	569
0.468634686347	0.0	0	0.00492004920049	4	0.0	0	0.0	0	813
0.494949494949	0.0016835016835	1	0.0	0	0.0	0	0.003367003367	2	594
0.488228004957	0.0111524163569	9	0.00123915737299	1	0.00123915737299	1	0.0	0	807
0.576991150442	0.0	0	0.0	0	0.0	0	0.0	0	565
0.596694214876	0.00165289256198	1	0.0	0	0.0	0	0.00165289256198	1	605
0.45390070922	0.00177304964539	2	0.000886524822695	1	0.0	0	0.0	0	1128
0.607046070461	0.0135501355014	5	0.0	0	0.0	0	0.0	0	369
0.453804347826	0.000905797101449	1	0.0018115942029	2	0.0018115942029	2	0.0	0	1104
0.463414634146	0.0	0	0.00609756097561	4	0.0	0	0.0	0	656
0.572944297082	0.0106100795756	4	0.0185676392573	7	0.0	0	0.0	0	377
0.671296296296	0.0	0	0.0	0	0.00462962962963	1	0.0	0	216
0.577259475219	0.00291545189504	1	0.00874635568513	3	0.0	0	0.0	0	343
0.622047244094	0.0	0	0.00787401574803	2	0.0	0	0.0	0	254
0.536534446764	0.0	0	0.0	0	0.0	0	0.0	0	479
0.556840077071	0.00385356454721	2	0.0	0	0.0	0	0.0	0	519
0.563421828909	0.0	0	0.0	0	0.0	0	0.0	0	339
0.530097087379	0.0	0	0.00194174757282	1	0.0	0	0.0	0	515
0.512048192771	0.0	0	0.00150602409639	1	0.0	0	0.0	0	664
0.397830018083	0.00241109101869	4	0.0	0	0.0	0	0.000602772754671	1	1659
0.525793650794	0.00198412698413	1	0.0	0	0.0	0	0.0	0	504
0.416319237641	0.0011911852293	2	0.00416914830256	7	0.0	0	0.000595592614652	1	1679
0.514223194748	0.0	0	0.0	0	0.0	0	0.0	0	457
0.517955801105	0.00552486187845	4	0.0	0	0.0	0	0.0	0	724
0.498245614035	0.00350877192982	2	0.0	0	0.0	0	0.0	0	570
0.495588235294	0.00147058823529	1	0.0	0	0.00147058823529	1	0.0	0	680
0.584269662921	0.00374531835206	1	0.0	0	0.0	0	0.0	0	267
0.489243027888	0.00398406374502	5	0.00159362549801	2	0.0	0	0.00239043824701	3	1255
0.509803921569	0.00490196078431	3	0.0	0	0.0	0	0.0	0	612
0.52489626556	0.0	0	0.00622406639004	3	0.0	0	0.00207468879668	1	482
0.572072072072	0.0045045045045	1	0.0045045045045	1	0.0	0	0.0	0	222
0.613733905579	0.00643776824034	3	0.0	0	0.0	0	0.0	0	466
0.480984340045	0.00559284116331	5	0.0	0	0.0	0	0.0	0	894
0.496703296703	0.00879120879121	4	0.0	0	0.0	0	0.0	0	455
0.595078299776	0.0	0	0.00447427293065	2	0.0	0	0.0	0	447
0.665198237885	0.0	0	0.0	0	0.0	0	0.0	0	227
0.553872053872	0.003367003367	2	0.0016835016835	1	0.0	0	0.0	0	594
0.531152647975	0.00311526479751	2	0.0	0	0.00155763239875	1	0.0	0	642
0.526634382567	0.00484261501211	4	0.0	0	0.00121065375303	1	0.0	0	826
0.508563899868	0.00790513833992	6	0.00527009222661	4	0.0	0	0.0	0	759
0.449573863636	0.00639204545455	9	0.00710227272727	10	0.000710227272727	1	0.0	0	1408
0.506474820144	0.0	0	0.0	0	0.00287769784173	2	0.0	0	695
0.483651226158	0.00408719346049	3	0.00136239782016	1	0.0	0	0.00136239782016	1	734
0.50605778192	0.00372786579683	4	0.000931966449208	1	0.0	0	0.0	0	1073
0.478002378121	0.00237812128419	2	0.00118906064209	1	0.00118906064209	1	0.00118906064209	1	841
0.443929564411	0.0	0	0.00185356811863	2	0.0	0	0.0	0	1079
0.4085541015	0.00255346313438	8	0.000319182891797	1	0.0	0	0.0	0	3133
0.428692699491	0.000848896434635	1	0.00594227504244	7	0.000848896434635	1	0.0	0	1178
0.439252336449	0.00431344356578	6	0.00431344356578	6	0.0	0	0.0	0	1391
0.518699186992	0.00975609756098	6	0.00325203252033	2	0.0	0	0.00162601626016	1	615
0.594654788419	0.00668151447661	3	0.0022271714922	1	0.0	0	0.0	0	449
0.490463215259	0.00272479564033	2	0.00272479564033	2	0.0	0	0.0	0	734
0.586776859504	0.0	0	0.00275482093664	1	0.0	0	0.0	0	363
0.539629005059	0.0	0	0.0	0	0.0	0	0.0	0	593
0.441124780316	0.0	0	0.00175746924429	2	0.0	0	0.0	0	1138
0.205391190007	0.00355029585799	27	0.00197238658777	15	0.000657462195924	5	0.000131492439185	1	7605
0.576086956522	0.0	0	0.0	0	0.0	0	0.0	0	276
0.476718403548	0.00221729490022	1	0.0	0	0.0	0	0.0	0	451
0.520047169811	0.00825471698113	7	0.0	0	0.0	0	0.0	0	848
0.413888888889	0.00277777777778	4	0.000694444444444	1	0.000694444444444	1	0.0	0	1440
0.5	0.0015243902439	1	0.00457317073171	3	0.0	0	0.0	0	656
0.58896797153	0.0017793594306	1	0.0	0	0.0	0	0.0	0	562
0.447916666667	0.00260416666667	3	0.00520833333333	6	0.0	0	0.0	0	1152
0.560460652591	0.00191938579655	1	0.00383877159309	2	0.0	0	0.0	0	521
0.517495395948	0.0073664825046	4	0.0	0	0.0	0	0.0	0	543
0.422044960116	0.00435097897027	6	0.00507614213198	7	0.000725163161711	1	0.000725163161711	1	1379
0.47866419295	0.0	0	0.0	0	0.00185528756957	1	0.0	0	539
0.460720130933	0.00327332242226	4	0.00327332242226	4	0.0	0	0.0	0	1222
0.492012779553	0.00319488817891	2	0.0	0	0.0	0	0.0	0	626
0.524096385542	0.00602409638554	3	0.00401606425703	2	0.0	0	0.0	0	498
0.585365853659	0.0121951219512	6	0.0	0	0.0020325203252	1	0.0	0	492
0.44752308984	0.00419815281276	5	0.0	0	0.000839630562552	1	0.0	0	1191
0.223074022873	0.00339323865779	27	0.00326756315194	26	0.000377026517532	3	0.000125675505844	1	7957
0.368121442125	0.0	0	0.00379506641366	4	0.0	0	0.0	0	1054
0.548133595285	0.0	0	0.00392927308448	2	0.0	0	0.0	0	509
0.52065404475	0.00344234079174	4	0.000860585197935	1	0.000860585197935	1	0.0	0	1162
0.504132231405	0.00590318772137	5	0.00118063754427	1	0.00118063754427	1	0.0	0	847
0.488542621448	0.00366636113657	4	0.00458295142071	5	0.000916590284143	1	0.0	0	1091
0.538913362702	0.0014684287812	1	0.00293685756241	2	0.0014684287812	1	0.0	0	681
0.386922615477	0.00239952009598	4	0.00239952009598	4	0.00179964007199	3	0.0	0	1667
0.453934740883	0.0	0	0.00575815738964	6	0.00191938579655	2	0.000959692898273	1	1042
0.438392857143	0.0107142857143	12	0.000892857142857	1	0.00446428571429	5	0.0	0	1120
0.436738519213	0.000937207122774	1	0.0037488284911	4	0.00187441424555	2	0.0	0	1067
0.490332559938	0.0061871616396	8	0.00232018561485	3	0.0	0	0.00077339520495	1	1293
0.461873638344	0.00726216412491	10	0.00290486564996	4	0.0	0	0.0	0	1377
0.327987169206	0.00761828388132	19	0.0	0	0.0	0	0.0028067361668	7	2494
0.482188295165	0.00127226463104	1	0.00508905852417	4	0.00381679389313	3	0.0	0	786
0.489035087719	0.00219298245614	2	0.00109649122807	1	0.0	0	0.0	0	912
0.41576857629	0.00794100964265	14	0.00794100964265	14	0.0	0	0.000567214974475	1	1763
0.369533313766	0.00293513354858	10	0.00146756677429	5	0.0	0	0.000293513354858	1	3407
0.505787037037	0.00347222222222	3	0.00115740740741	1	0.0	0	0.00115740740741	1	864
0.489795918367	0.0	0	0.0	0	0.0	0	0.0	0	441
0.477300613497	0.0159509202454	13	0.00122699386503	1	0.0	0	0.0	0	815
0.55205811138	0.0	0	0.0	0	0.00242130750605	1	0.00242130750605	1	413
0.51951951952	0.001001001001	1	0.004004004004	4	0.002002002002	2	0.0	0	999
0.451824817518	0.0029197080292	4	0.0043795620438	6	0.000729927007299	1	0.0	0	1370
0.183310533516	0.00113999088007	10	0.00170998632011	15	0.000455996352029	4	0.000113999088007	1	8772
0.202769886364	0.00189393939394	16	0.0016571969697	14	0.000710227272727	6	0.0	0	8448
0.458186101296	0.0	0	0.0106007067138	9	0.00117785630153	1	0.0	0	849
0.55504587156	0.0	0	0.0	0	0.0	0	0.0	0	436
0.21231043711	0.00191155855741	15	0.00140180960877	11	0.000382311711482	3	0.0	0	7847
0.206143424434	0.00186872226115	16	0.00175192711983	15	0.000233590282644	2	0.0	0	8562
0.481927710843	0.00328587075575	3	0.00109529025192	1	0.0	0	0.0	0	913
0.440848214286	0.0	0	0.00111607142857	1	0.00111607142857	1	0.0	0	896
0.56783919598	0.00753768844221	3	0.00251256281407	1	0.0	0	0.0	0	398
0.621621621622	0.0045045045045	1	0.0	0	0.0045045045045	1	0.0	0	222
0.531114327062	0.0	0	0.0	0	0.0	0	0.0	0	691
0.470802919708	0.0	0	0.0	0	0.0	0	0.0	0	822
0.489465153971	0.0	0	0.00162074554295	1	0.0	0	0.0	0	617
0.486280487805	0.0	0	0.0	0	0.0015243902439	1	0.0	0	656
0.202996789154	0.0024973242954	21	0.00285408490903	24	0.000951361636342	8	0.0	0	8409
0.208333333333	0.00201231060606	17	0.00142045454545	12	0.000473484848485	4	0.000236742424242	2	8448
0.455801104972	0.0	0	0.00276243093923	2	0.00138121546961	1	0.0	0	724
0.52024291498	0.00202429149798	1	0.00404858299595	2	0.0	0	0.0	0	494
0.601769911504	0.0	0	0.0	0	0.0	0	0.0	0	339
0.534246575342	0.00342465753425	2	0.00171232876712	1	0.0	0	0.0	0	584
0.414305949008	0.0042492917847	6	0.0014164305949	2	0.0	0	0.0	0	1412
0.201552183482	0.00220085717595	19	0.00312753388162	27	0.000810842117456	7	0.0	0	8633
0.524822695035	0.0	0	0.00236406619385	1	0.0	0	0.0	0	423
0.175608166811	0.00304083405734	28	0.001303214596	12	0.000543006081668	5	0.000108601216334	1	9208
0.196923438234	0.00164396430249	14	0.00211366838891	18	0.000939408172851	8	0.0	0	8516
0.48487804878	0.00487804878049	5	0.00585365853659	6	0.0	0	0.0	0	1025
0.164233121178	0.00205915387495	33	0.000748783227256	12	0.000686384624984	11	6.23986022713e-05	1	16026
0.475118483412	0.0	0	0.00236966824645	2	0.0	0	0.0	0	844
0.528015194682	0.00569800569801	6	0.000949667616334	1	0.00189933523267	2	0.0	0	1053
0.434405940594	0.0	0	0.0049504950495	4	0.00123762376238	1	0.0	0	808
0.477356181151	0.00734394124847	6	0.00244798041616	2	0.00122399020808	1	0.0	0	817
0.5625	0.0	0	0.00551470588235	3	0.0	0	0.0	0	544
0.462753950339	0.00112866817156	1	0.0	0	0.00225733634312	2	0.0	0	886
0.51061452514	0.00223463687151	2	0.0	0	0.0	0	0.0	0	895
0.543076923077	0.00153846153846	1	0.00153846153846	1	0.0	0	0.00153846153846	1	650
0.359486447932	0.00356633380884	5	0.0	0	0.0	0	0.000713266761769	1	1402
0.372720897616	0.000350631136045	1	0.00245441795231	7	0.0	0	0.0	0	2852
0.461441213654	0.00252844500632	2	0.00379266750948	3	0.0	0	0.00126422250316	1	791
0.517117117117	0.0	0	0.00720720720721	4	0.0	0	0.0	0	555
0.555288461538	0.0	0	0.0	0	0.0	0	0.0	0	416
0.551051051051	0.0	0	0.0015015015015	1	0.0	0	0.0	0	666
0.536163522013	0.00157232704403	1	0.0	0	0.0	0	0.0	0	636
0.467654986523	0.0	0	0.00269541778976	2	0.00134770889488	1	0.0	0	742
0.429065743945	0.00115340253749	1	0.00115340253749	1	0.0	0	0.0	0	867
0.539015606242	0.00240096038415	2	0.0	0	0.00120048019208	1	0.0	0	833
0.513736263736	0.00137362637363	1	0.0	0	0.00137362637363	1	0.0	0	728
0.494186046512	0.00813953488372	7	0.00116279069767	1	0.00116279069767	1	0.0	0	860
0.525	0.0	0	0.0109375	7	0.0	0	0.0	0	640
0.504261363636	0.00426136363636	3	0.00142045454545	1	0.00284090909091	2	0.00284090909091	2	704
0.522644927536	0.0054347826087	6	0.000905797101449	1	0.0	0	0.000905797101449	1	1104
0.538461538462	0.0	0	0.00093808630394	1	0.00093808630394	1	0.0	0	1066
0.453640323584	0.00124455507156	2	0.00248911014312	4	0.0	0	0.000622277535781	1	1607
0.551020408163	0.0	0	0.00291545189504	1	0.0	0	0.00291545189504	1	343
0.398294762485	0.00121802679659	2	0.00121802679659	2	0.00121802679659	2	0.0	0	1642
0.384408602151	0.000537634408602	1	0.00215053763441	4	0.000537634408602	1	0.0	0	1860
0.463440860215	0.00860215053763	8	0.00215053763441	2	0.0	0	0.0	0	930
0.473684210526	0.00438596491228	2	0.00219298245614	1	0.0	0	0.0	0	456
0.467336683417	0.00201005025126	2	0.00100502512563	1	0.0	0	0.00100502512563	1	995
0.460616438356	0.00342465753425	2	0.0	0	0.00513698630137	3	0.0	0	584
0.451882845188	0.00209205020921	2	0.00418410041841	4	0.0	0	0.0	0	956
0.518433179724	0.00230414746544	2	0.00230414746544	2	0.0	0	0.0	0	868
0.421824104235	0.00651465798046	8	0.0	0	0.00162866449511	2	0.00244299674267	3	1228
0.501639344262	0.0	0	0.00437158469945	4	0.00109289617486	1	0.0	0	915
0.379746835443	0.00115074798619	2	0.00115074798619	2	0.0	0	0.000575373993096	1	1738
0.485461441214	0.00252844500632	2	0.00379266750948	3	0.00252844500632	2	0.0	0	791
0.438103599649	0.000877963125549	1	0.000877963125549	1	0.000877963125549	1	0.0	0	1139
0.521628498728	0.0	0	0.00508905852417	4	0.0	0	0.0	0	786
0.258750268413	0.007300837449	34	0.00171784410565	8	0.00193257461885	9	0.00236203564527	11	4657
0.569553805774	0.010498687664	4	0.00262467191601	1	0.0	0	0.0	0	381
0.556900726392	0.0	0	0.00484261501211	2	0.0	0	0.0	0	413
0.379830348728	0.00251335218347	8	0.000314169022934	1	0.000314169022934	1	0.0	0	3183
0.430573248408	0.00191082802548	6	0.000955414012739	3	0.000955414012739	3	0.000636942675159	2	3140
0.444249341528	0.00614574187884	7	0.00263388937665	3	0.0	0	0.0	0	1139
0.40414507772	0.00414507772021	8	0.00362694300518	7	0.00155440414508	3	0.00103626943005	2	1930
0.43445435827	0.00205902539465	3	0.00274536719286	4	0.0	0	0.00274536719286	4	1457
0.174582278481	0.00182278481013	18	0.0020253164557	20	0.00020253164557	2	0.000101265822785	1	9875
0.570839064649	0.00550206327373	4	0.0	0	0.0	0	0.0	0	727
0.365128449096	0.0023786869648	10	0.0023786869648	10	0.000475737392959	2	0.0	0	4204
0.498194945848	0.00180505415162	1	0.00541516245487	3	0.0	0	0.0	0	554
0.605769230769	0.0	0	0.0	0	0.0	0	0.0	0	312
0.480349344978	0.0	0	0.00436681222707	3	0.0	0	0.0	0	687
0.202769886364	0.00248579545455	21	0.00236742424242	20	0.00177556818182	15	0.000236742424242	2	8448
0.52427184466	0.00364077669903	3	0.0	0	0.0	0	0.0	0	824
0.543783783784	0.00108108108108	1	0.0	0	0.0	0	0.0	0	925
0.393074501574	0.00104931794334	5	0.00146904512067	7	0.000209863588667	1	0.000419727177335	2	4765
0.0994532816836	0.00271985494107	99	0.00206049616748	75	0.00027473282233	10	0.000137366411165	5	36399
0.456158663883	0.0	0	0.00104384133612	1	0.0	0	0.0	0	958
0.57528957529	0.0	0	0.0	0	0.0	0	0.0	0	518
0.608108108108	0.00675675675676	2	0.00675675675676	2	0.0	0	0.0	0	296
0.514577259475	0.0	0	0.00145772594752	1	0.00145772594752	1	0.0	0	686
0.228716480083	0.00208279093986	16	0.00299401197605	23	0.00130174433741	10	0.000260348867482	2	7682
0.465422612514	0.00219538968167	2	0.00768386388584	7	0.0	0	0.00109769484083	1	911
0.484029484029	0.0036855036855	3	0.0036855036855	3	0.0012285012285	1	0.0	0	814
0.577777777778	0.00277777777778	1	0.0	0	0.00555555555556	2	0.0	0	360
0.587264150943	0.0117924528302	5	0.00235849056604	1	0.0	0	0.0	0	424
0.435875216638	0.00346620450607	4	0.00346620450607	4	0.0	0	0.0	0	1154
0.455954323002	0.00163132137031	2	0.00244698205546	3	0.000815660685155	1	0.0	0	1226
0.229971988796	0.00126050420168	9	0.00350140056022	25	0.000140056022409	1	0.0	0	7140
0.432523616734	0.00539811066127	8	0.0	0	0.0	0	0.0	0	1482
0.516642547033	0.00868306801737	6	0.0	0	0.0	0	0.0	0	691
0.480452674897	0.00411522633745	4	0.0	0	0.0	0	0.0	0	972
0.44676180022	0.0	0	0.0	0	0.0	0	0.0	0	911
0.574660633484	0.0	0	0.00226244343891	1	0.0	0	0.0	0	442
0.436085626911	0.00672782874618	11	0.00244648318043	4	0.000611620795107	1	0.0	0	1635
0.522556390977	0.00187969924812	1	0.00375939849624	2	0.0	0	0.00187969924812	1	532
0.259360108918	0.00442477876106	13	0.00340367597005	10	0.00374404356705	11	0.00068073519401	2	2938
0.371655104063	0.00792864222002	16	0.00247770069376	5	0.000495540138751	1	0.000495540138751	1	2018
0.569620253165	0.00316455696203	1	0.0	0	0.0	0	0.0	0	316
0.562862669246	0.00193423597679	1	0.0	0	0.0	0	0.0	0	517
0.206976744186	0.00146878824969	12	0.00171358629131	14	0.00171358629131	14	0.0	0	8170
0.524934383202	0.00524934383202	2	0.00262467191601	1	0.00262467191601	1	0.0	0	381
0.508474576271	0.0	0	0.00154083204931	1	0.0	0	0.00154083204931	1	649
0.476495726496	0.00534188034188	5	0.00106837606838	1	0.00213675213675	2	0.0	0	936
0.565853658537	0.0	0	0.0	0	0.0	0	0.0	0	410
0.253937947494	0.00286396181384	12	0.00429594272076	18	0.000477326968974	2	0.0	0	4190
0.781512605042	0.0252100840336	3	0.0	0	0.0	0	0.0	0	119
0.627737226277	0.0	0	0.0	0	0.0	0	0.0	0	411
0.462326702833	0.00301386377336	5	0.00241109101869	4	0.000602772754671	1	0.0	0	1659
0.484745762712	0.00169491525424	1	0.0	0	0.0	0	0.00169491525424	1	590
0.52380952381	0.00828157349896	4	0.00414078674948	2	0.0	0	0.00207039337474	1	483
0.438563327032	0.00283553875236	3	0.0047258979206	5	0.0	0	0.0	0	1058
0.508733624454	0.00218340611354	1	0.00218340611354	1	0.0	0	0.0	0	458
0.664215686275	0.00490196078431	2	0.0	0	0.0	0	0.0	0	408
0.514583333333	0.00416666666667	2	0.0	0	0.0	0	0.0	0	480
0.549429657795	0.00380228136882	2	0.0	0	0.0	0	0.0	0	526
0.479140328698	0.00126422250316	1	0.0	0	0.00126422250316	1	0.0	0	791
0.46472392638	0.0	0	0.0	0	0.00613496932515	4	0.0	0	652
0.370783790342	0.000242659548653	1	0.00388255277845	16	0.00121329774327	5	0.0	0	4121
0.219222597175	0.0021247344082	17	0.00224971878515	18	0.00137482814648	11	0.0	0	8001
0.475314617619	0.00193610842207	2	0.0	0	0.000968054211036	1	0.0	0	1033
0.443986820428	0.000823723228995	1	0.00164744645799	2	0.00411861614498	5	0.0	0	1214
0.506355932203	0.0	0	0.0	0	0.0	0	0.0021186440678	1	472
0.520153550864	0.0	0	0.00191938579655	1	0.0	0	0.00191938579655	1	521
0.521978021978	0.0	0	0.0	0	0.0	0	0.0	0	364
0.40329218107	0.00274348422497	2	0.00274348422497	2	0.0	0	0.0	0	729
0.444800569801	0.0	0	0.0	0	0.000356125356125	1	0.0	0	2808
0.486454652532	0.00117785630153	1	0.00117785630153	1	0.00117785630153	1	0.0	0	849
0.466591166478	0.00226500566251	2	0.00113250283126	1	0.0	0	0.0	0	883
0.522262334537	0.00120336943442	1	0.0	0	0.0	0	0.0	0	831
0.488624052004	0.0	0	0.00541711809317	5	0.00216684723727	2	0.00541711809317	5	923
0.696261682243	0.00467289719626	1	0.0	0	0.0	0	0.0	0	214
0.443636363636	0.00121212121212	1	0.0	0	0.0	0	0.0	0	825
0.59706959707	0.014652014652	4	0.00732600732601	2	0.003663003663	1	0.0	0	273
0.408584169454	0.000557413600892	1	0.00111482720178	2	0.00111482720178	2	0.0	0	1794
0.523411371237	0.0	0	0.00167224080268	1	0.00334448160535	2	0.0	0	598
0.494285714286	0.0	0	0.00285714285714	2	0.0	0	0.0	0	700
0.465286236297	0.00365408038977	3	0.0	0	0.00121802679659	1	0.0	0	821
0.496031746032	0.00793650793651	4	0.00198412698413	1	0.0	0	0.0	0	504
0.668941979522	0.0	0	0.0	0	0.0	0	0.0	0	293
0.488178025035	0.0152990264256	11	0.00139082058414	1	0.0	0	0.0	0	719
0.484811664642	0.0048602673147	4	0.0048602673147	4	0.0	0	0.0	0	823
0.451932606541	0.00396432111001	4	0.00396432111001	4	0.00297324083251	3	0.0	0	1009
0.492603550296	0.0103550295858	7	0.00591715976331	4	0.0	0	0.0	0	676
0.58690744921	0.0	0	0.00225733634312	1	0.00902934537246	4	0.0	0	443
0.474153297683	0.0	0	0.0196078431373	11	0.0	0	0.0	0	561
0.479452054795	0.00526870389884	5	0.0105374077977	10	0.0	0	0.0	0	949
0.572429906542	0.0	0	0.00467289719626	2	0.0	0	0.0	0	428
0.452261306533	0.0070351758794	7	0.00804020100503	8	0.00100502512563	1	0.00100502512563	1	995
0.519230769231	0.00686813186813	5	0.00274725274725	2	0.00412087912088	3	0.00137362637363	1	728
0.552631578947	0.0	0	0.00328947368421	1	0.0	0	0.0	0	304
0.465317919075	0.0	0	0.0	0	0.0	0	0.0	0	1038
0.574948665298	0.0102669404517	5	0.0	0	0.00205338809035	1	0.0	0	487
0.482802547771	0.0140127388535	11	0.00127388535032	1	0.0	0	0.00127388535032	1	785
0.484090909091	0.00454545454545	4	0.0181818181818	16	0.0	0	0.0	0	880
0.502040816327	0.00544217687075	4	0.00136054421769	1	0.0	0	0.0	0	735
0.473563218391	0.00229885057471	2	0.00459770114943	4	0.00114942528736	1	0.0	0	870
0.518779342723	0.00352112676056	3	0.00586854460094	5	0.00234741784038	2	0.0	0	852
0.50499001996	0.00399201596806	2	0.00399201596806	2	0.00199600798403	1	0.0	0	501
0.432134996332	0.006603081438	9	0.004402054292	6	0.00146735143067	2	0.000733675715334	1	1363
0.547038327526	0.00464576074332	4	0.00116144018583	1	0.0	0	0.0	0	861
0.500963391137	0.0134874759152	14	0.000963391136802	1	0.0019267822736	2	0.0	0	1038
0.508650519031	0.00173010380623	1	0.00173010380623	1	0.00346020761246	2	0.0	0	578
0.504472271914	0.0	0	0.0	0	0.0	0	0.0	0	1118
0.554707379135	0.00508905852417	2	0.0	0	0.0	0	0.0	0	393
0.533858267717	0.00944881889764	6	0.0	0	0.0	0	0.0	0	635
0.462113127001	0.00213447171825	2	0.0	0	0.0	0	0.0	0	937
0.526905829596	0.0112107623318	5	0.0	0	0.0	0	0.00224215246637	1	446
0.533820840951	0.0073126142596	4	0.0	0	0.0	0	0.0	0	547
0.491094147583	0.00593723494487	7	0.00254452926209	3	0.000848176420696	1	0.00339270568278	4	1179
0.465701219512	0.00609756097561	8	0.0015243902439	2	0.0	0	0.0015243902439	2	1312
0.462192816635	0.00283553875236	3	0.00189035916824	2	0.00283553875236	3	0.000945179584121	1	1058
0.538461538462	0.00559440559441	4	0.0041958041958	3	0.0	0	0.0027972027972	2	715
0.534375	0.003125	2	0.003125	2	0.0	0	0.00625	4	640
0.498633879781	0.0122950819672	9	0.0122950819672	9	0.0	0	0.00136612021858	1	732
0.441102756892	0.00501253132832	4	0.00375939849624	3	0.00125313283208	1	0.00125313283208	1	798
0.497975708502	0.00404858299595	2	0.00202429149798	1	0.00202429149798	1	0.0	0	494
0.420245398773	0.00429447852761	7	0.00306748466258	5	0.0	0	0.0	0	1630
0.526570048309	0.0048309178744	2	0.0	0	0.0	0	0.0	0	414
0.44702320888	0.00302724520686	3	0.0110998990918	11	0.00201816347124	2	0.00100908173562	1	991
0.492079207921	0.00792079207921	8	0.0019801980198	2	0.0	0	0.0	0	1010
0.475471698113	0.011320754717	9	0.0062893081761	5	0.0	0	0.0	0	795
0.569444444444	0.0	0	0.0	0	0.0	0	0.0	0	360
0.474554707379	0.00636132315522	5	0.00254452926209	2	0.0	0	0.0	0	786
0.584810126582	0.00253164556962	1	0.0	0	0.00253164556962	1	0.0	0	395
0.56345177665	0.0	0	0.0	0	0.0	0	0.0	0	394
0.484157160963	0.00126742712294	1	0.0	0	0.0	0	0.0	0	789
0.437572928821	0.00350058343057	3	0.0	0	0.00116686114352	1	0.0	0	857
0.570666666667	0.0	0	0.00266666666667	1	0.0	0	0.0	0	375
0.470530451866	0.0	0	0.00589390962672	6	0.0	0	0.0	0	1018
0.487935656836	0.0120643431635	9	0.00134048257373	1	0.00134048257373	1	0.00134048257373	1	746
0.496363636364	0.00181818181818	1	0.00363636363636	2	0.00181818181818	1	0.0	0	550
0.466783216783	0.0034965034965	2	0.0	0	0.0	0	0.0	0	572
0.552147239264	0.0245398773006	8	0.0	0	0.00306748466258	1	0.0	0	326
0.532863849765	0.0	0	0.0	0	0.0	0	0.0	0	426
0.503536067893	0.0	0	0.0	0	0.001414427157	1	0.0	0	707
0.525879917184	0.0	0	0.00207039337474	1	0.0	0	0.00207039337474	1	483
0.479744136461	0.00959488272921	9	0.00106609808102	1	0.00106609808102	1	0.0	0	938
0.481311975591	0.00381388253242	5	0.000762776506484	1	0.0	0	0.000762776506484	1	1311
0.493421052632	0.00657894736842	5	0.00394736842105	3	0.0	0	0.0	0	760
0.457249070632	0.00278810408922	3	0.00185873605948	2	0.00092936802974	1	0.0	0	1076
0.542443064182	0.0	0	0.00621118012422	3	0.00414078674948	2	0.00207039337474	1	483
0.473178542834	0.00080064051241	1	0.00160128102482	2	0.00080064051241	1	0.0	0	1249
0.67	0.0	0	0.0	0	0.0	0	0.0	0	200
0.446172248804	0.0011961722488	1	0.00358851674641	3	0.0011961722488	1	0.0	0	836
0.536290322581	0.00403225806452	2	0.0	0	0.00806451612903	4	0.00201612903226	1	496
0.582417582418	0.00989010989011	9	0.0	0	0.0	0	0.0010989010989	1	910
0.452380952381	0.00226757369615	2	0.00340136054422	3	0.0	0	0.0	0	882
0.580152671756	0.0	0	0.0	0	0.0	0	0.0	0	393
0.448648648649	0.00216216216216	2	0.0281081081081	26	0.0	0	0.0	0	925
0.47619047619	0.003861003861	3	0.002574002574	2	0.0	0	0.0	0	777
0.502683363148	0.0	0	0.0	0	0.0	0	0.0	0	559
0.521241830065	0.00653594771242	4	0.00980392156863	6	0.0016339869281	1	0.0	0	612
0.489144316731	0.00383141762452	3	0.00638569604087	5	0.0	0	0.0	0	783
0.451158106747	0.0100704934542	10	0.00100704934542	1	0.0	0	0.0	0	993
0.469184890656	0.00298210735586	3	0.000994035785288	1	0.0	0	0.0	0	1006
0.475841874085	0.00439238653001	3	0.00732064421669	5	0.0	0	0.0	0	683
0.586466165414	0.0	0	0.0	0	0.0	0	0.0	0	266
0.529268292683	0.0	0	0.0	0	0.0	0	0.0	0	410
0.538793103448	0.00215517241379	1	0.0	0	0.0	0	0.0	0	464
0.498293515358	0.00170648464164	1	0.0	0	0.0	0	0.0	0	586
0.612299465241	0.0	0	0.00267379679144	1	0.0	0	0.0	0	374
0.575471698113	0.0	0	0.0	0	0.0	0	0.0	0	318
0.512605042017	0.0	0	0.0	0	0.0	0	0.0	0	476
0.485675306958	0.00818553888131	6	0.0	0	0.0	0	0.0	0	733
0.524350649351	0.00324675324675	2	0.00162337662338	1	0.0	0	0.0	0	616
0.538461538462	0.0	0	0.0	0	0.0	0	0.0	0	442
0.534338358459	0.00335008375209	2	0.00335008375209	2	0.00167504187605	1	0.0	0	597
0.480138169257	0.0	0	0.00345423143351	2	0.00172711571675	1	0.0	0	579
0.570570570571	0.0	0	0.0	0	0.0	0	0.0	0	333
0.489159891599	0.00271002710027	2	0.0	0	0.0	0	0.0	0	738
0.462569832402	0.0	0	0.0	0	0.0	0	0.0	0	895
0.540909090909	0.0	0	0.00909090909091	4	0.0	0	0.0	0	440
0.611111111111	0.00925925925926	3	0.00308641975309	1	0.0	0	0.00308641975309	1	324
0.560975609756	0.00609756097561	2	0.0030487804878	1	0.0	0	0.0	0	328
0.441008018328	0.00343642611684	3	0.00343642611684	3	0.0	0	0.00114547537228	1	873
0.450574712644	0.00114942528736	1	0.0	0	0.0	0	0.0	0	870
0.505200594354	0.00891530460624	6	0.0	0	0.0	0	0.0	0	673
0.48755186722	0.00414937759336	2	0.00207468879668	1	0.0	0	0.0	0	482
0.504215851602	0.0	0	0.0	0	0.0	0	0.0	0	593
0.480431848853	0.00269905533063	2	0.00404858299595	3	0.0	0	0.00404858299595	3	741
0.435825105783	0.0	0	0.00564174894217	4	0.0	0	0.0	0	709
0.47480620155	0.0	0	0.000968992248062	1	0.0	0	0.0	0	1032
0.45953002611	0.00391644908616	3	0.0	0	0.0	0	0.00130548302872	1	766
0.486842105263	0.00146198830409	1	0.00292397660819	2	0.0	0	0.0	0	684
0.49696969697	0.0	0	0.00151515151515	1	0.00151515151515	1	0.00151515151515	1	660
0.500952380952	0.0	0	0.0	0	0.0	0	0.000952380952381	1	1050
0.467160037003	0.00185013876041	2	0.00555041628122	6	0.00185013876041	2	0.000925069380204	1	1081
0.480519480519	0.0166975881262	9	0.00185528756957	1	0.0	0	0.0	0	539
0.665413533835	0.0	0	0.00375939849624	1	0.0	0	0.00375939849624	1	266
0.509433962264	0.0	0	0.0062893081761	3	0.0020964360587	1	0.0	0	477
0.557768924303	0.0	0	0.0	0	0.0	0	0.0	0	502
0.562380038388	0.0	0	0.0	0	0.0	0	0.00191938579655	1	521
0.517964071856	0.00149700598802	1	0.0	0	0.0	0	0.00149700598802	1	668
0.533123028391	0.00315457413249	2	0.00157728706625	1	0.0	0	0.00157728706625	1	634
0.418181818182	0.00058651026393	1	0.00234604105572	4	0.00175953079179	3	0.0	0	1705
0.578512396694	0.00275482093664	1	0.00826446280992	3	0.0	0	0.0	0	363
0.475953565506	0.00746268656716	9	0.000829187396352	1	0.0	0	0.000829187396352	1	1206
0.518123667377	0.00213219616205	1	0.00213219616205	1	0.00213219616205	1	0.00213219616205	1	469
0.449126413155	0.00513874614594	5	0.0	0	0.00102774922919	1	0.0	0	973
0.433080808081	0.00505050505051	4	0.00126262626263	1	0.0	0	0.0	0	792
0.525078369906	0.00783699059561	5	0.0	0	0.00626959247649	4	0.0	0	638
0.524366471735	0.00389863547758	2	0.0	0	0.00194931773879	1	0.0	0	513
0.493670886076	0.0	0	0.00180831826401	1	0.00542495479204	3	0.0	0	553
0.586956521739	0.00197628458498	1	0.0	0	0.0	0	0.0	0	506
0.467843631778	0.00126103404792	1	0.00378310214376	3	0.00378310214376	3	0.0	0	793
0.473560517039	0.00587544065805	5	0.0	0	0.0	0	0.0	0	851
0.475791433892	0.00279329608939	3	0.000931098696462	1	0.0	0	0.000931098696462	1	1074
0.539964476021	0.00532859680284	3	0.00177619893428	1	0.0	0	0.0	0	563
0.513513513514	0.00900900900901	3	0.0	0	0.0	0	0.0	0	333
0.552272727273	0.00227272727273	1	0.0	0	0.00454545454545	2	0.0	0	440
0.479938271605	0.00154320987654	1	0.00308641975309	2	0.0	0	0.0	0	648
0.534072900158	0.0	0	0.0	0	0.0	0	0.0	0	631
0.43654822335	0.00634517766497	5	0.00761421319797	6	0.0	0	0.0	0	788
0.548387096774	0.00248138957816	1	0.00496277915633	2	0.0	0	0.00248138957816	1	403
0.487039563438	0.0109140518417	8	0.00409276944065	3	0.0	0	0.0	0	733
0.549053356282	0.00172117039587	1	0.00688468158348	4	0.0	0	0.00344234079174	2	581
0.462875197472	0.0	0	0.000789889415482	1	0.0	0	0.0	0	1266
0.536858974359	0.0	0	0.00160256410256	1	0.0	0	0.0	0	624
0.449126413155	0.00205549845838	2	0.00616649537513	6	0.0	0	0.0	0	973
0.475524475524	0.00559440559441	4	0.0	0	0.0	0	0.0	0	715
0.457668711656	0.00122699386503	1	0.0	0	0.0	0	0.00122699386503	1	815
0.637931034483	0.00985221674877	4	0.0	0	0.0	0	0.0	0	406
0.247265576994	0.00208922207202	17	0.00122895416001	10	0.000245790832002	2	0.0	0	8137
0.515337423313	0.0	0	0.0081799591002	4	0.0	0	0.0	0	489
0.508591065292	0.00229095074456	2	0.00229095074456	2	0.00229095074456	2	0.00229095074456	2	873
0.51890482399	0.0026075619296	2	0.0	0	0.0	0	0.0	0	767
0.529750479846	0.0	0	0.0	0	0.0	0	0.0	0	521
0.717514124294	0.0169491525424	3	0.0	0	0.0	0	0.0	0	177
0.516272189349	0.00295857988166	2	0.00147928994083	1	0.0	0	0.0	0	676
0.496021220159	0.00132625994695	1	0.0053050397878	4	0.0	0	0.0	0	754
0.466666666667	0.00925925925926	10	0.012037037037	13	0.00185185185185	2	0.0	0	1080
0.531680440771	0.0	0	0.0	0	0.0	0	0.0	0	363
0.507382550336	0.00402684563758	3	0.00134228187919	1	0.0	0	0.0	0	745
0.514627659574	0.0	0	0.00132978723404	1	0.0	0	0.0	0	752
0.480239520958	0.0167664670659	14	0.0059880239521	5	0.0	0	0.00119760479042	1	835
0.591240875912	0.00486618004866	2	0.0	0	0.0	0	0.0	0	411
0.495575221239	0.00491642084562	5	0.00884955752212	9	0.00196656833825	2	0.000983284169125	1	1017
0.212212092131	0.00251919385797	21	0.00239923224568	20	0.000719769673704	6	0.000359884836852	3	8336
0.528422738191	0.00560448358687	7	0.0	0	0.0	0	0.0	0	1249
0.565022421525	0.00224215246637	1	0.0	0	0.0	0	0.0	0	446
0.511578947368	0.0	0	0.0	0	0.00210526315789	2	0.0	0	950
0.427718040621	0.00119474313023	1	0.00119474313023	1	0.00119474313023	1	0.0	0	837
0.444680851064	0.00212765957447	2	0.0	0	0.00106382978723	1	0.00106382978723	1	940
0.262678534465	0.00238045953219	23	0.00196646657007	19	0.00010349824053	1	0.00031049472159	3	9662
0.304453049371	0.00629235237173	26	0.000968054211036	4	0.000242013552759	1	0.00580832526621	24	4132
0.428857715431	0.00267201068804	4	0.000668002672011	1	0.000668002672011	1	0.0	0	1497
0.521628498728	0.00127226463104	1	0.00381679389313	3	0.00381679389313	3	0.0	0	786
0.493910690122	0.00405953991881	3	0.00270635994587	2	0.0	0	0.0	0	739
0.515564202335	0.00583657587549	3	0.00194552529183	1	0.0	0	0.0	0	514
0.521642619312	0.00221975582686	2	0.0	0	0.00332963374029	3	0.0	0	901
0.526582278481	0.00253164556962	1	0.0	0	0.0	0	0.0	0	395
0.413301662708	0.0	0	0.0083135391924	7	0.0	0	0.0	0	842
0.204755055419	0.00160758101362	19	0.00236906675692	28	0.000169219054065	2	0.000253828581098	3	11819
0.47889182058	0.0131926121372	10	0.0	0	0.00131926121372	1	0.0	0	758
0.492822966507	0.00717703349282	3	0.0	0	0.0	0	0.0	0	418
0.488861386139	0.00371287128713	3	0.00247524752475	2	0.0	0	0.0	0	808
0.548797736917	0.0	0	0.002828854314	2	0.0	0	0.0	0	707
0.624087591241	0.0	0	0.0	0	0.0	0	0.0	0	274
0.497062279671	0.00117508813161	1	0.00822561692127	7	0.0	0	0.0	0	851
0.562243502052	0.00136798905609	1	0.0	0	0.0	0	0.0	0	731
0.520179372197	0.00149476831091	1	0.00149476831091	1	0.0	0	0.00149476831091	1	669
0.478224455611	0.000837520938023	1	0.00251256281407	3	0.0	0	0.000837520938023	1	1194
0.495923913043	0.00135869565217	1	0.00135869565217	1	0.0	0	0.0	0	736
0.504792332268	0.0	0	0.0	0	0.0	0	0.0	0	626
0.641221374046	0.0	0	0.0	0	0.0	0	0.00254452926209	1	393
0.489035087719	0.00109649122807	1	0.00219298245614	2	0.0	0	0.0	0	912
0.518656716418	0.00186567164179	1	0.00186567164179	1	0.00186567164179	1	0.0	0	536
0.444700460829	0.00460829493088	4	0.0	0	0.00115207373272	1	0.0	0	868
0.468546637744	0.0119305856833	11	0.0	0	0.0	0	0.0	0	922
0.460784313725	0.0	0	0.00122549019608	1	0.0	0	0.0	0	816
0.504230118443	0.00169204737733	1	0.0	0	0.0	0	0.0	0	591
0.469578783151	0.0	0	0.0015600624025	1	0.0	0	0.0	0	641
0.345053147997	0.00122649223222	3	0.000408830744072	1	0.00163532297629	4	0.0	0	2446
0.477789815818	0.00433369447454	8	0.00108342361863	2	0.0	0	0.00108342361863	2	1846
0.47409733124	0.0	0	0.00313971742543	2	0.0	0	0.0	0	637
0.581712062257	0.00389105058366	2	0.0	0	0.00194552529183	1	0.0	0	514
0.496865203762	0.0	0	0.0	0	0.0	0	0.00156739811912	1	638
0.587096774194	0.00645161290323	2	0.00322580645161	1	0.0129032258065	4	0.00322580645161	1	310
0.447058823529	0.00294117647059	3	0.000980392156863	1	0.00196078431373	2	0.0	0	1020
0.435483870968	0.0	0	0.00460829493088	6	0.0	0	0.000768049155146	1	1302
0.519861830743	0.00172711571675	1	0.00345423143351	2	0.0	0	0.0	0	579
0.492625368732	0.00147492625369	1	0.00442477876106	3	0.0	0	0.0	0	678
0.436454849498	0.00334448160535	2	0.0100334448161	6	0.0	0	0.0	0	598
0.432473444613	0.00151745068285	1	0.00303490136571	2	0.0	0	0.0	0	659
0.511423550088	0.00175746924429	1	0.00351493848858	2	0.0	0	0.0	0	569
0.488636363636	0.0113636363636	6	0.00189393939394	1	0.00378787878788	2	0.0	0	528
0.591549295775	0.0	0	0.0	0	0.0	0	0.0	0	213
0.535452322738	0.00244498777506	1	0.00244498777506	1	0.0	0	0.0	0	409
0.442148760331	0.00206611570248	2	0.00103305785124	1	0.0	0	0.0	0	968
0.500570125428	0.0	0	0.0	0	0.00114025085519	1	0.0	0	877
0.476043276662	0.00463678516229	3	0.0	0	0.0	0	0.0	0	647
0.510903426791	0.00467289719626	3	0.00155763239875	1	0.0	0	0.0	0	642
0.496296296296	0.0133333333333	9	0.00444444444444	3	0.0	0	0.0	0	675
0.545918367347	0.00255102040816	1	0.0	0	0.0	0	0.0	0	392
0.467202141901	0.0	0	0.00133868808568	1	0.0	0	0.0	0	747
0.495862068966	0.00206896551724	3	0.00965517241379	14	0.00137931034483	2	0.0	0	1450
0.462664714495	0.00146412884334	1	0.00292825768668	2	0.0	0	0.0	0	683
0.457177322075	0.0	0	0.00120627261761	1	0.0	0	0.0	0	829
0.541176470588	0.00235294117647	1	0.00235294117647	1	0.0	0	0.0	0	425
0.448830409357	0.0102339181287	7	0.00146198830409	1	0.0	0	0.0	0	684
0.428904428904	0.00582750582751	5	0.016317016317	14	0.0	0	0.0	0	858
0.461325966851	0.00828729281768	6	0.0124309392265	9	0.00138121546961	1	0.0	0	724
0.691275167785	0.0268456375839	4	0.0	0	0.0	0	0.0	0	149
0.460440985733	0.0	0	0.0	0	0.0	0	0.0	0	771
0.505703422053	0.00190114068441	1	0.00190114068441	1	0.00190114068441	1	0.0	0	526
0.562761506276	0.00836820083682	4	0.00209205020921	1	0.0	0	0.0	0	478
0.508771929825	0.00389863547758	2	0.0	0	0.00194931773879	1	0.00194931773879	1	513
0.452244897959	0.00571428571429	7	0.0	0	0.0	0	0.0	0	1225
0.417803302225	0.00143575017947	2	0.013639626705	19	0.000717875089734	1	0.000717875089734	1	1393
0.472479901051	0.00123685837972	2	0.00247371675943	4	0.0	0	0.000618429189858	1	1617
0.512995896033	0.0	0	0.0	0	0.0	0	0.0	0	731
0.514106583072	0.00470219435737	3	0.00313479623824	2	0.0	0	0.0	0	638
0.429055690073	0.00387409200969	8	0.000968523002421	2	0.000484261501211	1	0.0	0	2065
0.401505646173	0.00125470514429	2	0.00313676286073	5	0.00125470514429	2	0.0	0	1594
0.467181467181	0.0019305019305	2	0.003861003861	4	0.0	0	0.0	0	1036
0.502352941176	0.00235294117647	2	0.00117647058824	1	0.0	0	0.00117647058824	1	850
0.467302452316	0.0	0	0.00136239782016	1	0.0	0	0.00136239782016	1	734
0.537190082645	0.0110192837466	4	0.0	0	0.0	0	0.0	0	363
0.451773049645	0.00212765957447	3	0.000709219858156	1	0.0	0	0.0	0	1410
0.418230563003	0.000893655049151	1	0.0017873100983	2	0.0	0	0.0	0	1119
0.531100478469	0.00239234449761	1	0.0	0	0.0	0	0.0	0	418
0.501602564103	0.0	0	0.0	0	0.0	0	0.0	0	624
0.604700854701	0.0128205128205	6	0.0	0	0.0	0	0.0	0	468
0.590163934426	0.00910746812386	5	0.0	0	0.0	0	0.0	0	549
0.479233226837	0.0	0	0.00479233226837	3	0.00159744408946	1	0.0	0	626
0.465783664459	0.00110375275938	1	0.00220750551876	2	0.00110375275938	1	0.0	0	906
0.557416267943	0.0239234449761	10	0.0	0	0.0	0	0.0	0	418
0.48249452954	0.00328227571116	3	0.0	0	0.00109409190372	1	0.0	0	914
0.478063540091	0.0136157337368	9	0.00302571860817	2	0.0	0	0.0	0	661
0.404199475066	0.00393700787402	6	0.00262467191601	4	0.00131233595801	2	0.00524934383202	8	1524
0.459302325581	0.00484496124031	5	0.00484496124031	5	0.000968992248062	1	0.00290697674419	3	1032
0.494535519126	0.0	0	0.00136612021858	1	0.0	0	0.0	0	732
0.439311594203	0.00724637681159	8	0.0018115942029	2	0.0	0	0.0	0	1104
0.608407079646	0.00221238938053	1	0.0	0	0.0	0	0.0	0	452
0.472426470588	0.0	0	0.000919117647059	1	0.0	0	0.0	0	1088
0.515734265734	0.0	0	0.0	0	0.0	0	0.0	0	572
0.542914171657	0.0	0	0.0059880239521	3	0.0	0	0.0	0	501
0.528138528139	0.0	0	0.0021645021645	1	0.0	0	0.0	0	462
0.463942307692	0.00240384615385	2	0.00360576923077	3	0.00120192307692	1	0.00120192307692	1	832
0.67619047619	0.0	0	0.0	0	0.0	0	0.0	0	105
0.233560090703	0.0047871000252	38	0.00314940791131	25	0.00050390526581	4	0.000755857898715	6	7938
0.439361702128	0.0148936170213	14	0.00212765957447	2	0.0	0	0.0	0	940
0.564841498559	0.0	0	0.0028818443804	1	0.0	0	0.0	0	347
0.43300248139	0.00496277915633	4	0.00620347394541	5	0.0	0	0.0	0	806
0.211787564767	0.00302245250432	14	0.00259067357513	12	0.00194300518135	9	0.000215889464594	1	4632
0.571929824561	0.00526315789474	3	0.00175438596491	1	0.0	0	0.0	0	570
0.538181818182	0.00181818181818	1	0.00181818181818	1	0.0	0	0.0	0	550
0.238320079523	0.00347912524851	28	0.00124254473161	10	0.000621272365805	5	0.0	0	8048
0.593314763231	0.0	0	0.0	0	0.00278551532033	1	0.0	0	359
0.498516320475	0.00445103857567	3	0.00296735905045	2	0.00148367952522	1	0.0	0	674
0.50464037123	0.00348027842227	3	0.00696055684455	6	0.0	0	0.0	0	862
0.492283950617	0.00925925925926	6	0.0	0	0.00308641975309	2	0.00308641975309	2	648
0.45953002611	0.00130548302872	1	0.0	0	0.0	0	0.0	0	766
0.505928853755	0.00395256916996	2	0.0138339920949	7	0.0	0	0.0	0	506
0.518771331058	0.00511945392491	3	0.0	0	0.0	0	0.0	0	586
0.514285714286	0.0015037593985	1	0.0	0	0.0015037593985	1	0.0015037593985	1	665
0.579908675799	0.00228310502283	1	0.0114155251142	5	0.0	0	0.0	0	438
0.541760722348	0.0158013544018	7	0.0	0	0.0	0	0.00225733634312	1	443
0.5	0.00714285714286	5	0.00285714285714	2	0.00142857142857	1	0.0	0	700
0.187206441512	0.00234846790427	21	0.00301945873406	27	0.000223663609931	2	0.000111831804965	1	8942
0.549397590361	0.0	0	0.0	0	0.0	0	0.0	0	415
0.461859979101	0.00313479623824	3	0.00417972831766	4	0.00104493207941	1	0.0	0	957
0.544247787611	0.00442477876106	2	0.00221238938053	1	0.0	0	0.0	0	452
0.534090909091	0.00568181818182	3	0.00378787878788	2	0.0	0	0.0	0	528
0.476730987514	0.0	0	0.00227014755959	2	0.0	0	0.0	0	881
0.465517241379	0.0026525198939	2	0.0	0	0.0026525198939	2	0.0	0	754
0.555793991416	0.00214592274678	1	0.0	0	0.0	0	0.0	0	466
0.468253968254	0.00496031746032	5	0.000992063492063	1	0.0	0	0.0	0	1008
0.492080253432	0.00633579725449	6	0.00316789862724	3	0.00105596620908	1	0.0	0	947
0.550617283951	0.00987654320988	4	0.00246913580247	1	0.0	0	0.0	0	405
0.46049382716	0.00246913580247	2	0.0037037037037	3	0.00123456790123	1	0.00123456790123	1	810
0.484768211921	0.00529801324503	4	0.0	0	0.00132450331126	1	0.0	0	755
0.229961371318	0.00265572187349	22	0.00169000482859	14	0.0	0	0.0	0	8284
0.506067961165	0.00364077669903	3	0.0	0	0.0	0	0.0	0	824
0.440839694656	0.0	0	0.00286259541985	3	0.0	0	0.0	0	1048
0.519187358916	0.0	0	0.00225733634312	1	0.00225733634312	1	0.0	0	443
0.55985915493	0.012323943662	7	0.0105633802817	6	0.00176056338028	1	0.0	0	568
0.427656850192	0.0	0	0.00384122919334	3	0.0	0	0.0	0	781
0.577319587629	0.00257731958763	1	0.0	0	0.0	0	0.0	0	388
0.433835845896	0.00335008375209	2	0.00335008375209	2	0.0	0	0.0	0	597
0.477828054299	0.00361990950226	4	0.000904977375566	1	0.0	0	0.0027149321267	3	1105
0.521663778163	0.0051993067591	3	0.0051993067591	3	0.0	0	0.0	0	577
0.540869565217	0.00695652173913	4	0.00173913043478	1	0.00173913043478	1	0.0	0	575
0.438943894389	0.004400440044	4	0.002200220022	2	0.0	0	0.0	0	909
0.508287292818	0.00138121546961	1	0.00276243093923	2	0.0	0	0.0	0	724
0.498392282958	0.0128617363344	12	0.0010718113612	1	0.0	0	0.0	0	933
0.528985507246	0.0	0	0.0	0	0.0024154589372	1	0.0	0	414
0.518234165067	0.0	0	0.0	0	0.0	0	0.0	0	521
0.504710632571	0.0	0	0.00807537012113	6	0.0	0	0.00134589502019	1	743
0.556756756757	0.00540540540541	3	0.0	0	0.0	0	0.0	0	555
0.546195652174	0.00271739130435	1	0.00271739130435	1	0.0	0	0.0	0	368
0.465235173824	0.00306748466258	3	0.00204498977505	2	0.0	0	0.00204498977505	2	978
0.467933491686	0.00356294536817	3	0.00118764845606	1	0.00118764845606	1	0.0	0	842
0.477707006369	0.00127388535032	1	0.0	0	0.00127388535032	1	0.00127388535032	1	785
0.485811577753	0.0215664018161	19	0.0011350737798	1	0.0	0	0.0	0	881
0.52466367713	0.0	0	0.0	0	0.0	0	0.0	0	223
0.584444444444	0.0	0	0.0	0	0.0	0	0.0	0	450
0.585106382979	0.00531914893617	2	0.0	0	0.0	0	0.0	0	376
0.570909090909	0.0	0	0.0	0	0.0	0	0.0	0	275
0.556818181818	0.00568181818182	3	0.00189393939394	1	0.00568181818182	3	0.0	0	528
0.476	0.0	0	0.002	1	0.0	0	0.0	0	500
0.45717884131	0.00125944584383	1	0.00125944584383	1	0.0	0	0.0	0	794
0.56976744186	0.00387596899225	1	0.0	0	0.0	0	0.0	0	258
0.558659217877	0.0	0	0.0	0	0.0	0	0.0	0	358
0.237231008556	0.00155561317086	12	0.00362976406534	28	0.000518537723619	4	0.000388903292715	3	7714
0.442458899214	0.00214438884918	3	0.00142959256612	2	0.0	0	0.0	0	1399
0.385228095583	0.00724112961622	10	0.02679217958	37	0.0	0	0.000724112961622	1	1381
0.516620498615	0.0	0	0.00138504155125	1	0.0	0	0.0	0	722
0.479166666667	0.00277777777778	2	0.00277777777778	2	0.00138888888889	1	0.00138888888889	1	720
0.47619047619	0.000710732054016	1	0.00284292821606	4	0.0	0	0.000710732054016	1	1407
0.496478873239	0.00176056338028	1	0.0	0	0.0	0	0.00176056338028	1	568
0.535637149028	0.00215982721382	1	0.0	0	0.00431965442765	2	0.00431965442765	2	463
0.432864450128	0.00191815856777	3	0.00127877237852	2	0.00127877237852	2	0.00383631713555	6	1564
0.376134889754	0.00259403372244	4	0.00972762645914	15	0.0	0	0.00064850843061	1	1542
0.472144846797	0.008356545961	6	0.0111420612813	8	0.0	0	0.00139275766017	1	718
0.477933261572	0.0043057050592	4	0.0	0	0.0	0	0.0	0	929
0.509240246407	0.00205338809035	1	0.00205338809035	1	0.0	0	0.0	0	487
0.426136363636	0.00454545454545	4	0.0125	11	0.00227272727273	2	0.0	0	880
0.5313225058	0.0092807424594	4	0.0	0	0.0	0	0.0	0	431
0.53893442623	0.00204918032787	1	0.0	0	0.00409836065574	2	0.0	0	488
0.473039215686	0.00490196078431	4	0.00122549019608	1	0.0	0	0.0	0	816
0.474747474747	0.004329004329	3	0.010101010101	7	0.0	0	0.0	0	693
0.559748427673	0.00157232704403	1	0.00471698113208	3	0.00157232704403	1	0.0	0	636
0.466524973433	0.00106269925611	1	0.00318809776833	3	0.0	0	0.0	0	941
0.574257425743	0.0049504950495	3	0.0016501650165	1	0.0	0	0.0	0	606
0.504731861199	0.00473186119874	3	0.0	0	0.0	0	0.0	0	634
0.494037478705	0.00170357751278	1	0.00170357751278	1	0.00170357751278	1	0.0	0	587
0.413228552718	0.000654878847413	1	0.000654878847413	1	0.00261951538965	4	0.0	0	1527
0.528511821975	0.00695410292072	5	0.00139082058414	1	0.0	0	0.0	0	719
0.413095238095	0.00357142857143	6	0.00238095238095	4	0.00178571428571	3	0.0	0	1680
0.490566037736	0.0	0	0.00235849056604	2	0.00117924528302	1	0.0	0	848
0.44251626898	0.00216919739696	2	0.00216919739696	2	0.0	0	0.0	0	922
0.519424460432	0.0	0	0.0	0	0.0	0	0.00143884892086	1	695
0.472312703583	0.00108577633008	1	0.00217155266015	2	0.00108577633008	1	0.0	0	921
0.49125	0.00125	1	0.0025	2	0.0	0	0.0	0	800
0.476357267951	0.00262697022767	3	0.000875656742557	1	0.0	0	0.0	0	1142
0.475595913734	0.0	0	0.00794551645857	7	0.0011350737798	1	0.0	0	881
0.509510869565	0.00135869565217	1	0.0	0	0.0	0	0.0	0	736
0.508553654743	0.0	0	0.0	0	0.0	0	0.0	0	643
0.562770562771	0.001443001443	1	0.0	0	0.0	0	0.0	0	693
0.424116424116	0.0	0	0.001386001386	2	0.001386001386	2	0.000693000693001	1	1443
0.534722222222	0.00347222222222	2	0.00347222222222	2	0.0	0	0.0	0	576
0.468315301391	0.00309119010819	2	0.00309119010819	2	0.0	0	0.00309119010819	2	647
0.447118074986	0.00111919418019	2	0.00167879127029	3	0.000559597090095	1	0.0	0	1787
0.283275046287	0.00185147089076	9	0.0016457519029	8	0.000205718987863	1	0.00082287595145	4	4861
0.448873483536	0.00173310225303	1	0.0	0	0.0	0	0.0	0	577
0.397817460317	0.00396825396825	4	0.0	0	0.0	0	0.0	0	1008
0.386338797814	0.00382513661202	7	0.0136612021858	25	0.0016393442623	3	0.0	0	1830
0.553008595989	0.0	0	0.0	0	0.0	0	0.0	0	349
0.541538461538	0.00717948717949	7	0.0	0	0.0	0	0.00102564102564	1	975
0.500609013398	0.00121802679659	1	0.00121802679659	1	0.0	0	0.0	0	821
0.18953626635	0.000951248513674	8	0.00285374554102	24	0.000832342449465	7	0.0	0	8410
0.530405405405	0.0	0	0.0	0	0.0	0	0.0	0	888
0.496231155779	0.00125628140704	1	0.0100502512563	8	0.0	0	0.0	0	796
0.524152106886	0.0	0	0.00102774922919	1	0.0	0	0.00102774922919	1	973
0.479368932039	0.00242718446602	2	0.00121359223301	1	0.00606796116505	5	0.0	0	824
0.529190207156	0.000941619585687	1	0.00188323917137	2	0.0	0	0.0	0	1062
0.575280898876	0.00449438202247	2	0.0	0	0.0	0	0.0	0	445
0.46519524618	0.00509337860781	3	0.0118845500849	7	0.0	0	0.0	0	589
0.231476997579	0.000484261501211	3	0.00112994350282	7	0.000161420500404	1	0.000161420500404	1	6195
0.587404994571	0.00325732899023	3	0.0	0	0.0	0	0.0	0	921
0.435777673984	0.0014012143858	3	0.0014012143858	3	0.0	0	0.000467071461934	1	2141
0.45869776482	0.0	0	0.0019436345967	2	0.0	0	0.000971817298348	1	1029
0.585889570552	0.0	0	0.00306748466258	1	0.0	0	0.0	0	326
0.501408450704	0.00140845070423	1	0.00281690140845	2	0.0	0	0.0	0	710
0.577287066246	0.0220820189274	7	0.0	0	0.0	0	0.0	0	317
0.47619047619	0.00492610837438	3	0.00164203612479	1	0.00492610837438	3	0.0	0	609
0.555716353111	0.00434153400868	3	0.00289435600579	2	0.00144717800289	1	0.0	0	691
0.504173622705	0.0100166944908	6	0.00333889816361	2	0.0	0	0.00333889816361	2	599
0.551886792453	0.0	0	0.0	0	0.0	0	0.0	0	636
0.447082767978	0.00067842605156	1	0.00203527815468	3	0.0	0	0.0	0	1474
0.428571428571	0.00411099691675	4	0.00411099691675	4	0.0	0	0.00102774922919	1	973
0.18147573676	0.003988477731	36	0.00276977620208	25	0.00099711943275	9	0.000110791048083	1	9026
0.489823609227	0.00542740841248	4	0.00135685210312	1	0.0	0	0.0	0	737
0.481294236603	0.0	0	0.00202224469161	2	0.0	0	0.0	0	989
0.409523809524	0.0	0	0.00190476190476	3	0.0	0	0.0	0	1575
0.509394572025	0.0	0	0.00313152400835	3	0.0	0	0.0	0	958
0.49373881932	0.00178890876565	1	0.0	0	0.0	0	0.0	0	559
0.460396039604	0.0	0	0.00123762376238	1	0.00123762376238	1	0.0	0	808
0.489192263936	0.00455062571104	4	0.0	0	0.0	0	0.00113765642776	1	879
0.511160714286	0.00558035714286	5	0.00111607142857	1	0.0	0	0.0	0	896
0.468959731544	0.000838926174497	1	0.00922818791946	11	0.0	0	0.0	0	1192
0.58788774003	0.00295420974889	2	0.00147710487445	1	0.0	0	0.0	0	677
0.588235294118	0.00280112044818	1	0.0	0	0.0	0	0.0	0	357
0.474576271186	0.0	0	0.0169491525424	9	0.0	0	0.0	0	531
0.515267175573	0.00254452926209	2	0.00254452926209	2	0.0	0	0.0	0	786
0.489655172414	0.00344827586207	2	0.0	0	0.0	0	0.0	0	580
0.42905982906	0.00598290598291	7	0.0102564102564	12	0.0025641025641	3	0.0	0	1170
0.54609929078	0.00886524822695	5	0.0	0	0.00354609929078	2	0.0	0	564
0.431179775281	0.0	0	0.00140449438202	1	0.0	0	0.0	0	712
0.6015625	0.0	0	0.00260416666667	1	0.0	0	0.0	0	384
0.137950380252	0.00430120932552	69	0.00280513651664	45	0.00124672734073	20	0.000124672734073	2	16042
0.362912044993	0.00218715825652	14	0.0	0	0.0	0	0.000156225589752	1	6401
0.508490566038	0.000943396226415	1	0.000943396226415	1	0.0	0	0.0	0	1060
0.514602215509	0.012084592145	12	0.0	0	0.0	0	0.0	0	993
0.395410414828	0.000882612533098	1	0.0123565754634	14	0.000882612533098	1	0.0	0	1133
0.444352844188	0.000824402308326	1	0.000824402308326	1	0.0	0	0.0	0	1213
0.426689576174	0.0148911798396	26	0.00343642611684	6	0.00171821305842	3	0.0	0	1746
0.443946188341	0.0	0	0.00358744394619	4	0.000896860986547	1	0.0	0	1115
0.478260869565	0.00322061191626	2	0.00161030595813	1	0.0	0	0.00161030595813	1	621
0.569269521411	0.00251889168766	1	0.0	0	0.0	0	0.0	0	397
0.497435897436	0.0	0	0.0	0	0.0	0	0.0	0	390
0.464128843338	0.0	0	0.0	0	0.00292825768668	2	0.0	0	683
0.565121412804	0.00220750551876	1	0.0	0	0.0	0	0.0	0	453
0.496954933009	0.00609013398295	5	0.00243605359318	2	0.00121802679659	1	0.0	0	821
0.526610644258	0.00420168067227	3	0.00420168067227	3	0.0	0	0.0	0	714
0.409233176839	0.00469483568075	6	0.00156494522692	2	0.000782472613459	1	0.000782472613459	1	1278
0.478859390364	0.0	0	0.00294985250737	3	0.00196656833825	2	0.0	0	1017
0.469387755102	0.0	0	0.00120048019208	1	0.0	0	0.0	0	833
0.554245283019	0.00235849056604	1	0.0	0	0.0	0	0.0	0	424
0.576086956522	0.0	0	0.0	0	0.0	0	0.0	0	460
0.554272517321	0.00230946882217	1	0.00230946882217	1	0.0	0	0.0	0	433
0.53231292517	0.00340136054422	2	0.0	0	0.0	0	0.0	0	588
0.581967213115	0.00819672131148	3	0.0	0	0.0	0	0.0	0	366
0.504743833017	0.00189753320683	1	0.0	0	0.0	0	0.0	0	527
0.522900763359	0.0	0	0.00190839694656	1	0.0	0	0.0	0	524
0.60396039604	0.0	0	0.0	0	0.0	0	0.003300330033	1	303
0.461632155907	0.0158343483557	13	0.0	0	0.0	0	0.0	0	821
0.636363636364	0.0	0	0.0030303030303	1	0.0	0	0.0	0	330
0.505509641873	0.00137741046832	1	0.0	0	0.00137741046832	1	0.00137741046832	1	726
0.502546689304	0.0	0	0.00339558573854	2	0.0	0	0.0	0	589
0.547297297297	0.0	0	0.00225225225225	1	0.0	0	0.0	0	444
0.490028490028	0.0042735042735	3	0.0014245014245	1	0.0	0	0.0	0	702
0.556745182013	0.0	0	0.00214132762313	1	0.0	0	0.0	0	467
0.229825213834	0.00185942729639	15	0.00433866369158	35	0.000743770918557	6	0.000247923639519	2	8067
0.64375	0.003125	1	0.0	0	0.003125	1	0.0	0	320
0.511450381679	0.013358778626	7	0.00190839694656	1	0.0	0	0.0	0	524
0.537284894837	0.0	0	0.0019120458891	1	0.0	0	0.0	0	523
0.519882179676	0.00147275405007	1	0.0	0	0.0	0	0.0	0	679
0.199281867145	0.00359066427289	32	0.00190754039497	17	0.000448833034111	4	0.000112208258528	1	8912
0.506550218341	0.00218340611354	1	0.00218340611354	1	0.0	0	0.0	0	458
0.617511520737	0.0	0	0.00460829493088	1	0.0	0	0.0	0	217
0.488571428571	0.00142857142857	1	0.0	0	0.0	0	0.0	0	700
0.417840375587	0.0	0	0.00281690140845	3	0.0	0	0.0	0	1065
0.537070524412	0.0	0	0.00361663652803	2	0.0	0	0.0	0	553
0.454813359528	0.00884086444008	9	0.00785854616896	8	0.00098231827112	1	0.0	0	1018
0.544529262087	0.0127226463104	5	0.0	0	0.0	0	0.0	0	393
0.544885177453	0.0	0	0.0104384133612	5	0.0	0	0.0	0	479
0.645756457565	0.0	0	0.0	0	0.0	0	0.0	0	271
0.550505050505	0.0	0	0.0	0	0.0	0	0.0	0	396
0.539042821159	0.0	0	0.0	0	0.0	0	0.0	0	397
0.197164377492	0.00155073105893	14	0.00221533008418	20	0.000664599025255	6	0.000996898537882	9	9028
0.416403785489	0.00315457413249	4	0.00236593059937	3	0.000788643533123	1	0.0	0	1268
0.449720670391	0.00837988826816	9	0.000931098696462	1	0.0	0	0.0	0	1074
0.601466992665	0.00244498777506	1	0.00244498777506	1	0.0	0	0.0	0	409
0.199887133183	0.00180586907449	16	0.0020316027088	18	0.000564334085779	5	0.000338600451467	3	8860
0.437391304348	0.00173913043478	2	0.0	0	0.0	0	0.0	0	1150
0.541864139021	0.0	0	0.00157977883096	1	0.00157977883096	1	0.0	0	633
0.592885375494	0.0	0	0.0	0	0.0	0	0.0	0	253
0.488542621448	0.000916590284143	1	0.0	0	0.0	0	0.0	0	1091
0.511538461538	0.0230769230769	6	0.00384615384615	1	0.0	0	0.0	0	260
0.554585152838	0.0145560407569	10	0.00727802037846	5	0.0	0	0.00291120815138	2	687
0.475903614458	0.00602409638554	4	0.00301204819277	2	0.00301204819277	2	0.0	0	664
0.405529953917	0.00153609831029	2	0.00691244239631	9	0.0	0	0.0	0	1302
0.510956175299	0.00298804780876	3	0.00498007968127	5	0.0	0	0.0	0	1004
0.455295735901	0.0	0	0.0	0	0.0	0	0.0	0	727
0.510228640193	0.0204572803851	17	0.00120336943442	1	0.0	0	0.0	0	831
0.596685082873	0.00276243093923	1	0.00552486187845	2	0.00552486187845	2	0.0	0	362
0.448888888889	0.00222222222222	2	0.00444444444444	4	0.0	0	0.00111111111111	1	900
0.486842105263	0.0105263157895	12	0.00614035087719	7	0.00175438596491	2	0.00175438596491	2	1140
0.49263502455	0.0	0	0.00327332242226	2	0.0	0	0.0	0	611
0.584821428571	0.00892857142857	4	0.00223214285714	1	0.00223214285714	1	0.00446428571429	2	448
0.539784946237	0.00430107526882	2	0.00430107526882	2	0.00215053763441	1	0.0	0	465
0.495951417004	0.00202429149798	1	0.0101214574899	5	0.00404858299595	2	0.0	0	494
0.490721649485	0.0123711340206	6	0.00412371134021	2	0.0	0	0.0	0	485
0.477958236659	0.0092807424594	8	0.0092807424594	8	0.00232018561485	2	0.00116009280742	1	862
0.504456327986	0.0017825311943	1	0.0	0	0.0	0	0.0	0	561
0.520938023451	0.0	0	0.0150753768844	9	0.0	0	0.0	0	597
0.515011547344	0.00230946882217	1	0.0	0	0.00230946882217	1	0.0	0	433
0.486486486486	0.0	0	0.0	0	0.0	0	0.0	0	481
0.554079696395	0.011385199241	6	0.0	0	0.0	0	0.0	0	527
0.525328330206	0.00187617260788	1	0.00750469043152	4	0.0	0	0.0	0	533
0.565868263473	0.0239520958084	8	0.0	0	0.0	0	0.00299401197605	1	334
0.552380952381	0.0047619047619	2	0.00238095238095	1	0.0	0	0.0	0	420
0.495007132668	0.00427960057061	3	0.00142653352354	1	0.0	0	0.0	0	701
0.500986193294	0.0	0	0.00197238658777	1	0.0	0	0.0	0	507
0.527918781726	0.00253807106599	1	0.00253807106599	1	0.0	0	0.0	0	394
0.467718794835	0.00717360114778	5	0.00573888091822	4	0.00286944045911	2	0.0	0	697
0.50762195122	0.00609756097561	4	0.0	0	0.0015243902439	1	0.0015243902439	1	656
0.431662870159	0.00113895216401	1	0.00227790432802	2	0.0	0	0.00113895216401	1	878
0.608414239482	0.0	0	0.0	0	0.0	0	0.0	0	309
0.461873638344	0.00435729847495	4	0.00217864923747	2	0.0	0	0.0	0	918
0.56043956044	0.00549450549451	2	0.0	0	0.0	0	0.00549450549451	2	364
0.534640522876	0.0	0	0.0	0	0.0	0	0.0	0	765
0.552208835341	0.0	0	0.00200803212851	1	0.0	0	0.0	0	498
0.455757575758	0.00484848484848	4	0.00484848484848	4	0.00121212121212	1	0.00121212121212	1	825
0.510934393638	0.00397614314115	2	0.00397614314115	2	0.00397614314115	2	0.0	0	503
0.499278499278	0.00721500721501	5	0.004329004329	3	0.001443001443	1	0.0	0	693
0.453703703704	0.0216049382716	14	0.0	0	0.00308641975309	2	0.0	0	648
0.446451612903	0.00258064516129	2	0.00129032258065	1	0.0	0	0.0	0	775
0.525078369906	0.00156739811912	1	0.00156739811912	1	0.0	0	0.0	0	638
0.595982142857	0.0	0	0.0	0	0.0	0	0.00223214285714	1	448
0.522875816993	0.0016339869281	1	0.0	0	0.0	0	0.0	0	612
0.464689265537	0.00282485875706	2	0.00141242937853	1	0.00423728813559	3	0.00141242937853	1	708
0.565916398714	0.0128617363344	4	0.0032154340836	1	0.0	0	0.0	0	311
0.490753911807	0.00711237553343	5	0.00568990042674	4	0.0	0	0.0	0	703
0.523560209424	0.0	0	0.0	0	0.0	0	0.0	0	573
0.491978609626	0.0	0	0.00356506238859	2	0.0	0	0.0	0	561
0.492617449664	0.00536912751678	4	0.0	0	0.00134228187919	1	0.0	0	745
0.528440366972	0.00733944954128	4	0.0	0	0.0	0	0.0	0	545
0.569974554707	0.0101781170483	4	0.0	0	0.0	0	0.0	0	393
0.482336956522	0.00271739130435	2	0.00679347826087	5	0.0	0	0.0	0	736
0.522648083624	0.0174216027875	10	0.0	0	0.0	0	0.0	0	574
0.559228650138	0.00826446280992	3	0.00826446280992	3	0.0	0	0.0	0	363
0.44358974359	0.0034188034188	4	0.0034188034188	4	0.0017094017094	2	0.0025641025641	3	1170
0.612794612795	0.0	0	0.0	0	0.0	0	0.003367003367	1	297
0.43853820598	0.00442967884828	4	0.00442967884828	4	0.00221483942414	2	0.0	0	903
0.465486725664	0.00353982300885	4	0.00176991150442	2	0.0	0	0.00353982300885	4	1130
0.49335106383	0.0	0	0.0	0	0.0	0	0.00132978723404	1	752
0.529313232831	0.00335008375209	2	0.0117252931323	7	0.00167504187605	1	0.0	0	597
0.472111553785	0.0	0	0.0	0	0.0	0	0.0	0	502
0.501366120219	0.016393442623	12	0.00136612021858	1	0.00409836065574	3	0.0	0	732
0.544668587896	0.0	0	0.0	0	0.0028818443804	1	0.0	0	347
0.54432132964	0.00831024930748	6	0.00277008310249	2	0.00138504155125	1	0.0	0	722
0.453271028037	0.0	0	0.00155763239875	1	0.0	0	0.0	0	642
0.513245033113	0.0	0	0.0	0	0.0	0	0.0	0	604
0.496699669967	0.0016501650165	2	0.0016501650165	2	0.0	0	0.0016501650165	2	1212
0.52207293666	0.0	0	0.00383877159309	2	0.0	0	0.0	0	521
0.445747800587	0.00439882697947	3	0.0	0	0.0	0	0.0	0	682
0.55033557047	0.0	0	0.00447427293065	2	0.0	0	0.0	0	447
0.477633477633	0.00721500721501	5	0.001443001443	1	0.0	0	0.0	0	693
0.569579288026	0.0	0	0.00161812297735	1	0.00161812297735	1	0.0	0	618
0.677685950413	0.00413223140496	1	0.0	0	0.0	0	0.0	0	242
0.533849129594	0.0	0	0.00193423597679	1	0.0	0	0.00193423597679	1	517
0.461279461279	0.0	0	0.003367003367	2	0.0	0	0.0	0	594
0.415285451197	0.00552486187845	6	0.00460405156538	5	0.000920810313076	1	0.0	0	1086
0.532307692308	0.0153846153846	5	0.0	0	0.0	0	0.0	0	325
0.586842105263	0.00263157894737	1	0.0	0	0.0	0	0.0	0	380
0.493647912886	0.005444646098	3	0.0	0	0.0	0	0.0	0	551
0.424731182796	0.010752688172	12	0.00537634408602	6	0.0	0	0.00179211469534	2	1116
0.480662983425	0.0073664825046	8	0.0036832412523	4	0.000920810313076	1	0.0	0	1086
0.478851963746	0.0	0	0.00302114803625	2	0.0	0	0.0	0	662
0.494267515924	0.00636942675159	5	0.00891719745223	7	0.0	0	0.0	0	785
0.475750577367	0.00115473441109	1	0.00115473441109	1	0.0	0	0.0	0	866
0.518518518519	0.0102880658436	5	0.00617283950617	3	0.00205761316872	1	0.0	0	486
0.525590551181	0.00393700787402	2	0.00196850393701	1	0.0	0	0.0	0	508
0.502487562189	0.0016583747927	1	0.00663349917081	4	0.0	0	0.0	0	603
0.58174904943	0.0	0	0.0	0	0.0	0	0.0	0	263
0.528827037773	0.0	0	0.0	0	0.0	0	0.0	0	503
0.481540930979	0.00481540930979	3	0.0016051364366	1	0.0016051364366	1	0.0	0	623
0.479835390947	0.0115226337449	14	0.00082304526749	1	0.00164609053498	2	0.0	0	1215
0.495462794918	0.0	0	0.0	0	0.00362976406534	2	0.0	0	551
0.475290697674	0.00145348837209	1	0.0101744186047	7	0.0	0	0.0	0	688
0.485157699443	0.00463821892393	5	0.0	0	0.0	0	0.0	0	1078
0.441818181818	0.0109090909091	12	0.00272727272727	3	0.0	0	0.0	0	1100
0.537848605578	0.00597609561753	3	0.00199203187251	1	0.0	0	0.0	0	502
0.189432265318	0.00247329960652	22	0.00168634064081	15	0.00123664980326	11	0.000112422709387	1	8895
0.484988452656	0.0103926096998	9	0.00115473441109	1	0.0	0	0.0	0	866
0.483362521891	0.00175131348511	2	0.0061295971979	7	0.000875656742557	1	0.0	0	1142
0.505063291139	0.00126582278481	1	0.00379746835443	3	0.00253164556962	2	0.0	0	790
0.485807860262	0.00109170305677	1	0.00218340611354	2	0.0	0	0.0	0	916
0.470037453184	0.00187265917603	2	0.00561797752809	6	0.0	0	0.0	0	1068
0.52854812398	0.00163132137031	1	0.00326264274062	2	0.0	0	0.0	0	613
0.488406881077	0.00224382946896	3	0.0037397157816	5	0.0	0	0.0	0	1337
0.521440823328	0.00171526586621	1	0.0	0	0.0	0	0.0	0	583
0.50125	0.00625	5	0.005	4	0.00125	1	0.0	0	800
0.444915254237	0.00141242937853	2	0.00141242937853	2	0.000706214689266	1	0.0	0	1416
0.480204342273	0.00510855683269	4	0.0127713920817	10	0.0	0	0.0	0	783
0.37965390666	0.000524383848977	1	0.000524383848977	1	0.000524383848977	1	0.000524383848977	1	1907
0.490838958534	0.00192864030858	2	0.00482160077146	5	0.00289296046287	3	0.0	0	1037
0.453170447935	0.00814426992437	14	0.00349040139616	6	0.000581733566027	1	0.0	0	1719
0.503232758621	0.00431034482759	4	0.00538793103448	5	0.0	0	0.0010775862069	1	928
0.512	0.0	0	0.0	0	0.0	0	0.0	0	875
0.578406169666	0.00514138817481	2	0.0	0	0.0	0	0.0	0	389
0.482456140351	0.0	0	0.00350877192982	2	0.0	0	0.0	0	570
0.490276356192	0.0102354145343	10	0.00818833162743	8	0.0	0	0.0	0	977
0.549933422104	0.0	0	0.00133155792277	1	0.0	0	0.0	0	751
0.484126984127	0.00340136054422	3	0.00340136054422	3	0.0	0	0.0	0	882
0.447344734473	0.00810081008101	9	0.000900090009001	1	0.000900090009001	1	0.0	0	1111
0.463169642857	0.0	0	0.00111607142857	1	0.0	0	0.0	0	896
0.540130151844	0.00216919739696	1	0.0	0	0.0	0	0.0	0	461
0.553619302949	0.0	0	0.00268096514745	2	0.0	0	0.0	0	746
0.502155172414	0.0	0	0.00323275862069	3	0.0010775862069	1	0.0	0	928
0.433843384338	0.00540054005401	12	0.002700270027	6	0.0013501350135	3	0.0	0	2222
0.548109965636	0.0	0	0.0	0	0.00171821305842	1	0.0	0	582
0.431921824104	0.000651465798046	1	0.00390879478827	6	0.000651465798046	1	0.0	0	1535
0.490128755365	0.00515021459227	6	0.00171673819742	2	0.0	0	0.0	0	1165
0.54958677686	0.0	0	0.00137741046832	1	0.0	0	0.00137741046832	1	726
0.561549100968	0.00276625172891	2	0.0	0	0.0	0	0.0	0	723
0.419089147287	0.00193798449612	4	0.0	0	0.0	0	0.0	0	2064
