0.476135040745	0.0023282887078	2	0.0	0	0.0011641443539	1	0.0	0	859
0.528942115768	0.0	0	0.00399201596806	2	0.0	0	0.0	0	501
0.514840182648	0.00228310502283	2	0.00228310502283	2	0.00342465753425	3	0.0	0	876
0.636363636364	0.00974025974026	3	0.0	0	0.0	0	0.0	0	308
0.496957403651	0.00202839756592	1	0.0	0	0.0	0	0.0	0	493
0.531802120141	0.0141342756184	8	0.00353356890459	2	0.0	0	0.0	0	566
0.465063001145	0.00343642611684	3	0.00687285223368	6	0.00114547537228	1	0.0	0	873
0.509687034277	0.0	0	0.0	0	0.0	0	0.0	0	671
0.479400749064	0.00124843945069	1	0.00124843945069	1	0.00374531835206	3	0.0	0	801
0.459866220736	0.00167224080268	1	0.0066889632107	4	0.0	0	0.0	0	598
0.49576783555	0.00846432889964	7	0.00120918984281	1	0.00120918984281	1	0.0	0	827
0.471720818291	0.00361010830325	3	0.0	0	0.00120336943442	1	0.0	0	831
0.659021406728	0.0045871559633	3	0.00152905198777	1	0.00152905198777	1	0.0	0	654
0.558724832215	0.0	0	0.00167785234899	1	0.0	0	0.00167785234899	1	596
0.594017094017	0.00641025641026	3	0.0	0	0.0	0	0.0	0	468
0.65991902834	0.0	0	0.0	0	0.0	0	0.0	0	247
0.535714285714	0.00535714285714	3	0.00178571428571	1	0.00178571428571	1	0.0	0	560
0.531531531532	0.0027027027027	3	0.000900900900901	1	0.0027027027027	3	0.0	0	1110
0.50956937799	0.00956937799043	4	0.00717703349282	3	0.0	0	0.0	0	418
0.42471042471	0.003861003861	3	0.0	0	0.0	0	0.0	0	777
0.55637254902	0.0	0	0.0	0	0.0	0	0.0	0	408
0.527646129542	0.00631911532385	4	0.0157977883096	10	0.0	0	0.00157977883096	1	633
0.41468459152	0.00103412616339	1	0.00723888314374	7	0.00310237849018	3	0.00103412616339	1	967
0.582043343653	0.0030959752322	1	0.0	0	0.0	0	0.0	0	323
0.616326530612	0.00204081632653	1	0.00408163265306	2	0.00408163265306	2	0.00204081632653	1	490
0.419444444444	0.00277777777778	2	0.00416666666667	3	0.0	0	0.00138888888889	1	720
0.485748218527	0.00593824228029	5	0.00118764845606	1	0.00356294536817	3	0.0	0	842
0.534912718204	0.00374064837905	3	0.00124688279302	1	0.0	0	0.0	0	802
0.457504520796	0.00723327305606	4	0.0	0	0.0108499095841	6	0.0	0	553
0.559618441971	0.00317965023847	2	0.00158982511924	1	0.0	0	0.0	0	629
0.502304147465	0.00921658986175	4	0.0	0	0.0	0	0.00460829493088	2	434
0.621553884712	0.00250626566416	1	0.00250626566416	1	0.0	0	0.0	0	399
0.51652892562	0.0	0	0.00413223140496	2	0.00206611570248	1	0.0	0	484
0.65	0.0	0	0.00909090909091	2	0.00454545454545	1	0.0	0	220
0.506607929515	0.00220264317181	2	0.0011013215859	1	0.0	0	0.0011013215859	1	908
0.566666666667	0.0	0	0.0	0	0.0	0	0.0	0	330
0.514409221902	0.0014409221902	1	0.00576368876081	4	0.0	0	0.0	0	694
0.425903853794	0.00357568533969	9	0.000397298371077	1	0.0	0	0.00119189511323	3	2517
0.445930880713	0.00557413600892	5	0.00445930880713	4	0.0	0	0.0	0	897
0.471712538226	0.00152905198777	2	0.00611620795107	8	0.0	0	0.0	0	1308
0.602702702703	0.00540540540541	2	0.0	0	0.0027027027027	1	0.0	0	370
0.562189054726	0.0	0	0.00497512437811	2	0.0	0	0.0	0	402
0.60433604336	0.0	0	0.0	0	0.00271002710027	1	0.0	0	369
0.538043478261	0.0018115942029	1	0.0018115942029	1	0.0	0	0.0	0	552
0.789473684211	0.0	0	0.0	0	0.0	0	0.0	0	114
0.500723589001	0.0	0	0.0	0	0.00434153400868	3	0.00144717800289	1	691
0.543209876543	0.00154320987654	1	0.0	0	0.0	0	0.0	0	648
0.587360594796	0.0	0	0.0	0	0.0	0	0.0	0	269
0.588621444201	0.00437636761488	2	0.0	0	0.0	0	0.0	0	457
0.661721068249	0.0	0	0.0	0	0.0	0	0.0	0	337
0.512396694215	0.00495867768595	3	0.0	0	0.0	0	0.0	0	605
0.5265625	0.0078125	5	0.003125	2	0.0	0	0.0	0	640
0.544885177453	0.0	0	0.0	0	0.00208768267223	1	0.0	0	479
0.506116207951	0.00305810397554	2	0.0045871559633	3	0.00152905198777	1	0.0	0	654
0.504337050805	0.00123915737299	1	0.0	0	0.00123915737299	1	0.00123915737299	1	807
0.540178571429	0.00223214285714	2	0.0	0	0.00111607142857	1	0.0	0	896
0.473140495868	0.00413223140496	4	0.00206611570248	2	0.0	0	0.00103305785124	1	968
0.53320683112	0.0189753320683	10	0.00759013282732	4	0.00189753320683	1	0.00189753320683	1	527
0.486547085202	0.00112107623318	1	0.0	0	0.0	0	0.0	0	892
0.57753164557	0.00474683544304	3	0.0	0	0.00158227848101	1	0.0	0	632
0.492774566474	0.0028901734104	2	0.0	0	0.0	0	0.0	0	692
0.458808618504	0.00506970849176	4	0.00126742712294	1	0.0	0	0.0	0	789
0.424773022049	0.00713359273671	11	0.00194552529183	3	0.00194552529183	3	0.00324254215305	5	1542
0.484126984127	0.00340136054422	3	0.0	0	0.00226757369615	2	0.0	0	882
0.601750547046	0.0	0	0.0	0	0.0	0	0.0	0	457
0.415913200723	0.00452079566004	5	0.00632911392405	7	0.000904159132007	1	0.000904159132007	1	1106
0.550890585242	0.00254452926209	2	0.0	0	0.00127226463104	1	0.0	0	786
0.530278232406	0.00490998363339	3	0.0	0	0.0	0	0.00163666121113	1	611
0.573926868045	0.00158982511924	1	0.0	0	0.0	0	0.0	0	629
0.47718865598	0.00246609124538	2	0.0	0	0.0	0	0.0	0	811
0.719696969697	0.0	0	0.0	0	0.0	0	0.0	0	132
0.704142011834	0.0	0	0.0	0	0.0	0	0.0	0	169
0.549228944247	0.0	0	0.00237247924081	2	0.0	0	0.0	0	843
0.522255192878	0.0118694362018	12	0.00296735905045	3	0.000989119683482	1	0.0	0	1011
0.482509047045	0.0241254523522	20	0.0	0	0.0	0	0.0	0	829
0.738532110092	0.0	0	0.0	0	0.0	0	0.0	0	218
0.542168674699	0.00240963855422	1	0.0	0	0.0	0	0.0	0	415
0.451533742331	0.00245398773006	4	0.00306748466258	5	0.00245398773006	4	0.000613496932515	1	1630
0.548076923077	0.00412087912088	3	0.0	0	0.0	0	0.00137362637363	1	728
0.654362416107	0.0	0	0.00335570469799	1	0.0	0	0.0	0	298
0.582446808511	0.0	0	0.00265957446809	1	0.0	0	0.0	0	376
0.598591549296	0.0	0	0.0	0	0.0	0	0.0	0	426
0.565040650407	0.0162601626016	4	0.00406504065041	1	0.0	0	0.0	0	246
0.584745762712	0.00282485875706	1	0.0	0	0.00564971751412	2	0.0	0	354
0.657303370787	0.00187265917603	1	0.0	0	0.0	0	0.0	0	534
0.706451612903	0.0	0	0.0	0	0.0	0	0.0	0	310
0.485082872928	0.0132596685083	12	0.0	0	0.00110497237569	1	0.0	0	905
0.426035502959	0.00591715976331	5	0.010650887574	9	0.0	0	0.0	0	845
0.633466135458	0.00796812749004	2	0.0	0	0.0	0	0.0	0	251
0.523041474654	0.00230414746544	1	0.0	0	0.0	0	0.0	0	434
0.665816326531	0.00255102040816	1	0.00510204081633	2	0.0	0	0.0	0	392
0.447585394582	0.00824499411072	7	0.00471142520612	4	0.00117785630153	1	0.0	0	849
0.466453674121	0.00638977635783	4	0.0	0	0.0	0	0.0	0	626
0.358503636993	0.00173190162799	5	0.00207828195359	6	0.00138552130239	4	0.000692760651195	2	2887
0.554174067496	0.0	0	0.00177619893428	1	0.0	0	0.0	0	563
0.608562691131	0.0	0	0.00305810397554	1	0.00305810397554	1	0.0	0	327
0.47157622739	0.0142118863049	11	0.00258397932817	2	0.00129198966408	1	0.0	0	774
0.508050089445	0.0	0	0.0178890876565	10	0.00178890876565	1	0.0	0	559
0.487209302326	0.0046511627907	4	0.0	0	0.00116279069767	1	0.0	0	860
0.635782747604	0.00319488817891	1	0.00319488817891	1	0.0	0	0.0	0	313
0.555269922879	0.0179948586118	7	0.0025706940874	1	0.0	0	0.0	0	389
0.55	0.00192307692308	1	0.00192307692308	1	0.0	0	0.0	0	520
0.45125958379	0.00547645125958	5	0.0	0	0.00219058050383	2	0.00109529025192	1	913
0.479387514723	0.00117785630153	1	0.00117785630153	1	0.00117785630153	1	0.0	0	849
0.541666666667	0.00287356321839	2	0.0	0	0.0	0	0.0	0	696
0.487562189055	0.00124378109453	1	0.00248756218905	2	0.00124378109453	1	0.00124378109453	1	804
0.57361376673	0.0	0	0.0019120458891	1	0.0	0	0.0	0	523
0.510699001427	0.00713266761769	5	0.00855920114123	6	0.00142653352354	1	0.0	0	701
0.571684587814	0.00716845878136	4	0.00179211469534	1	0.0	0	0.0	0	558
0.426111908178	0.0143472022956	10	0.0	0	0.00286944045911	2	0.0	0	697
0.532956685499	0.00188323917137	1	0.00188323917137	1	0.00376647834275	2	0.0	0	531
0.450558899398	0.0223559759243	26	0.0	0	0.00343938091144	4	0.00171969045572	2	1163
0.498475609756	0.00457317073171	3	0.0015243902439	1	0.0	0	0.0	0	656
0.585365853659	0.0	0	0.00271002710027	1	0.0	0	0.0	0	369
0.581712062257	0.0	0	0.0	0	0.0	0	0.0	0	514
0.511875511876	0.00573300573301	7	0.001638001638	2	0.000819000819001	1	0.0	0	1221
0.472927241963	0.00338409475465	4	0.00169204737733	2	0.00169204737733	2	0.0	0	1182
0.476388888889	0.00555555555556	4	0.00277777777778	2	0.0	0	0.0	0	720
0.478947368421	0.000877192982456	1	0.0	0	0.0	0	0.0	0	1140
0.634105960265	0.0298013245033	18	0.0	0	0.0	0	0.0	0	604
0.509778357236	0.0117340286832	9	0.0013037809648	1	0.0	0	0.0	0	767
0.549504950495	0.0049504950495	3	0.0	0	0.0	0	0.0	0	606
0.543739279588	0.00686106346484	4	0.0	0	0.00171526586621	1	0.0	0	583
0.425892316999	0.00483968542045	8	0.00181488203267	3	0.0	0	0.000604960677556	1	1653
0.562666666667	0.008	3	0.0106666666667	4	0.0	0	0.0	0	375
0.555555555556	0.0194444444444	7	0.00277777777778	1	0.0	0	0.0	0	360
0.564599483204	0.00387596899225	3	0.0077519379845	6	0.0	0	0.0	0	774
0.444444444444	0.0063752276867	7	0.0	0	0.0	0	0.0	0	1098
0.511111111111	0.00512820512821	3	0.0	0	0.0017094017094	1	0.0	0	585
0.546502690238	0.0	0	0.000768639508071	1	0.000768639508071	1	0.00153727901614	2	1301
0.525139664804	0.00558659217877	3	0.00372439478585	2	0.00186219739292	1	0.0	0	537
0.561694290976	0.0	0	0.0	0	0.0	0	0.0	0	543
0.673366834171	0.0150753768844	3	0.0	0	0.0	0	0.0	0	199
0.615702479339	0.00206611570248	1	0.0	0	0.0	0	0.00206611570248	1	484
0.365028717294	0.00574345883854	9	0.000638162093172	1	0.000638162093172	1	0.0	0	1567
0.436519258203	0.00142653352354	1	0.00142653352354	1	0.00142653352354	1	0.00142653352354	1	701
0.604774535809	0.0	0	0.0026525198939	1	0.0	0	0.0	0	377
0.6	0.0	0	0.0043956043956	2	0.0021978021978	1	0.0	0	455
0.448154657293	0.00702987697715	4	0.01230228471	7	0.00878734622144	5	0.0	0	569
0.527349228612	0.00280504908836	2	0.0070126227209	5	0.0	0	0.00140252454418	1	713
0.526717557252	0.0	0	0.013358778626	7	0.00381679389313	2	0.0	0	524
0.512345679012	0.0	0	0.00205761316872	1	0.0	0	0.0	0	486
0.601659751037	0.00414937759336	1	0.0	0	0.0	0	0.0	0	241
0.535460992908	0.00531914893617	3	0.00177304964539	1	0.00177304964539	1	0.0	0	564
0.716312056738	0.0	0	0.0	0	0.0	0	0.0	0	282
0.584016393443	0.00204918032787	1	0.0	0	0.0	0	0.0	0	488
0.556776556777	0.021978021978	12	0.0	0	0.0	0	0.0	0	546
0.565972222222	0.00520833333333	3	0.00347222222222	2	0.0	0	0.0	0	576
0.556358381503	0.00867052023121	6	0.0014450867052	1	0.0	0	0.0	0	692
0.587596899225	0.0015503875969	1	0.0015503875969	1	0.0	0	0.0	0	645
0.482142857143	0.0	0	0.0	0	0.00198412698413	1	0.0	0	504
0.454106280193	0.00161030595813	1	0.0	0	0.0	0	0.0	0	621
0.469827586207	0.00431034482759	2	0.0	0	0.0	0	0.0	0	464
0.532769556025	0.00422832980973	2	0.0	0	0.00211416490486	1	0.0	0	473
0.466302367942	0.0109289617486	6	0.0	0	0.0	0	0.0	0	549
0.526497695853	0.00460829493088	4	0.00230414746544	2	0.00345622119816	3	0.00115207373272	1	868
0.574780058651	0.0	0	0.00879765395894	3	0.0	0	0.0	0	341
0.420979020979	0.0013986013986	1	0.0013986013986	1	0.00699300699301	5	0.0041958041958	3	715
0.519750519751	0.0	0	0.002079002079	1	0.0	0	0.0	0	481
0.567010309278	0.00343642611684	1	0.0	0	0.0	0	0.0	0	291
0.570588235294	0.0	0	0.0	0	0.0	0	0.0	0	340
0.486088379705	0.0	0	0.00327332242226	2	0.00163666121113	1	0.0	0	611
0.596638655462	0.0	0	0.00210084033613	1	0.0	0	0.0	0	476
0.445214979196	0.000693481276006	1	0.00138696255201	2	0.0	0	0.0	0	1442
0.521428571429	0.0047619047619	2	0.0	0	0.0	0	0.00238095238095	1	420
0.5	0.00257731958763	2	0.0	0	0.0	0	0.00128865979381	1	776
0.506734006734	0.0016835016835	1	0.0	0	0.0	0	0.0	0	594
0.56462585034	0.0	0	0.0	0	0.0	0	0.0	0	147
0.503006012024	0.00400801603206	2	0.00200400801603	1	0.00400801603206	2	0.0	0	499
0.492487479132	0.0016694490818	1	0.0	0	0.00500834724541	3	0.0016694490818	1	599
0.624031007752	0.0	0	0.0	0	0.0	0	0.0	0	258
0.443338437979	0.00918836140888	12	0.00382848392037	5	0.0	0	0.0	0	1306
0.590579710145	0.0	0	0.0	0	0.0	0	0.0	0	276
0.635802469136	0.00617283950617	2	0.00308641975309	1	0.0	0	0.0	0	324
0.578192252511	0.00286944045911	2	0.0	0	0.0	0	0.0	0	697
0.575456053068	0.0016583747927	1	0.00331674958541	2	0.0	0	0.0	0	603
0.567073170732	0.00853658536585	7	0.00243902439024	2	0.00121951219512	1	0.0	0	820
0.452662721893	0.00443786982249	3	0.0	0	0.0	0	0.0	0	676
0.55369928401	0.00238663484487	1	0.00477326968974	2	0.0	0	0.0	0	419
0.567656765677	0.036303630363	11	0.0	0	0.0	0	0.0	0	303
0.460459183673	0.00127551020408	1	0.00382653061224	3	0.0	0	0.0	0	784
0.532769556025	0.00422832980973	2	0.0	0	0.00211416490486	1	0.0	0	473
0.546961325967	0.00552486187845	2	0.0	0	0.0	0	0.0	0	362
0.469182389937	0.00251572327044	2	0.0	0	0.00125786163522	1	0.0	0	795
0.466576637407	0.00067521944632	1	0.00067521944632	1	0.00270087778528	4	0.00067521944632	1	1481
0.547563805104	0.0046403712297	2	0.0046403712297	2	0.0	0	0.00232018561485	1	431
0.59748427673	0.0125786163522	4	0.0	0	0.0	0	0.0	0	318
0.561330561331	0.002079002079	1	0.0	0	0.0	0	0.0	0	481
0.488656195462	0.0087260034904	5	0.0	0	0.00174520069808	1	0.0	0	573
0.342446043165	0.0	0	0.0	0	0.0	0	0.0	0	695
0.572580645161	0.00268817204301	1	0.0	0	0.0	0	0.0	0	372
0.437444543035	0.00177462289264	2	0.000887311446318	1	0.00443655723159	5	0.0	0	1127
0.683673469388	0.0	0	0.0	0	0.00510204081633	1	0.0	0	196
0.527868852459	0.00327868852459	2	0.0016393442623	1	0.0	0	0.0	0	610
0.58347107438	0.00165289256198	1	0.0	0	0.00165289256198	1	0.0	0	605
0.472350230415	0.00691244239631	6	0.00115207373272	1	0.0	0	0.0	0	868
0.537162162162	0.0135135135135	4	0.0	0	0.0	0	0.0	0	296
0.463472113119	0.00235663786332	3	0.0	0	0.00157109190888	2	0.0	0	1273
0.542574257426	0.0118811881188	6	0.0	0	0.0	0	0.0	0	505
0.561452513966	0.0	0	0.0	0	0.0	0	0.0	0	358
0.636029411765	0.00735294117647	2	0.0	0	0.0	0	0.0	0	272
0.660130718954	0.0	0	0.0	0	0.0	0	0.0	0	153
0.427860696517	0.00746268656716	9	0.00414593698176	5	0.0	0	0.0	0	1206
0.496662216288	0.00133511348465	1	0.00133511348465	1	0.00133511348465	1	0.0	0	749
0.373464373464	0.004095004095	5	0.001638001638	2	0.001638001638	2	0.000819000819001	1	1221
0.526717557252	0.00572519083969	3	0.0	0	0.0	0	0.0	0	524
0.526717557252	0.0030534351145	2	0.00152671755725	1	0.00763358778626	5	0.0	0	655
0.544256120527	0.0	0	0.0	0	0.0	0	0.0	0	531
0.50296735905	0.00890207715134	6	0.0	0	0.0	0	0.00296735905045	2	674
0.451787648971	0.00108342361863	1	0.0032502708559	3	0.0	0	0.0	0	923
0.50079491256	0.0	0	0.00635930047695	4	0.00317965023847	2	0.0	0	629
0.547073791349	0.00127226463104	1	0.00254452926209	2	0.00127226463104	1	0.00127226463104	1	786
0.492884864166	0.00905562742561	7	0.0	0	0.0012936610608	1	0.0	0	773
0.426640926641	0.00675675675676	7	0.00482625482625	5	0.000965250965251	1	0.000965250965251	1	1036
0.55652173913	0.00347826086957	2	0.0	0	0.00173913043478	1	0.0	0	575
0.5088	0.0	0	0.0016	1	0.0016	1	0.0	0	625
0.362144420131	0.00328227571116	3	0.0054704595186	5	0.0054704595186	5	0.0	0	914
0.562862669246	0.00193423597679	1	0.0	0	0.0	0	0.00193423597679	1	517
0.402560455192	0.00213371266003	3	0.00142247510669	2	0.00142247510669	2	0.000711237553343	1	1406
0.506750675068	0.0	0	0.002700270027	3	0.001800180018	2	0.0	0	1111
0.582392776524	0.00225733634312	1	0.0	0	0.0	0	0.0	0	443
0.645259938838	0.0	0	0.0	0	0.0	0	0.0	0	327
0.640949554896	0.0	0	0.00890207715134	3	0.0	0	0.0	0	337
0.527607361963	0.00306748466258	2	0.00460122699387	3	0.0	0	0.00153374233129	1	652
0.571428571429	0.00862068965517	7	0.00369458128079	3	0.0	0	0.0	0	812
0.497122302158	0.00431654676259	6	0.00359712230216	5	0.0	0	0.00359712230216	5	1390
0.454865181712	0.0140679953107	12	0.00117233294256	1	0.0	0	0.0	0	853
0.464285714286	0.0014880952381	1	0.00744047619048	5	0.0	0	0.0	0	672
0.473202614379	0.00849673202614	13	0.00261437908497	4	0.0	0	0.0	0	1530
0.448700410397	0.0	0	0.00547195622435	4	0.0	0	0.00136798905609	1	731
0.539325842697	0.00140449438202	1	0.00140449438202	1	0.0	0	0.0	0	712
0.489341085271	0.00678294573643	7	0.000968992248062	1	0.0	0	0.0	0	1032
0.539014373717	0.0	0	0.00102669404517	1	0.00513347022587	5	0.0	0	974
0.482014388489	0.0	0	0.0	0	0.00119904076739	1	0.0	0	834
0.466734902764	0.007164790174	7	0.00102354145343	1	0.00204708290686	2	0.0	0	977
0.394285714286	0.0065306122449	8	0.000816326530612	1	0.000816326530612	1	0.0	0	1225
0.523127753304	0.0132158590308	12	0.0011013215859	1	0.0011013215859	1	0.00440528634361	4	908
0.541463414634	0.00243902439024	2	0.00365853658537	3	0.00243902439024	2	0.0	0	820
0.432	0.012	12	0.001	1	0.002	2	0.0	0	1000
0.519466073415	0.00111234705228	1	0.00333704115684	3	0.0	0	0.00222469410456	2	899
0.37639553429	0.00159489633174	2	0.000797448165869	1	0.00239234449761	3	0.0	0	1254
0.541095890411	0.00513698630137	3	0.00171232876712	1	0.0	0	0.00171232876712	1	584
0.244085532302	0.00181983621474	8	0.00204731574158	9	0.000227479526843	1	0.0	0	4396
0.440853658537	0.000609756097561	1	0.00548780487805	9	0.0	0	0.0	0	1640
0.494602551521	0.000981354268891	1	0.00196270853778	2	0.0	0	0.00686947988224	7	1019
0.568224299065	0.00373831775701	2	0.0	0	0.0	0	0.0	0	535
0.469088098918	0.00618238021638	8	0.00463678516229	6	0.0	0	0.0	0	1294
0.606	0.006	3	0.006	3	0.002	1	0.0	0	500
0.589198036007	0.00654664484452	4	0.0	0	0.0	0	0.0	0	611
0.569784172662	0.00719424460432	5	0.0	0	0.00143884892086	1	0.0	0	695
0.59891598916	0.0	0	0.0	0	0.0	0	0.0	0	369
0.559210526316	0.00657894736842	2	0.00328947368421	1	0.00986842105263	3	0.0	0	304
0.427578215527	0.00463499420626	4	0.00231749710313	2	0.0	0	0.00115874855156	1	863
0.430541871921	0.00197044334975	2	0.0	0	0.00197044334975	2	0.000985221674877	1	1015
0.519656019656	0.00859950859951	7	0.0	0	0.0	0	0.0	0	814
0.570264765784	0.0	0	0.0	0	0.0	0	0.0	0	491
0.46568627451	0.000980392156863	1	0.00882352941176	9	0.000980392156863	1	0.0	0	1020
0.630170316302	0.0	0	0.00486618004866	2	0.0	0	0.0	0	411
0.461456102784	0.00321199143469	3	0.0	0	0.00107066381156	1	0.00107066381156	1	934
0.49358974359	0.0025641025641	2	0.0	0	0.0	0	0.0	0	780
0.436217662801	0.00178412132025	2	0.0035682426405	4	0.0	0	0.0	0	1121
0.374653098982	0.0	0	0.00277520814061	3	0.0	0	0.0	0	1081
0.461680517082	0.00277008310249	3	0.000923361034164	1	0.000923361034164	1	0.0	0	1083
0.472551130248	0.00645855758881	6	0.0010764262648	1	0.0	0	0.0	0	929
0.457648546144	0.00379266750948	3	0.0176991150442	14	0.00252844500632	2	0.0	0	791
0.514594594595	0.00108108108108	1	0.0	0	0.0	0	0.0	0	925
0.449848024316	0.00405268490375	4	0.0	0	0.0	0	0.0	0	987
0.491544532131	0.00225479143179	2	0.0	0	0.0011273957159	1	0.0011273957159	1	887
0.526381909548	0.00125628140704	1	0.00125628140704	1	0.00376884422111	3	0.00251256281407	2	796
0.547692307692	0.00769230769231	5	0.00923076923077	6	0.0	0	0.0	0	650
0.329343629344	0.003861003861	10	0.0003861003861	1	0.0	0	0.0003861003861	1	2590
0.513083048919	0.00682593856655	6	0.0102389078498	9	0.00113765642776	1	0.00682593856655	6	879
0.462203023758	0.0097192224622	9	0.00215982721382	2	0.00107991360691	1	0.0	0	926
0.548660084626	0.00423131170663	3	0.00564174894217	4	0.0	0	0.0	0	709
0.534852546917	0.00670241286863	5	0.00268096514745	2	0.0	0	0.00402144772118	3	746
0.502192982456	0.00438596491228	4	0.0	0	0.00109649122807	1	0.0	0	912
0.54234769688	0.0163447251114	11	0.0	0	0.00445765230312	3	0.0	0	673
0.508936170213	0.00425531914894	5	0.00170212765957	2	0.000851063829787	1	0.0	0	1175
0.493368700265	0.0	0	0.0026525198939	2	0.0079575596817	6	0.00397877984085	3	754
0.514096185738	0.00497512437811	3	0.00829187396352	5	0.0	0	0.0	0	603
0.520278099652	0.0	0	0.0	0	0.0	0	0.0	0	863
0.458942632171	0.00337457817773	3	0.0	0	0.00224971878515	2	0.0	0	889
0.660792951542	0.0	0	0.0	0	0.0	0	0.0	0	227
0.34601043997	0.00596569724087	8	0.00149142431022	2	0.000745712155108	1	0.0	0	1341
0.51811023622	0.0110236220472	7	0.00314960629921	2	0.0	0	0.00944881889764	6	635
0.559343434343	0.00757575757576	6	0.0	0	0.0	0	0.0	0	792
0.546875	0.00426136363636	3	0.00284090909091	2	0.00142045454545	1	0.00284090909091	2	704
0.49770852429	0.00366636113657	4	0.0	0	0.000916590284143	1	0.0	0	1091
0.609406952965	0.0081799591002	4	0.0040899795501	2	0.0	0	0.0	0	489
0.458592132505	0.0	0	0.0	0	0.0	0	0.0	0	966
0.504495504496	0.000999000999001	1	0.000999000999001	1	0.0	0	0.0	0	1001
0.425365853659	0.0019512195122	2	0.000975609756098	1	0.0	0	0.0019512195122	2	1025
0.536062378168	0.00389863547758	2	0.0	0	0.00389863547758	2	0.0	0	513
0.495726495726	0.014245014245	15	0.00189933523267	2	0.000949667616334	1	0.0	0	1053
0.491543340381	0.00105708245243	1	0.00105708245243	1	0.0	0	0.0	0	946
0.545454545455	0.00779220779221	6	0.0	0	0.0025974025974	2	0.0	0	770
0.4875	0.00568181818182	5	0.00113636363636	1	0.00227272727273	2	0.00113636363636	1	880
0.485148514851	0.003300330033	2	0.0	0	0.0	0	0.0	0	606
0.739130434783	0.00724637681159	1	0.0	0	0.0	0	0.0	0	138
0.440263405456	0.00188146754468	2	0.000940733772342	1	0.00188146754468	2	0.0	0	1063
0.475177304965	0.00236406619385	2	0.0	0	0.00118203309693	1	0.0	0	846
0.59173553719	0.00165289256198	1	0.0	0	0.0	0	0.0	0	605
0.640287769784	0.0	0	0.0	0	0.0	0	0.0	0	417
0.500818330606	0.00245499181669	3	0.00163666121113	2	0.0	0	0.0	0	1222
0.385874246339	0.00172265288544	2	0.0	0	0.00258397932817	3	0.0	0	1161
0.609797297297	0.00337837837838	2	0.00168918918919	1	0.0	0	0.00168918918919	1	592
0.574958813839	0.00164744645799	1	0.00164744645799	1	0.0	0	0.0	0	607
0.88	0.0	0	0.0	0	0.0	0	0.0	0	50
0.8625	0.0	0	0.0	0	0.0125	1	0.0	0	80
0.582258064516	0.00483870967742	3	0.00161290322581	1	0.0	0	0.0	0	620
0.564150943396	0.00566037735849	3	0.00566037735849	3	0.0	0	0.0	0	530
0.538163001294	0.0025873221216	2	0.0012936610608	1	0.0	0	0.0	0	773
0.496478873239	0.00704225352113	6	0.00234741784038	2	0.00117370892019	1	0.00117370892019	1	852
0.488475177305	0.00177304964539	2	0.00265957446809	3	0.0	0	0.0	0	1128
0.49478390462	0.00596125186289	8	0.00521609538003	7	0.000745156482861	1	0.0	0	1342
0.518697225573	0.0	0	0.0	0	0.00241254523522	2	0.0	0	829
0.640326975477	0.0	0	0.00272479564033	1	0.0	0	0.0	0	367
0.469662921348	0.00224719101124	2	0.00337078651685	3	0.00112359550562	1	0.0	0	890
0.878787878788	0.0	0	0.0	0	0.0	0	0.0	0	66
0.542483660131	0.00980392156863	3	0.0	0	0.00326797385621	1	0.0	0	306
0.518610421836	0.00868486352357	7	0.0	0	0.0	0	0.0	0	806
0.523219814241	0.0061919504644	4	0.0015479876161	1	0.0	0	0.0	0	646
0.621782178218	0.00792079207921	4	0.0039603960396	2	0.0	0	0.0	0	505
0.60201511335	0.00755667506297	3	0.0	0	0.0	0	0.0100755667506	4	397
0.559288537549	0.00395256916996	2	0.0	0	0.00197628458498	1	0.00395256916996	2	506
0.526657997399	0.00260078023407	2	0.0	0	0.00260078023407	2	0.0	0	769
0.570881226054	0.00191570881226	1	0.0	0	0.00191570881226	1	0.0	0	522
0.487691284098	0.00731869594145	11	0.00998003992016	15	0.00266134397871	4	0.0	0	1503
0.605970149254	0.00298507462687	1	0.0	0	0.0	0	0.0	0	335
0.710280373832	0.0	0	0.0	0	0.0	0	0.0	0	107
0.512096774194	0.00100806451613	1	0.00201612903226	2	0.0	0	0.0	0	992
0.529914529915	0.004884004884	4	0.0	0	0.0	0	0.0	0	819
0.495746326373	0.0015467904099	2	0.00232018561485	3	0.0	0	0.0	0	1293
0.317492830807	0.00696435886932	17	0.000409668168783	1	0.000819336337567	2	0.0	0	2441
0.569493941554	0.000712758374911	1	0.0	0	0.0	0	0.0	0	1403
0.461146496815	0.00127388535032	1	0.0	0	0.0	0	0.00127388535032	1	785
0.456880733945	0.000611620795107	1	0.00183486238532	3	0.0	0	0.0	0	1635
0.513011152416	0.0	0	0.0	0	0.0	0	0.0	0	1076
0.528032619776	0.00203873598369	2	0.00101936799185	1	0.00101936799185	1	0.0	0	981
0.460453709381	0.00735744941754	12	0.00122624156959	2	0.0	0	0.0	0	1631
0.501289767842	0.00343938091144	4	0.00687876182287	8	0.0	0	0.0	0	1163
0.449579831933	0.00105042016807	1	0.00105042016807	1	0.00105042016807	1	0.0	0	952
0.456779289162	0.00307152259763	7	0.000877577885037	2	0.0	0	0.000438788942519	1	2279
0.39862804878	0.0015243902439	2	0.000762195121951	1	0.000762195121951	1	0.0	0	1312
0.5112960761	0.00356718192628	3	0.00356718192628	3	0.00118906064209	1	0.0	0	841
0.513274336283	0.00353982300885	4	0.0	0	0.0	0	0.0	0	1130
0.549348230912	0.00372439478585	2	0.00372439478585	2	0.0	0	0.0	0	537
0.468070652174	0.00475543478261	7	0.00475543478261	7	0.0	0	0.000679347826087	1	1472
0.451473136915	0.00173310225303	2	0.0	0	0.00173310225303	2	0.000866551126516	1	1154
0.471413160734	0.00755124056095	7	0.00647249190939	6	0.00107874865156	1	0.0	0	927
0.5	0.00369685767098	4	0.00184842883549	2	0.0	0	0.000924214417745	1	1082
0.653846153846	0.0299145299145	7	0.0042735042735	1	0.0042735042735	1	0.0	0	234
0.502121640736	0.00565770862801	4	0.0	0	0.0	0	0.004243281471	3	707
0.451827242525	0.0166112956811	10	0.0	0	0.0	0	0.00166112956811	1	602
0.492329149233	0.00418410041841	3	0.00557880055788	4	0.00278940027894	2	0.0	0	717
0.470124013529	0.00338218714769	3	0.00225479143179	2	0.00450958286359	4	0.0011273957159	1	887
0.453477868112	0.000903342366757	1	0.00451671183379	5	0.000903342366757	1	0.000903342366757	1	1107
0.469144460028	0.00280504908836	4	0.00420757363254	6	0.00070126227209	1	0.0	0	1426
0.417707150965	0.00567536889898	5	0.00794551645857	7	0.0	0	0.0	0	881
0.480168776371	0.00506329113924	6	0.0084388185654	10	0.00168776371308	2	0.0	0	1185
0.555555555556	0.0031746031746	2	0.0	0	0.0015873015873	1	0.0	0	630
0.511534603811	0.00100300902708	1	0.00601805416249	6	0.00401203610832	4	0.0	0	997
0.347329650092	0.00552486187845	15	0.00405156537753	11	0.00110497237569	3	0.00036832412523	1	2715
0.535087719298	0.00125313283208	1	0.00125313283208	1	0.00250626566416	2	0.0	0	798
0.47752126367	0.0048602673147	4	0.0	0	0.00364520048603	3	0.0	0	823
0.384	0.003	3	0.001	1	0.0	0	0.0	0	1000
0.527777777778	0.00757575757576	6	0.00252525252525	2	0.00252525252525	2	0.0	0	792
0.539130434783	0.00289855072464	2	0.00434782608696	3	0.00144927536232	1	0.0	0	690
0.475392670157	0.00418848167539	4	0.00418848167539	4	0.00104712041885	1	0.0	0	955
0.505115089514	0.00511508951407	4	0.00255754475703	2	0.0	0	0.00127877237852	1	782
0.502873563218	0.0014367816092	1	0.00431034482759	3	0.0	0	0.0014367816092	1	696
0.467581998474	0.00381388253242	5	0.0045766590389	6	0.00305110602593	4	0.00152555301297	2	1311
0.437037037037	0.0	0	0.00592592592593	4	0.0	0	0.0	0	675
0.443378119002	0.00671785028791	7	0.00575815738964	6	0.0	0	0.0	0	1042
0.456435643564	0.0019801980198	2	0.00693069306931	7	0.0029702970297	3	0.0	0	1010
0.534129692833	0.0221843003413	13	0.0	0	0.0	0	0.00170648464164	1	586
0.580808080808	0.00252525252525	1	0.00252525252525	1	0.0	0	0.00252525252525	1	396
0.533219761499	0.00851788756388	5	0.0	0	0.0	0	0.0	0	587
0.475923852184	0.00559910414334	5	0.00111982082867	1	0.00111982082867	1	0.00111982082867	1	893
0.542904290429	0.00990099009901	6	0.0016501650165	1	0.003300330033	2	0.0	0	606
0.432432432432	0.003276003276	4	0.003276003276	4	0.003276003276	4	0.000819000819001	1	1221
0.524379024839	0.00183992640294	2	0.0	0	0.00459981600736	5	0.0	0	1087
0.493087557604	0.010752688172	7	0.0	0	0.00153609831029	1	0.0	0	651
0.444672131148	0.00204918032787	3	0.00068306010929	1	0.00068306010929	1	0.0	0	1464
0.55753968254	0.00793650793651	4	0.0	0	0.00198412698413	1	0.00198412698413	1	504
0.496688741722	0.00662251655629	7	0.00189214758751	2	0.0	0	0.0	0	1057
0.453936348409	0.00502512562814	6	0.00670016750419	8	0.00837520938023	10	0.00167504187605	2	1194
0.486918604651	0.00145348837209	1	0.00290697674419	2	0.00145348837209	1	0.0	0	688
0.46192893401	0.0010152284264	1	0.00304568527919	3	0.0	0	0.00203045685279	2	985
0.500723589001	0.0101302460203	7	0.0	0	0.0	0	0.0	0	691
0.555694618273	0.00250312891114	2	0.00625782227785	5	0.00250312891114	2	0.00250312891114	2	799
0.488921713442	0.0103397341211	7	0.0	0	0.0	0	0.00147710487445	1	677
0.509986684421	0.00266311584554	2	0.0	0	0.0	0	0.0	0	751
0.430136986301	0.0027397260274	1	0.0	0	0.0	0	0.0	0	365
0.546282245827	0.00455235204856	3	0.0151745068285	10	0.00151745068285	1	0.0	0	659
0.468	0.008	8	0.0	0	0.002	2	0.001	1	1000
0.373641304348	0.00769927536232	17	0.00452898550725	10	0.000452898550725	1	0.0	0	2208
0.593567251462	0.00146198830409	1	0.0	0	0.0	0	0.0	0	684
0.501736111111	0.0121527777778	7	0.00347222222222	2	0.0	0	0.0	0	576
0.509036144578	0.00100401606426	1	0.00502008032129	5	0.00301204819277	3	0.0	0	996
0.527093596059	0.00164203612479	2	0.00492610837438	6	0.00328407224959	4	0.000821018062397	1	1218
0.553333333333	0.00666666666667	4	0.015	9	0.00166666666667	1	0.0	0	600
0.503429355281	0.00548696844993	4	0.0	0	0.00548696844993	4	0.00137174211248	1	729
0.52602739726	0.0	0	0.0013698630137	1	0.0027397260274	2	0.0	0	730
0.533672172808	0.012706480305	10	0.0	0	0.00635324015248	5	0.0	0	787
0.286963651271	0.0071057666029	26	0.00546597430992	20	0.00355288330145	13	0.000273298715496	1	3659
0.410380622837	0.00553633217993	8	0.0124567474048	18	0.00138408304498	2	0.0	0	1445
0.470355731225	0.0108695652174	11	0.00296442687747	3	0.0	0	0.0	0	1012
0.533161068045	0.0077519379845	9	0.00258397932817	3	0.00258397932817	3	0.0	0	1161
0.488986784141	0.00440528634361	4	0.0011013215859	1	0.00440528634361	4	0.00220264317181	2	908
0.521907216495	0.0103092783505	8	0.00257731958763	2	0.00128865979381	1	0.00128865979381	1	776
0.48687664042	0.00262467191601	4	0.00131233595801	2	0.00131233595801	2	0.000656167979003	1	1524
0.462827225131	0.00418848167539	4	0.00104712041885	1	0.00314136125654	3	0.0	0	955
0.521428571429	0.0107142857143	9	0.0	0	0.0	0	0.0	0	840
0.551136363636	0.00852272727273	6	0.00142045454545	1	0.0	0	0.0	0	704
0.495333333333	0.002	3	0.000666666666667	1	0.0	0	0.0	0	1500
0.528013582343	0.00339558573854	2	0.0152801358234	9	0.0	0	0.0	0	589
0.475155279503	0.0248447204969	24	0.00103519668737	1	0.00103519668737	1	0.0	0	966
0.483896307934	0.00235663786332	3	0.000785545954438	1	0.00157109190888	2	0.00157109190888	2	1273
0.457509353287	0.00106894708712	2	0.00213789417424	4	0.00053447354356	1	0.0	0	1871
0.464725643897	0.00223964165733	2	0.00223964165733	2	0.0	0	0.00111982082867	1	893
0.538271604938	0.0111111111111	9	0.00246913580247	2	0.0	0	0.00246913580247	2	810
0.437537004144	0.00414446417999	7	0.00236826524571	4	0.0	0	0.0	0	1689
0.469172049325	0.00176159718144	3	0.00587199060482	10	0.00117439812096	2	0.0	0	1703
0.508997429306	0.00642673521851	5	0.0	0	0.0	0	0.0025706940874	2	778
0.322866894198	0.00716723549488	21	0.00136518771331	4	0.000682593856655	2	0.0	0	2930
0.508746355685	0.00874635568513	6	0.0	0	0.00437317784257	3	0.0	0	686
0.524669073406	0.00481347773767	4	0.00361010830325	3	0.0	0	0.0	0	831
0.451713395639	0.00155763239875	1	0.00467289719626	3	0.00311526479751	2	0.0	0	642
0.558635394456	0.00426439232409	2	0.00426439232409	2	0.0	0	0.0	0	469
0.471502590674	0.00388601036269	3	0.0	0	0.0	0	0.00129533678756	1	772
0.435643564356	0.004243281471	3	0.00990099009901	7	0.001414427157	1	0.0	0	707
0.562764456982	0.00282087447109	2	0.0	0	0.0	0	0.0	0	709
0.393526405451	0.00511073253833	3	0.00170357751278	1	0.00340715502555	2	0.0	0	587
0.456386292835	0.01246105919	8	0.00155763239875	1	0.0	0	0.0	0	642
0.518571428571	0.00142857142857	1	0.0	0	0.00142857142857	1	0.00142857142857	1	700
0.512022630835	0.0	0	0.002828854314	2	0.001414427157	1	0.001414427157	1	707
0.585987261146	0.00424628450106	2	0.0	0	0.00212314225053	1	0.0	0	471
0.466312056738	0.00886524822695	5	0.0	0	0.0	0	0.00177304964539	1	564
0.485842026826	0.00149031296572	1	0.00149031296572	1	0.00149031296572	1	0.0	0	671
0.467637540453	0.00161812297735	1	0.00161812297735	1	0.00485436893204	3	0.0	0	618
0.440217391304	0.0	0	0.0	0	0.0	0	0.0	0	736
0.439965694683	0.00171526586621	2	0.00257289879931	3	0.0	0	0.0	0	1166
0.462612163509	0.00199401794616	2	0.000997008973081	1	0.00199401794616	2	0.0	0	1003
0.475460122699	0.0	0	0.0	0	0.0	0	0.0	0	652
0.720588235294	0.0	0	0.0	0	0.0	0	0.0	0	272
0.496124031008	0.0	0	0.00581395348837	3	0.00193798449612	1	0.0	0	516
0.55408388521	0.0132450331126	6	0.0	0	0.00441501103753	2	0.00220750551876	1	453
0.56005788712	0.00144717800289	1	0.00289435600579	2	0.0	0	0.0	0	691
0.49915682968	0.0	0	0.0	0	0.00505902192243	3	0.00168634064081	1	593
0.476517754868	0.00229095074456	2	0.00114547537228	1	0.0	0	0.0	0	873
0.50197109067	0.00525624178712	4	0.0	0	0.0	0	0.0	0	761
0.477115117892	0.00554785020804	4	0.0	0	0.00277392510402	2	0.0	0	721
0.488980716253	0.00137741046832	1	0.00275482093664	2	0.0	0	0.0	0	726
0.554166666667	0.0	0	0.00208333333333	1	0.0	0	0.0	0	480
0.459948320413	0.0116279069767	9	0.00258397932817	2	0.0	0	0.0	0	774
0.518867924528	0.0062893081761	4	0.00157232704403	1	0.0	0	0.0	0	636
0.477203647416	0.00303951367781	1	0.0	0	0.0	0	0.0	0	329
0.484025559105	0.00319488817891	2	0.00159744408946	1	0.00159744408946	1	0.00159744408946	1	626
0.536527886881	0.00706991358995	9	0.00157109190888	2	0.00157109190888	2	0.0	0	1273
0.51968503937	0.000787401574803	1	0.00314960629921	4	0.0	0	0.0	0	1270
0.533795493934	0.0051993067591	3	0.00346620450607	2	0.0051993067591	3	0.0	0	577
0.505910165485	0.0141843971631	6	0.0	0	0.00236406619385	1	0.0	0	423
0.439252336449	0.0	0	0.0	0	0.0	0	0.0	0	749
0.622775800712	0.00711743772242	2	0.0	0	0.0	0	0.0	0	281
0.510885341074	0.00290275761974	2	0.00580551523948	4	0.00145137880987	1	0.0	0	689
0.586486486486	0.00405405405405	3	0.0	0	0.0	0	0.0	0	740
0.432250839866	0.0	0	0.003359462486	3	0.00111982082867	1	0.0	0	893
0.425665101721	0.0	0	0.00156494522692	1	0.00312989045383	2	0.00156494522692	1	639
0.530791788856	0.0	0	0.0	0	0.0	0	0.0	0	341
0.538126361656	0.0	0	0.0	0	0.0	0	0.0	0	459
0.595166163142	0.0	0	0.00604229607251	2	0.00302114803625	1	0.0	0	331
0.478129713424	0.00301659125189	2	0.00150829562594	1	0.0	0	0.00150829562594	1	663
0.518358531317	0.00431965442765	2	0.00431965442765	2	0.0	0	0.0	0	463
0.611111111111	0.0114942528736	6	0.0	0	0.0	0	0.0	0	522
0.527290448343	0.00389863547758	4	0.000974658869396	1	0.0	0	0.000974658869396	1	1026
0.628482972136	0.0030959752322	1	0.0	0	0.0	0	0.0030959752322	1	323
0.506060606061	0.0030303030303	2	0.0030303030303	2	0.00151515151515	1	0.0	0	660
0.449678800857	0.00749464668094	7	0.0	0	0.00321199143469	3	0.0	0	934
0.552380952381	0.0	0	0.0031746031746	1	0.0	0	0.0	0	315
0.480737018425	0.00670016750419	4	0.0	0	0.0	0	0.0	0	597
0.492130115425	0.00524658971668	5	0.00104931794334	1	0.00104931794334	1	0.00104931794334	1	953
0.546031746032	0.0047619047619	3	0.0015873015873	1	0.0015873015873	1	0.0	0	630
0.454388984509	0.00516351118761	3	0.00516351118761	3	0.0	0	0.0	0	581
0.609649122807	0.0131578947368	3	0.00438596491228	1	0.0	0	0.00438596491228	1	228
0.490740740741	0.00231481481481	1	0.00462962962963	2	0.00231481481481	1	0.00231481481481	1	432
0.532740501213	0.0	0	0.0016168148747	2	0.00242522231205	3	0.000808407437348	1	1237
0.543689320388	0.00194174757282	1	0.00388349514563	2	0.0	0	0.0	0	515
0.523227383863	0.00244498777506	2	0.00122249388753	1	0.00122249388753	1	0.0	0	818
0.365699873897	0.00126103404792	1	0.0063051702396	5	0.00126103404792	1	0.0	0	793
0.539598732841	0.00527983104541	5	0.00211193241816	2	0.0	0	0.0	0	947
0.506478209658	0.00235571260306	2	0.00117785630153	1	0.0	0	0.0	0	849
0.545698924731	0.0	0	0.00268817204301	1	0.0	0	0.00537634408602	2	372
0.603174603175	0.0	0	0.0	0	0.015873015873	4	0.0	0	252
0.664596273292	0.0	0	0.0	0	0.0	0	0.0	0	161
0.471354166667	0.00390625	3	0.00390625	3	0.0	0	0.0	0	768
0.446372239748	0.0	0	0.0	0	0.0	0	0.0	0	634
0.429355281207	0.0	0	0.00137174211248	1	0.00137174211248	1	0.0	0	729
0.616113744076	0.0	0	0.0	0	0.0	0	0.00473933649289	1	211
0.574193548387	0.0	0	0.00645161290323	2	0.0	0	0.0	0	310
0.461426491994	0.00582241630277	4	0.00291120815138	2	0.0	0	0.0	0	687
0.367121507472	0.00259909031839	4	0.00129954515919	2	0.00259909031839	4	0.00194931773879	3	1539
0.474344355758	0.00228050171038	2	0.00342075256556	3	0.0	0	0.00114025085519	1	877
0.507128309572	0.0	0	0.0	0	0.0	0	0.0	0	491
0.4125	0.0109375	7	0.0015625	1	0.0	0	0.0	0	640
0.450236966825	0.000789889415482	1	0.00157977883096	2	0.000789889415482	1	0.0	0	1266
0.591885441527	0.0	0	0.0	0	0.00715990453461	3	0.0	0	419
0.572798605057	0.00174367916303	2	0.000871839581517	1	0.000871839581517	1	0.0	0	1147
0.580516898608	0.00198807157058	1	0.00596421471173	3	0.0	0	0.00198807157058	1	503
0.595693779904	0.011961722488	5	0.0	0	0.0	0	0.0	0	418
0.504021447721	0.00134048257373	1	0.00804289544236	6	0.00268096514745	2	0.0	0	746
0.508663366337	0.00123762376238	1	0.00247524752475	2	0.0	0	0.0	0	808
0.57091561939	0.00538599640934	3	0.00179533213645	1	0.0	0	0.00359066427289	2	557
0.601398601399	0.00699300699301	4	0.00174825174825	1	0.00174825174825	1	0.0	0	572
0.510288065844	0.0	0	0.0	0	0.00411522633745	3	0.0	0	729
0.427168576105	0.00327332242226	2	0.0	0	0.0	0	0.0	0	611
0.512012012012	0.0	0	0.003003003003	2	0.0015015015015	1	0.0	0	666
0.585396039604	0.0	0	0.00123762376238	1	0.00123762376238	1	0.0	0	808
0.410031847134	0.0031847133758	4	0.0015923566879	2	0.000796178343949	1	0.0	0	1256
0.508746355685	0.00291545189504	2	0.00145772594752	1	0.0	0	0.00145772594752	1	686
0.481912144703	0.00129198966408	1	0.00258397932817	2	0.0	0	0.0	0	774
0.396129032258	0.0141935483871	11	0.00258064516129	2	0.0	0	0.00258064516129	2	775
0.45727482679	0.00461893764434	2	0.00461893764434	2	0.00461893764434	2	0.0	0	433
0.508684863524	0.0	0	0.0136476426799	11	0.00124069478908	1	0.0	0	806
0.592592592593	0.00217864923747	1	0.0108932461874	5	0.00217864923747	1	0.0	0	459
0.540098199673	0.00818330605565	5	0.0	0	0.00163666121113	1	0.0	0	611
0.531092436975	0.00504201680672	3	0.00168067226891	1	0.00336134453782	2	0.00168067226891	1	595
0.58495821727	0.0	0	0.0	0	0.0	0	0.0	0	359
0.523696682464	0.0	0	0.00473933649289	2	0.00236966824645	1	0.0	0	422
0.536382536383	0.002079002079	1	0.00623700623701	3	0.002079002079	1	0.0	0	481
0.599277978339	0.0	0	0.00180505415162	1	0.0	0	0.0	0	554
0.481832543444	0.00157977883096	1	0.00315955766193	2	0.0	0	0.0	0	633
0.518010291595	0.00343053173242	2	0.00343053173242	2	0.00343053173242	2	0.0	0	583
0.465723612622	0.00979325353645	9	0.00217627856366	2	0.00108813928183	1	0.00326441784548	3	919
0.596412556054	0.00448430493274	2	0.00224215246637	1	0.00224215246637	1	0.0	0	446
0.406724511931	0.0	0	0.00650759219089	6	0.0	0	0.0	0	922
0.551048951049	0.0	0	0.0	0	0.0	0	0.0	0	715
0.508896797153	0.0017793594306	1	0.0017793594306	1	0.0	0	0.0	0	562
0.630872483221	0.00671140939597	2	0.0	0	0.0	0	0.0	0	298
0.525846702317	0.00891265597148	5	0.0	0	0.0	0	0.0017825311943	1	561
0.435483870968	0.00430107526882	4	0.00215053763441	2	0.0010752688172	1	0.0	0	930
0.5276816609	0.0121107266436	7	0.0	0	0.00346020761246	2	0.00173010380623	1	578
0.607843137255	0.00840336134454	3	0.0	0	0.0	0	0.00280112044818	1	357
0.549931600547	0.00410396716826	3	0.00410396716826	3	0.0	0	0.0	0	731
0.613157894737	0.00263157894737	1	0.0	0	0.0	0	0.0	0	380
0.387622149837	0.00108577633008	1	0.0043431053203	4	0.0043431053203	4	0.0	0	921
0.542483660131	0.00435729847495	2	0.00217864923747	1	0.00217864923747	1	0.0	0	459
0.585820895522	0.00186567164179	1	0.0111940298507	6	0.0	0	0.0	0	536
0.448669201521	0.0	0	0.00190114068441	2	0.0	0	0.0	0	1052
0.586301369863	0.0	0	0.0027397260274	1	0.0	0	0.0027397260274	1	365
0.541800643087	0.0	0	0.0	0	0.0016077170418	1	0.0	0	622
0.534042553191	0.00212765957447	1	0.00212765957447	1	0.00212765957447	1	0.00212765957447	1	470
0.493293591654	0.00298062593145	2	0.00298062593145	2	0.0	0	0.0	0	671
0.576427255985	0.00184162062615	1	0.0	0	0.0	0	0.0	0	543
0.526077097506	0.00453514739229	2	0.0	0	0.0	0	0.0	0	441
0.569142857143	0.00114285714286	1	0.00114285714286	1	0.0	0	0.0	0	875
0.45867768595	0.00137741046832	2	0.00137741046832	2	0.00275482093664	4	0.00068870523416	1	1452
0.553468208092	0.00722543352601	5	0.0	0	0.0028901734104	2	0.0	0	692
0.451814768461	0.00125156445557	1	0.00125156445557	1	0.0	0	0.0	0	799
0.582417582418	0.010989010989	3	0.0	0	0.0	0	0.0	0	273
0.517073170732	0.00243902439024	1	0.0	0	0.0	0	0.0	0	410
0.528673835125	0.00537634408602	3	0.00537634408602	3	0.00179211469534	1	0.00358422939068	2	558
0.460796139928	0.00361881785283	3	0.00603136308806	5	0.00120627261761	1	0.0	0	829
0.563197026022	0.00185873605948	1	0.00185873605948	1	0.00185873605948	1	0.0	0	538
0.685714285714	0.0	0	0.0	0	0.0	0	0.0	0	175
0.359534206696	0.0	0	0.0101892285298	7	0.00145560407569	1	0.00145560407569	1	687
0.501488095238	0.00892857142857	6	0.0	0	0.0014880952381	1	0.0014880952381	1	672
0.498168498168	0.0	0	0.001221001221	1	0.0	0	0.0	0	819
0.507029053421	0.00281162136832	3	0.000937207122774	1	0.00187441424555	2	0.0	0	1067
0.456626506024	0.00240963855422	2	0.00240963855422	2	0.0	0	0.00240963855422	2	830
0.413447782546	0.00572246065808	4	0.00429184549356	3	0.00143061516452	1	0.0	0	699
0.511764705882	0.0274509803922	14	0.0	0	0.0117647058824	6	0.0	0	510
0.480804387569	0.0091407678245	5	0.0018281535649	1	0.0	0	0.0	0	547
0.627062706271	0.0	0	0.0	0	0.0	0	0.0	0	303
0.546305931322	0.00208116545265	2	0.00208116545265	2	0.0	0	0.0	0	961
0.609756097561	0.00886917960089	4	0.0	0	0.0	0	0.0	0	451
0.569131832797	0.0	0	0.0	0	0.0	0	0.0	0	622
0.524709302326	0.00290697674419	2	0.00145348837209	1	0.0	0	0.00145348837209	1	688
0.530670470756	0.00998573466476	7	0.0	0	0.00427960057061	3	0.00285306704708	2	701
0.559360730594	0.0	0	0.00228310502283	1	0.0	0	0.0	0	438
0.540254237288	0.00847457627119	4	0.0148305084746	7	0.0021186440678	1	0.0	0	472
0.457922668688	0.000758150113723	1	0.000758150113723	1	0.000758150113723	1	0.0	0	1319
0.463302752294	0.00366972477064	4	0.000917431192661	1	0.00366972477064	4	0.000917431192661	1	1090
0.548076923077	0.00384615384615	4	0.000961538461538	1	0.0	0	0.0	0	1040
0.569444444444	0.00173611111111	1	0.00347222222222	2	0.0	0	0.0	0	576
0.500749625187	0.00749625187406	5	0.00599700149925	4	0.00149925037481	1	0.00149925037481	1	667
0.51822503962	0.00316957210777	2	0.00158478605388	1	0.0	0	0.0	0	631
0.584615384615	0.0	0	0.0	0	0.0021978021978	1	0.0	0	455
0.565610859729	0.0	0	0.00226244343891	1	0.00452488687783	2	0.00226244343891	1	442
0.461187214612	0.00342465753425	3	0.00570776255708	5	0.0	0	0.0	0	876
0.601719197708	0.00859598853868	3	0.0	0	0.0	0	0.0	0	349
0.544554455446	0.0	0	0.0	0	0.0	0	0.0	0	404
0.512323943662	0.00352112676056	2	0.00528169014085	3	0.0	0	0.0	0	568
0.509945750452	0.0	0	0.0	0	0.0	0	0.0	0	553
0.515541264737	0.0032154340836	3	0.0021436227224	2	0.0032154340836	3	0.0	0	933
0.551867219917	0.00414937759336	2	0.0	0	0.0	0	0.0	0	482
0.531055900621	0.00310559006211	1	0.00621118012422	2	0.0	0	0.00310559006211	1	322
0.449514563107	0.00194174757282	2	0.000970873786408	1	0.0	0	0.00388349514563	4	1030
0.598930481283	0.00534759358289	1	0.0	0	0.0	0	0.0	0	187
0.464150943396	0.00566037735849	3	0.00566037735849	3	0.00188679245283	1	0.0	0	530
0.4287454324	0.00243605359318	2	0.00365408038977	3	0.00121802679659	1	0.00121802679659	1	821
0.463291139241	0.0	0	0.00126582278481	1	0.00253164556962	2	0.0	0	790
0.439631336406	0.00184331797235	2	0.0	0	0.0	0	0.0	0	1085
0.5871886121	0.0106761565836	3	0.00711743772242	2	0.0	0	0.0	0	281
0.318576748035	0.00372362432768	9	0.00124120810923	3	0.00124120810923	3	0.0	0	2417
0.58844765343	0.0108303249097	6	0.00902527075812	5	0.0	0	0.0	0	554
0.562358276644	0.0	0	0.0	0	0.0	0	0.0	0	441
0.732057416268	0.0	0	0.0	0	0.0	0	0.0	0	209
0.449579831933	0.00140056022409	1	0.00140056022409	1	0.00280112044818	2	0.0	0	714
0.277696793003	0.00218658892128	3	0.0	0	0.0	0	0.0	0	1372
0.577777777778	0.00222222222222	1	0.0	0	0.0	0	0.0	0	450
0.628504672897	0.0	0	0.0	0	0.0	0	0.0	0	428
0.4898828541	0.0117145899894	11	0.0	0	0.0	0	0.0010649627263	1	939
0.559782608696	0.00271739130435	2	0.00135869565217	1	0.0	0	0.0	0	736
0.459915611814	0.0042194092827	4	0.00316455696203	3	0.0	0	0.00105485232068	1	948
0.516483516484	0.00313971742543	2	0.00156985871272	1	0.0	0	0.00156985871272	1	637
0.578823529412	0.00235294117647	1	0.00235294117647	1	0.0	0	0.0	0	425
0.534216335541	0.00331125827815	3	0.00441501103753	4	0.00110375275938	1	0.00110375275938	1	906
0.488372093023	0.0104651162791	9	0.0	0	0.00116279069767	1	0.0	0	860
0.500502512563	0.0	0	0.00301507537688	3	0.0	0	0.0	0	995
0.436111111111	0.00925925925926	10	0.00277777777778	3	0.000925925925926	1	0.000925925925926	1	1080
0.602442333786	0.0122116689281	9	0.0	0	0.0	0	0.0	0	737
0.489005235602	0.00523560209424	5	0.0020942408377	2	0.00104712041885	1	0.0	0	955
0.383681398737	0.00194269062652	4	0.00145701796989	3	0.00485672656629	10	0.0	0	2059
0.483435582822	0.0	0	0.00368098159509	3	0.0	0	0.0	0	815
0.315162741466	0.0042339243186	16	0.00132310134956	5	0.00238158242921	9	0.000529240539825	2	3779
0.460962566845	0.00106951871658	1	0.00213903743316	2	0.0	0	0.0	0	935
0.478070175439	0.00438596491228	4	0.00219298245614	2	0.00219298245614	2	0.0	0	912
0.369063772049	0.00135685210312	2	0.00271370420624	4	0.0	0	0.0	0	1474
0.475780409042	0.0021528525296	2	0.0021528525296	2	0.0010764262648	1	0.0010764262648	1	929
0.347909967846	0.0	0	0.00257234726688	4	0.00128617363344	2	0.0	0	1555
0.410901467505	0.0	0	0.0	0	0.00104821802935	1	0.0	0	954
0.484328358209	0.0	0	0.00223880597015	3	0.000746268656716	1	0.0	0	1340
0.470504619758	0.00284292821606	4	0.00213219616205	3	0.0	0	0.000710732054016	1	1407
0.442932728647	0.00755857898715	10	0.00680272108844	9	0.0	0	0.0	0	1323
0.477229601518	0.00284629981025	3	0.000948766603416	1	0.00284629981025	3	0.0	0	1054
0.394285714286	0.00190476190476	2	0.000952380952381	1	0.00952380952381	10	0.00285714285714	3	1050
0.386425339367	0.0226244343891	25	0.0	0	0.00180995475113	2	0.0	0	1105
0.470293486042	0.0050107372942	7	0.000715819613457	1	0.00143163922691	2	0.0	0	1397
0.447638603696	0.00924024640657	9	0.0	0	0.00102669404517	1	0.0	0	974
0.372131147541	0.00204918032787	5	0.00655737704918	16	0.000409836065574	1	0.0	0	2440
0.456937799043	0.00239234449761	3	0.00797448165869	10	0.0	0	0.0	0	1254
0.386	0.00666666666667	10	0.0	0	0.0	0	0.000666666666667	1	1500
0.410141685309	0.00298284862043	4	0.000745712155108	1	0.00223713646532	3	0.0	0	1341
0.42937399679	0.00481540930979	6	0.000802568218299	1	0.0	0	0.0	0	1246
0.521142857143	0.0	0	0.00114285714286	1	0.0	0	0.0	0	875
0.518037518038	0.018759018759	13	0.001443001443	1	0.004329004329	3	0.0	0	693
0.470479704797	0.0	0	0.00184501845018	2	0.00184501845018	2	0.0	0	1084
0.475877192982	0.00657894736842	6	0.00109649122807	1	0.0	0	0.00219298245614	2	912
0.501506024096	0.00451807228916	3	0.0	0	0.0	0	0.0	0	664
0.438189845475	0.0154525386313	14	0.00331125827815	3	0.00110375275938	1	0.00110375275938	1	906
0.467650397276	0.0	0	0.00227014755959	2	0.0011350737798	1	0.0	0	881
0.508152173913	0.0018115942029	2	0.0	0	0.000905797101449	1	0.0	0	1104
0.530120481928	0.00109529025192	1	0.00219058050383	2	0.0	0	0.0	0	913
0.506193228737	0.00495458298927	6	0.0	0	0.0	0	0.00247729149463	3	1211
0.393564356436	0.00433168316832	7	0.00185643564356	3	0.00123762376238	2	0.000618811881188	1	1616
0.400250941029	0.00250941028858	6	0.00125470514429	3	0.000418235048097	1	0.0	0	2391
0.490589711418	0.00627352572146	5	0.0	0	0.0	0	0.0	0	797
0.527777777778	0.0	0	0.00115740740741	1	0.0	0	0.0	0	864
0.286022536562	0.00647326780149	27	0.00311675857109	13	0.00143850395589	6	0.000719251977943	3	4171
0.516100178891	0.00447227191413	5	0.00178890876565	2	0.0	0	0.0	0	1118
0.466244725738	0.00105485232068	1	0.00105485232068	1	0.00210970464135	2	0.0	0	948
0.503133393017	0.00447627573859	5	0.000895255147717	1	0.00358102059087	4	0.0	0	1117
0.570175438596	0.0	0	0.0	0	0.00219298245614	1	0.0	0	456
0.393777345649	0.00194457948469	4	0.00534759358289	11	0.00923675255226	19	0.0	0	2057
0.499538319483	0.0147737765466	16	0.00184672206833	2	0.0	0	0.0	0	1083
0.52052545156	0.0180623973727	11	0.0	0	0.0	0	0.0	0	609
0.521521521522	0.002002002002	2	0.004004004004	4	0.003003003003	3	0.00700700700701	7	999
0.540076335878	0.00190839694656	2	0.000954198473282	1	0.000954198473282	1	0.00190839694656	2	1048
0.527559055118	0.0	0	0.00524934383202	4	0.00131233595801	1	0.0	0	762
0.529411764706	0.0	0	0.0	0	0.0	0	0.0	0	510
0.434497816594	0.00109170305677	1	0.00655021834061	6	0.00873362445415	8	0.0	0	916
0.5859375	0.0	0	0.001953125	1	0.0	0	0.0	0	512
0.522399392559	0.00303720577069	4	0.0	0	0.0	0	0.0	0	1317
0.466575716235	0.0177353342428	13	0.00954979536153	7	0.00682128240109	5	0.00136425648022	1	733
0.534508076358	0.00293685756241	2	0.00734214390602	5	0.0014684287812	1	0.0	0	681
0.542704626335	0.00533807829181	3	0.0	0	0.0	0	0.0	0	562
0.502564102564	0.0017094017094	1	0.0	0	0.00512820512821	3	0.0	0	585
0.531958762887	0.0164948453608	8	0.0020618556701	1	0.0	0	0.0	0	485
0.506802721088	0.0	0	0.0	0	0.0	0	0.0	0	294
0.648780487805	0.00487804878049	1	0.0	0	0.0	0	0.0	0	205
0.558390578999	0.00490677134446	5	0.00294406280667	3	0.000981354268891	1	0.0	0	1019
0.515570934256	0.0	0	0.00346020761246	2	0.0	0	0.0	0	578
0.522514868309	0.0016992353441	2	0.0016992353441	2	0.000849617672048	1	0.0	0	1177
0.486938349007	0.00104493207941	1	0.00313479623824	3	0.00104493207941	1	0.0	0	957
0.50406504065	0.00464576074332	4	0.0	0	0.0	0	0.0	0	861
0.46	0.00266666666667	2	0.00133333333333	1	0.0	0	0.0	0	750
0.706896551724	0.0	0	0.0172413793103	2	0.00862068965517	1	0.0	0	116
0.400602409639	0.00200803212851	4	0.0	0	0.00301204819277	6	0.000502008032129	1	1992
0.507482993197	0.00272108843537	2	0.00136054421769	1	0.0	0	0.0	0	735
0.538354253835	0.00976290097629	7	0.00278940027894	2	0.00139470013947	1	0.0	0	717
0.519368723099	0.00143472022956	1	0.00573888091822	4	0.00430416068867	3	0.00143472022956	1	697
0.483727810651	0.00295857988166	2	0.0	0	0.0118343195266	8	0.0	0	676
0.449370552819	0.00437876299945	8	0.00218938149973	4	0.00383141762452	7	0.0	0	1827
0.467307692308	0.0	0	0.00192307692308	1	0.00384615384615	2	0.0	0	520
0.542302357836	0.00416088765603	3	0.00554785020804	4	0.0	0	0.0	0	721
0.482510288066	0.0	0	0.00308641975309	3	0.0	0	0.0	0	972
0.598557692308	0.00240384615385	1	0.00961538461538	4	0.0	0	0.0	0	416
0.560143626571	0.00359066427289	2	0.0	0	0.0	0	0.00179533213645	1	557
0.725490196078	0.0	0	0.0	0	0.0	0	0.0	0	153
0.53036437247	0.0364372469636	9	0.0	0	0.00404858299595	1	0.0	0	247
0.518444666002	0.0139581256231	14	0.000997008973081	1	0.0	0	0.0	0	1003
0.477346278317	0.00431499460626	8	0.00215749730313	4	0.00161812297735	3	0.0	0	1854
0.571207430341	0.0046439628483	3	0.0030959752322	2	0.0030959752322	2	0.0	0	646
0.476054324518	0.00285918513224	4	0.00142959256612	2	0.000714796283059	1	0.00285918513224	4	1399
0.491803278689	0.00327868852459	3	0.0	0	0.00218579234973	2	0.00109289617486	1	915
0.500883392226	0.00265017667845	3	0.0017667844523	2	0.000883392226148	1	0.0	0	1132
0.445820433437	0.00206398348813	2	0.00103199174407	1	0.0061919504644	6	0.0	0	969
0.507389162562	0.00164203612479	1	0.00328407224959	2	0.00164203612479	1	0.0	0	609
0.519650655022	0.00873362445415	8	0.00545851528384	5	0.00109170305677	1	0.00327510917031	3	916
0.588807785888	0.0	0	0.0	0	0.0	0	0.0	0	411
0.511210762332	0.00448430493274	5	0.00269058295964	3	0.00179372197309	2	0.0	0	1115
0.493236212279	0.00624349635796	6	0.0	0	0.00104058272633	1	0.0	0	961
0.60594795539	0.0185873605948	5	0.0	0	0.00743494423792	2	0.0	0	269
0.511272141707	0.0024154589372	3	0.000805152979066	1	0.0	0	0.0	0	1242
0.60310421286	0.00221729490022	1	0.00443458980044	2	0.0	0	0.0	0	451
0.369891360579	0.0	0	0.0	0	0.00103466114847	2	0.0	0	1933
0.338640776699	0.000776699029126	2	0.0	0	0.00194174757282	5	0.0031067961165	8	2575
0.681818181818	0.0284090909091	5	0.0	0	0.0113636363636	2	0.0	0	176
0.597597597598	0.00900900900901	3	0.003003003003	1	0.0	0	0.0	0	333
0.522857142857	0.00285714285714	1	0.0171428571429	6	0.0	0	0.0	0	350
0.546031746032	0.0015873015873	1	0.0031746031746	2	0.0	0	0.0	0	630
0.559748427673	0.00471698113208	3	0.0	0	0.0	0	0.0	0	636
0.537698412698	0.0	0	0.0	0	0.0	0	0.0	0	504
0.681592039801	0.00497512437811	1	0.00497512437811	1	0.00995024875622	2	0.0	0	201
0.628820960699	0.0	0	0.0	0	0.0	0	0.0	0	229
0.526255707763	0.00114155251142	1	0.0	0	0.0	0	0.0	0	876
0.429166666667	0.00416666666667	5	0.000833333333333	1	0.000833333333333	1	0.00166666666667	2	1200
0.505166475316	0.00229621125144	2	0.0	0	0.0	0	0.0	0	871
0.451612903226	0.00610287707062	7	0.000871839581517	1	0.0	0	0.00174367916303	2	1147
0.526232114467	0.0	0	0.00158982511924	1	0.0	0	0.00158982511924	1	629
0.691428571429	0.0	0	0.0	0	0.0	0	0.0	0	175
0.588235294118	0.00202839756592	1	0.0	0	0.0	0	0.0	0	493
0.512019230769	0.00240384615385	2	0.00360576923077	3	0.0	0	0.0	0	832
0.458737864078	0.00364077669903	3	0.00242718446602	2	0.0	0	0.00121359223301	1	824
0.572727272727	0.0	0	0.00181818181818	1	0.00363636363636	2	0.00363636363636	2	550
0.542553191489	0.0	0	0.0	0	0.0	0	0.0	0	282
0.47483989021	0.0064043915828	7	0.000914913083257	1	0.000914913083257	1	0.000914913083257	1	1093
0.578488372093	0.00581395348837	2	0.0	0	0.0	0	0.0	0	344
0.617318435754	0.00139664804469	1	0.0	0	0.00139664804469	1	0.0	0	716
0.382457929628	0.00560938296787	11	0.00152983171851	3	0.00305966343702	6	0.00050994390617	1	1961
0.5824	0.0	0	0.0	0	0.0	0	0.0	0	625
0.58081705151	0.00355239786856	2	0.0	0	0.0	0	0.0	0	563
0.596428571429	0.0	0	0.0	0	0.0107142857143	3	0.0	0	280
0.597074468085	0.00531914893617	4	0.00132978723404	1	0.00132978723404	1	0.00132978723404	1	752
0.528265107212	0.0	0	0.00389863547758	2	0.0	0	0.0	0	513
0.645502645503	0.026455026455	5	0.00529100529101	1	0.0	0	0.0	0	189
0.51724137931	0.00275862068966	2	0.0	0	0.0	0	0.00137931034483	1	725
0.546038543897	0.0107066381156	5	0.0	0	0.0	0	0.0	0	467
0.569868995633	0.00218340611354	1	0.00436681222707	2	0.0	0	0.0	0	458
0.5	0.00165562913907	1	0.0	0	0.00165562913907	1	0.0	0	604
0.534188034188	0.0	0	0.00213675213675	1	0.0	0	0.0	0	468
0.590106007067	0.00353356890459	1	0.0	0	0.0	0	0.0	0	283
0.543897216274	0.00856531049251	4	0.0	0	0.0	0	0.0	0	467
0.54820415879	0.0	0	0.0	0	0.0	0	0.0	0	529
0.633152173913	0.0	0	0.00271739130435	1	0.0	0	0.0	0	368
0.626168224299	0.00934579439252	3	0.0	0	0.0	0	0.0	0	321
0.554276315789	0.00657894736842	4	0.00164473684211	1	0.0	0	0.0	0	608
0.515151515152	0.0	0	0.0	0	0.0	0	0.0	0	594
0.494047619048	0.00297619047619	3	0.0	0	0.000992063492063	1	0.0	0	1008
0.532352941176	0.00882352941176	3	0.0	0	0.0	0	0.0	0	340
0.593959731544	0.00671140939597	2	0.0	0	0.0	0	0.0	0	298
0.513080168776	0.00590717299578	7	0.00084388185654	1	0.00084388185654	1	0.0	0	1185
0.600558659218	0.00279329608939	1	0.00558659217877	2	0.0	0	0.0	0	358
0.639344262295	0.0	0	0.0	0	0.00234192037471	1	0.0	0	427
0.53112033195	0.00622406639004	3	0.00207468879668	1	0.0	0	0.0	0	482
0.455984174085	0.00395647873393	4	0.000989119683482	1	0.0	0	0.0	0	1011
0.493975903614	0.00451807228916	3	0.00150602409639	1	0.0	0	0.0	0	664
0.613180515759	0.00286532951289	1	0.00573065902579	2	0.0	0	0.0	0	349
0.606280193237	0.0	0	0.00966183574879	4	0.0024154589372	1	0.0	0	414
0.497518610422	0.00124069478908	2	0.000620347394541	1	0.0	0	0.0	0	1612
0.545454545455	0.0	0	0.0	0	0.0	0	0.0	0	319
0.508083140878	0.00692840646651	3	0.0	0	0.00230946882217	1	0.0	0	433
0.544776119403	0.00248756218905	1	0.0	0	0.0	0	0.00248756218905	1	402
0.629343629344	0.0019305019305	1	0.003861003861	2	0.0	0	0.0	0	518
0.432452276065	0.000734214390602	1	0.00513950073421	7	0.00293685756241	4	0.000734214390602	1	1362
0.433604336043	0.0	0	0.0	0	0.0	0	0.0	0	1107
0.5	0.0114503816794	6	0.00572519083969	3	0.013358778626	7	0.0	0	524
0.509036144578	0.0	0	0.0	0	0.00301204819277	1	0.0	0	332
0.547923322684	0.0	0	0.00319488817891	2	0.0	0	0.0	0	626
0.788461538462	0.0	0	0.0	0	0.00961538461538	1	0.0	0	104
0.591981132075	0.00943396226415	4	0.0	0	0.0	0	0.0	0	424
0.568555758684	0.0018281535649	1	0.0	0	0.0	0	0.0	0	547
0.382544861338	0.00203915171289	5	0.00448613376835	11	0.0	0	0.0	0	2452
0.495145631068	0.00606796116505	5	0.00121359223301	1	0.00242718446602	2	0.0	0	824
0.544459644323	0.0	0	0.00136798905609	1	0.00136798905609	1	0.00136798905609	1	731
0.605442176871	0.00453514739229	2	0.00453514739229	2	0.0	0	0.0	0	441
0.46218487395	0.000763941940413	1	0.000763941940413	1	0.0	0	0.000763941940413	1	1309
0.615012106538	0.0	0	0.0	0	0.0	0	0.0	0	413
0.291569992266	0.0	0	0.0247486465584	32	0.0	0	0.0	0	1293
0.540935672515	0.00146198830409	1	0.00292397660819	2	0.00146198830409	1	0.0	0	684
0.394911504425	0.00110619469027	1	0.00221238938053	2	0.0	0	0.00221238938053	2	904
0.468176914779	0.00215749730313	2	0.00647249190939	6	0.00107874865156	1	0.00107874865156	1	927
0.512658227848	0.00158227848101	1	0.00158227848101	1	0.00158227848101	1	0.0	0	632
0.328752061572	0.00247388675096	9	0.00384826827927	14	0.00109950522265	4	0.000824628916987	3	3638
0.530499075786	0.00554528650647	3	0.0	0	0.0	0	0.0	0	541
0.412997903564	0.00104821802935	1	0.0	0	0.0	0	0.0	0	954
0.547854785479	0.0016501650165	1	0.0	0	0.0	0	0.0	0	606
0.45966709347	0.0	0	0.0	0	0.0	0	0.0	0	781
0.452194828623	0.00120264582081	2	0.00420926037282	7	0.000601322910403	1	0.0	0	1663
0.506447831184	0.00351699882767	3	0.00351699882767	3	0.0	0	0.0	0	853
0.539118065434	0.00142247510669	1	0.00284495021337	2	0.00142247510669	1	0.0	0	703
0.551045510455	0.0	0	0.00615006150062	5	0.0	0	0.0	0	813
0.548089591568	0.0105401844532	8	0.00790513833992	6	0.0	0	0.0	0	759
0.519073569482	0.00136239782016	1	0.00408719346049	3	0.0	0	0.0	0	734
0.61641221374	0.0	0	0.0	0	0.0	0	0.0	0	524
0.466121495327	0.00233644859813	2	0.00233644859813	2	0.0	0	0.0	0	856
0.446862996159	0.0089628681178	7	0.0128040973111	10	0.0	0	0.00128040973111	1	781
0.505800464037	0.0	0	0.00348027842227	3	0.00116009280742	1	0.0	0	862
0.529411764706	0.00420168067227	3	0.00140056022409	1	0.0	0	0.0	0	714
0.485815602837	0.0	0	0.00236406619385	2	0.00118203309693	1	0.0	0	846
0.485053037608	0.00867888138862	9	0.00192864030858	2	0.000964320154291	1	0.0	0	1037
0.522699386503	0.00245398773006	2	0.00122699386503	1	0.00368098159509	3	0.00368098159509	3	815
0.494233937397	0.00658978583196	4	0.00329489291598	2	0.0	0	0.0	0	607
0.552287581699	0.00816993464052	5	0.0	0	0.0	0	0.0	0	612
0.535	0.0116666666667	7	0.02	12	0.0	0	0.0	0	600
0.441441441441	0.0	0	0.00112612612613	1	0.0	0	0.0	0	888
0.609480812641	0.00902934537246	4	0.0	0	0.00225733634312	1	0.0	0	443
0.479151426481	0.00585223116313	8	0.00438917337235	6	0.000731528895391	1	0.0	0	1367
0.502726281352	0.00545256270447	5	0.00436205016358	4	0.0	0	0.00109051254089	1	917
0.463446475196	0.00718015665796	11	0.00065274151436	1	0.00261096605744	4	0.0	0	1532
0.488349514563	0.00485436893204	5	0.0	0	0.00194174757282	2	0.0	0	1030
0.542042042042	0.0015015015015	1	0.0	0	0.0	0	0.0	0	666
0.421235857267	0.00435161009574	5	0.000870322019147	1	0.0	0	0.0	0	1149
0.807228915663	0.0120481927711	1	0.0	0	0.0	0	0.0	0	83
0.532640949555	0.00148367952522	1	0.0	0	0.0	0	0.0	0	674
0.528781793842	0.00267737617135	2	0.0	0	0.0	0	0.0	0	747
0.5183639399	0.0025041736227	3	0.0	0	0.000834724540902	1	0.0	0	1198
0.527570789866	0.00447093889717	3	0.00447093889717	3	0.00149031296572	1	0.0	0	671
0.424396442186	0.0	0	0.0	0	0.0	0	0.0	0	1574
0.445497630332	0.00473933649289	4	0.00118483412322	1	0.00355450236967	3	0.0	0	844
0.568075117371	0.00469483568075	4	0.00352112676056	3	0.00352112676056	3	0.00234741784038	2	852
0.486033519553	0.00223463687151	2	0.00223463687151	2	0.00223463687151	2	0.0	0	895
0.476885644769	0.00729927007299	6	0.00121654501217	1	0.00121654501217	1	0.0	0	822
0.464099895942	0.00624349635796	6	0.00208116545265	2	0.00624349635796	6	0.0	0	961
0.499509322866	0.00883218842002	9	0.00294406280667	3	0.00392541707556	4	0.000981354268891	1	1019
0.440174672489	0.00524017467249	6	0.0	0	0.0	0	0.00262008733624	3	1145
0.533512064343	0.0	0	0.0	0	0.0	0	0.0	0	746
0.363069544365	0.00335731414868	7	0.00431654676259	9	0.00479616306954	10	0.000479616306954	1	2085
0.466836734694	0.0140306122449	11	0.00637755102041	5	0.00127551020408	1	0.0	0	784
0.461590754589	0.00611828687967	9	0.0	0	0.000679809653297	1	0.0	0	1471
0.458461538462	0.00102564102564	1	0.0	0	0.0	0	0.0	0	975
0.471857410882	0.00187617260788	2	0.00375234521576	4	0.00093808630394	1	0.00093808630394	1	1066
0.485191637631	0.00348432055749	4	0.00261324041812	3	0.000871080139373	1	0.0	0	1148
0.455311973019	0.00590219224283	7	0.00590219224283	7	0.0	0	0.0	0	1186
0.674486803519	0.00879765395894	3	0.0	0	0.00293255131965	1	0.0	0	341
0.501538461538	0.0123076923077	8	0.0	0	0.00153846153846	1	0.0	0	650
0.44883485309	0.00506585612969	5	0.00506585612969	5	0.00101317122594	1	0.0	0	987
0.54253611557	0.0016051364366	1	0.0016051364366	1	0.0	0	0.0	0	623
0.555900621118	0.0	0	0.0	0	0.00155279503106	1	0.0	0	644
0.502008032129	0.00267737617135	2	0.0	0	0.00133868808568	1	0.00133868808568	1	747
0.444108761329	0.00151057401813	2	0.00226586102719	3	0.000755287009063	1	0.0	0	1324
0.46129707113	0.0188284518828	18	0.00209205020921	2	0.0	0	0.0	0	956
0.329210836278	0.0017667844523	3	0.000588928150766	1	0.0017667844523	3	0.0	0	1698
0.492007104796	0.00355239786856	4	0.00621669626998	7	0.00177619893428	2	0.0	0	1126
0.578651685393	0.0	0	0.00374531835206	2	0.00187265917603	1	0.0	0	534
0.472829481574	0.00187382885696	3	0.00124921923798	2	0.000624609618988	1	0.0	0	1601
0.489685124864	0.00651465798046	6	0.00542888165038	5	0.0	0	0.00108577633008	1	921
0.468686868687	0.0020202020202	2	0.0030303030303	3	0.0	0	0.0	0	990
0.536446469248	0.00455580865604	4	0.00455580865604	4	0.0	0	0.00113895216401	1	878
0.495483870968	0.00516129032258	4	0.0	0	0.00387096774194	3	0.00387096774194	3	775
0.43027027027	0.00648648648649	6	0.00648648648649	6	0.00108108108108	1	0.0	0	925
0.504634397528	0.00514933058702	5	0.0010298661174	1	0.00308959835221	3	0.0	0	971
0.447856685861	0.000639795265515	1	0.00191938579655	3	0.00127959053103	2	0.0	0	1563
0.494769874477	0.0010460251046	1	0.00836820083682	8	0.00209205020921	2	0.0	0	956
0.41018766756	0.00446827524576	5	0.000893655049151	1	0.0017873100983	2	0.0	0	1119
0.513325608343	0.00231749710313	2	0.00231749710313	2	0.00115874855156	1	0.0	0	863
0.445714285714	0.00571428571429	8	0.005	7	0.00142857142857	2	0.0	0	1400
0.54	0.0	0	0.006	3	0.0	0	0.002	1	500
0.473950795948	0.00361794500724	5	0.00144717800289	2	0.000723589001447	1	0.0	0	1382
0.455486542443	0.00621118012422	3	0.0	0	0.0	0	0.0	0	483
0.50822122571	0.00448430493274	3	0.0119581464873	8	0.00597907324365	4	0.0	0	669
0.455631399317	0.00398179749716	7	0.0	0	0.000568828213879	1	0.0	0	1758
0.48668503214	0.00275482093664	3	0.000918273645546	1	0.0	0	0.000918273645546	1	1089
0.472251308901	0.00732984293194	7	0.0	0	0.0020942408377	2	0.00104712041885	1	955
0.501611170784	0.00214822771214	2	0.00429645542427	4	0.0	0	0.00107411385607	1	931
0.461980830671	0.0038338658147	6	0.0	0	0.0	0	0.0	0	1565
0.408633093525	0.0	0	0.00359712230216	5	0.0	0	0.0	0	1390
0.449944994499	0.00550055005501	5	0.001100110011	1	0.002200220022	2	0.003300330033	3	909
0.511978704525	0.00532386867791	6	0.0	0	0.0	0	0.0	0	1127
0.220041753653	0.00167014613779	8	0.000835073068894	4	0.000208768267223	1	0.0	0	4790
0.521203830369	0.00547195622435	4	0.0	0	0.00547195622435	4	0.0	0	731
0.545839210155	0.00423131170663	3	0.0	0	0.00141043723554	1	0.00141043723554	1	709
0.46499339498	0.00132100396301	1	0.0	0	0.0	0	0.00132100396301	1	757
0.319530963723	0.00403078050568	11	0.0014657383657	4	0.000732869182851	2	0.000366434591425	1	2729
0.199400898652	0.00149775336995	15	0.000698951572641	7	0.000698951572641	7	0.0	0	10015
0.505035971223	0.00287769784173	2	0.00143884892086	1	0.0	0	0.00287769784173	2	695
0.503436426117	0.00171821305842	1	0.0	0	0.0	0	0.0	0	582
0.497637795276	0.00314960629921	2	0.00157480314961	1	0.00157480314961	1	0.0	0	635
0.615571776156	0.00243309002433	1	0.0	0	0.0	0	0.0	0	411
0.602836879433	0.00236406619385	1	0.0	0	0.0	0	0.0	0	423
0.612535612536	0.0	0	0.002849002849	1	0.0	0	0.0	0	351
0.57268722467	0.00440528634361	2	0.0	0	0.00220264317181	1	0.00220264317181	1	454
0.571171171171	0.00720720720721	4	0.0036036036036	2	0.0018018018018	1	0.0	0	555
0.606598984772	0.00507614213198	2	0.0	0	0.0	0	0.0	0	394
0.5546875	0.00390625	2	0.0	0	0.00390625	2	0.00390625	2	512
0.451895043732	0.00583090379009	6	0.00291545189504	3	0.00583090379009	6	0.0	0	1029
0.656441717791	0.00613496932515	2	0.0	0	0.0	0	0.0	0	326
0.450980392157	0.00490196078431	4	0.0	0	0.00122549019608	1	0.00122549019608	1	816
0.557281553398	0.00970873786408	5	0.0	0	0.00194174757282	1	0.0	0	515
0.461200585652	0.00732064421669	5	0.0	0	0.00146412884334	1	0.0	0	683
0.548507462687	0.00497512437811	4	0.0	0	0.0	0	0.0	0	804
0.550755939525	0.00431965442765	2	0.00215982721382	1	0.00215982721382	1	0.0	0	463
0.457675753228	0.00430416068867	3	0.00430416068867	3	0.00143472022956	1	0.00286944045911	2	697
0.552212389381	0.00530973451327	3	0.00353982300885	2	0.0	0	0.0	0	565
0.496344435418	0.000812347684809	1	0.00162469536962	2	0.0	0	0.00568643379366	7	1231
0.561565017261	0.00345224395857	3	0.00690448791715	6	0.00115074798619	1	0.0	0	869
0.478922716628	0.00117096018735	1	0.0	0	0.0	0	0.0	0	854
0.493430656934	0.0043795620438	3	0.0014598540146	1	0.0	0	0.0	0	685
0.472885032538	0.00325379609544	3	0.00108459869848	1	0.0	0	0.0	0	922
0.638141809291	0.00977995110024	4	0.00244498777506	1	0.00244498777506	1	0.0	0	409
0.434331797235	0.00230414746544	2	0.0	0	0.00115207373272	1	0.0	0	868
0.578008915305	0.0104011887073	7	0.0	0	0.0	0	0.00148588410104	1	673
0.538211382114	0.00325203252033	2	0.00325203252033	2	0.00162601626016	1	0.0	0	615
0.532258064516	0.00293255131965	2	0.0	0	0.0	0	0.0	0	682
0.512616201859	0.0106241699867	8	0.0	0	0.0	0	0.00132802124834	1	753
0.554347826087	0.018115942029	5	0.0	0	0.0	0	0.0	0	276
0.542105263158	0.00526315789474	3	0.00175438596491	1	0.0	0	0.00175438596491	1	570
0.539944903581	0.0220385674931	8	0.0	0	0.0	0	0.0	0	363
0.463865546218	0.00336134453782	2	0.00168067226891	1	0.0	0	0.0	0	595
0.524809160305	0.00954198473282	5	0.0	0	0.0	0	0.0	0	524
0.502433090024	0.00121654501217	1	0.00729927007299	6	0.00608272506083	5	0.0	0	822
0.399213372665	0.0127826941986	13	0.00294985250737	3	0.0	0	0.00294985250737	3	1017
0.455238095238	0.000952380952381	1	0.000952380952381	1	0.000952380952381	1	0.000952380952381	1	1050
0.455331412104	0.0028818443804	2	0.0	0	0.0	0	0.0	0	694
0.53957996769	0.0016155088853	1	0.0	0	0.0	0	0.0	0	619
0.545023696682	0.0118483412322	5	0.00473933649289	2	0.00236966824645	1	0.0	0	422
0.574183976261	0.00296735905045	2	0.0	0	0.0	0	0.0	0	674
0.55291005291	0.0026455026455	2	0.00529100529101	4	0.0026455026455	2	0.0	0	756
0.468202764977	0.0119815668203	13	0.0	0	0.0	0	0.000921658986175	1	1085
0.566615620214	0.0	0	0.00153139356815	1	0.0	0	0.0	0	653
0.526223776224	0.00874125874126	5	0.00524475524476	3	0.0	0	0.0	0	572
0.538090646095	0.00482160077146	5	0.00289296046287	3	0.000964320154291	1	0.0	0	1037
0.564814814815	0.0	0	0.0	0	0.0	0	0.0	0	324
0.6	0.0	0	0.008	2	0.0	0	0.0	0	250
0.647519582245	0.00261096605744	1	0.00261096605744	1	0.0	0	0.0	0	383
0.582867783985	0.00186219739292	1	0.0111731843575	6	0.00186219739292	1	0.0	0	537
0.577966101695	0.00169491525424	1	0.00338983050847	2	0.0	0	0.0	0	590
0.478461538462	0.00769230769231	5	0.00153846153846	1	0.00307692307692	2	0.0	0	650
0.519956850054	0.00862998921251	8	0.00862998921251	8	0.0	0	0.0	0	927
0.611111111111	0.0252525252525	5	0.0	0	0.0	0	0.0	0	198
0.468335787923	0.00515463917526	7	0.00220913107511	3	0.0	0	0.0	0	1358
0.621890547264	0.0	0	0.00497512437811	1	0.0	0	0.0	0	201
0.614785992218	0.0	0	0.0	0	0.0	0	0.00194552529183	1	514
0.49247311828	0.00430107526882	2	0.0	0	0.0	0	0.00215053763441	1	465
0.596306068602	0.00527704485488	2	0.00263852242744	1	0.0	0	0.00263852242744	1	379
0.577049180328	0.0016393442623	1	0.00491803278689	3	0.00327868852459	2	0.0	0	610
0.492917847025	0.0070821529745	5	0.0014164305949	1	0.0014164305949	1	0.0	0	706
0.524786324786	0.0034188034188	2	0.0017094017094	1	0.0	0	0.0	0	585
0.500638569604	0.00766283524904	6	0.00383141762452	3	0.00255427841635	2	0.00127713920817	1	783
0.543343653251	0.0108359133127	7	0.0	0	0.0	0	0.0	0	646
0.529284164859	0.0	0	0.0	0	0.00216919739696	1	0.0	0	461
0.578431372549	0.00980392156863	3	0.0	0	0.00326797385621	1	0.00326797385621	1	306
0.521084337349	0.00451807228916	3	0.0	0	0.0	0	0.0	0	664
0.537712895377	0.0	0	0.0	0	0.0	0	0.0	0	411
0.565121412804	0.0	0	0.00220750551876	1	0.0	0	0.0	0	453
0.578389830508	0.0	0	0.0	0	0.0021186440678	1	0.0	0	472
0.557281553398	0.00194174757282	1	0.00194174757282	1	0.0	0	0.0	0	515
0.500732064422	0.01317715959	9	0.0	0	0.0	0	0.0	0	683
0.591379310345	0.00344827586207	2	0.0	0	0.0	0	0.0	0	580
0.651428571429	0.0114285714286	2	0.0	0	0.0	0	0.0	0	175
0.526431718062	0.0176211453744	8	0.00440528634361	2	0.0	0	0.0	0	454
0.540334855403	0.00152207001522	1	0.00608828006088	4	0.00304414003044	2	0.0	0	657
0.479608482871	0.00652528548124	4	0.00815660685155	5	0.0	0	0.0	0	613
0.522483940043	0.00428265524625	2	0.0	0	0.0	0	0.0	0	467
0.500758725341	0.00758725341426	5	0.0	0	0.0	0	0.00151745068285	1	659
0.571428571429	0.0163265306122	4	0.0	0	0.0	0	0.0	0	245
0.537940379404	0.00271002710027	2	0.00542005420054	4	0.0	0	0.0	0	738
0.625683060109	0.00546448087432	2	0.00273224043716	1	0.00273224043716	1	0.0	0	366
0.541950113379	0.00226757369615	1	0.0	0	0.0	0	0.0	0	441
0.512960436562	0.00136425648022	1	0.00136425648022	1	0.0	0	0.0	0	733
0.565743944637	0.00346020761246	2	0.00173010380623	1	0.00519031141869	3	0.00173010380623	1	578
0.411536328342	0.00332778702163	6	0.00166389351082	3	0.000554631170272	1	0.000554631170272	1	1803
0.584415584416	0.0	0	0.0	0	0.0	0	0.0	0	539
0.619937694704	0.00311526479751	1	0.0	0	0.0	0	0.0	0	321
0.510328997705	0.00229533282326	3	0.0	0	0.000765110941086	1	0.0	0	1307
0.406374501992	0.0066401062417	5	0.00398406374502	3	0.0	0	0.0	0	753
0.52099533437	0.00622083981337	4	0.00155520995334	1	0.00622083981337	4	0.0	0	643
0.586206896552	0.00431034482759	2	0.00215517241379	1	0.0	0	0.0	0	464
0.485896269336	0.00272975432211	3	0.00181983621474	2	0.00090991810737	1	0.0	0	1099
0.52380952381	0.0	0	0.0	0	0.0	0	0.0	0	420
0.430141287284	0.0298273155416	19	0.0094191522763	6	0.0	0	0.0	0	637
0.602209944751	0.0193370165746	7	0.0	0	0.0	0	0.0	0	362
0.611940298507	0.0	0	0.00597014925373	2	0.0	0	0.0	0	335
0.599542334096	0.0045766590389	2	0.0114416475973	5	0.00228832951945	1	0.0	0	437
0.576923076923	0.00732600732601	4	0.003663003663	2	0.0	0	0.0	0	546
0.594170403587	0.00224215246637	1	0.00224215246637	1	0.0067264573991	3	0.0	0	446
0.39592760181	0.00565610859729	5	0.00678733031674	6	0.00113122171946	1	0.0	0	884
0.519832985386	0.00417536534447	2	0.0	0	0.0	0	0.0	0	479
0.748251748252	0.0	0	0.0	0	0.0	0	0.0	0	143
0.557471264368	0.00191570881226	1	0.0	0	0.0	0	0.0	0	522
0.556060606061	0.00454545454545	3	0.0030303030303	2	0.0	0	0.0	0	660
0.642468239564	0.00181488203267	1	0.00181488203267	1	0.00181488203267	1	0.0	0	551
0.51526032316	0.00538599640934	3	0.0	0	0.0	0	0.0	0	557
0.530837004405	0.0	0	0.00220264317181	1	0.0	0	0.0	0	454
0.600364963504	0.00547445255474	3	0.0	0	0.0	0	0.00547445255474	3	548
0.448175182482	0.0043795620438	3	0.0029197080292	2	0.0	0	0.0	0	685
0.494545454545	0.00181818181818	1	0.00545454545455	3	0.0	0	0.0	0	550
0.653225806452	0.0	0	0.0	0	0.0	0	0.00403225806452	1	248
0.661184210526	0.0	0	0.00986842105263	3	0.0	0	0.0	0	304
0.581447963801	0.00226244343891	1	0.0135746606335	6	0.00226244343891	1	0.00226244343891	1	442
0.504145936982	0.0016583747927	1	0.0016583747927	1	0.0	0	0.0	0	603
0.525423728814	0.00677966101695	4	0.00338983050847	2	0.0	0	0.0	0	590
0.551971326165	0.00179211469534	1	0.0	0	0.0	0	0.0	0	558
0.584686774942	0.00232018561485	1	0.00232018561485	1	0.0046403712297	2	0.0	0	431
0.464039408867	0.0	0	0.00295566502463	3	0.000985221674877	1	0.0	0	1015
0.484240687679	0.000955109837631	1	0.00191021967526	2	0.0	0	0.0	0	1047
0.547339945897	0.0171325518485	19	0.00180342651037	2	0.000901713255185	1	0.0	0	1109
0.513100436681	0.0	0	0.0	0	0.0	0	0.0	0	458
0.543634907926	0.00480384307446	6	0.00240192153723	3	0.00080064051241	1	0.00240192153723	3	1249
0.4896073903	0.00923787528868	4	0.00230946882217	1	0.00230946882217	1	0.0	0	433
0.598039215686	0.00653594771242	2	0.00326797385621	1	0.0	0	0.0	0	306
0.592427616927	0.00890868596882	4	0.0	0	0.0	0	0.0	0	449
0.531722054381	0.0	0	0.0	0	0.0	0	0.0	0	331
0.585858585859	0.0040404040404	2	0.0020202020202	1	0.0	0	0.0	0	495
0.57	0.0	0	0.0	0	0.0	0	0.00333333333333	1	300
0.496192893401	0.00253807106599	2	0.00507614213198	4	0.00126903553299	1	0.0	0	788
0.509505703422	0.0	0	0.0	0	0.0	0	0.0	0	526
0.462343096234	0.0167364016736	8	0.00209205020921	1	0.00418410041841	2	0.0	0	478
0.680194805195	0.00649350649351	4	0.00649350649351	4	0.0	0	0.0	0	616
0.564784053156	0.0	0	0.00110741971207	1	0.00110741971207	1	0.0	0	903
0.47866419295	0.0111317254174	6	0.00185528756957	1	0.0	0	0.0	0	539
0.496087636933	0.00312989045383	2	0.0	0	0.00156494522692	1	0.0	0	639
0.494983277592	0.00167224080268	2	0.0	0	0.0	0	0.0	0	1196
0.458511548332	0.00256629597947	3	0.00513259195894	6	0.000855431993157	1	0.00171086398631	2	1169
0.526411657559	0.00364298724954	2	0.00182149362477	1	0.0	0	0.0	0	549
0.509708737864	0.00323624595469	2	0.00323624595469	2	0.00161812297735	1	0.00161812297735	1	618
0.489795918367	0.0	0	0.0	0	0.0	0	0.0	0	539
0.521158129176	0.0	0	0.0	0	0.0	0	0.0	0	449
0.445349626612	0.0020366598778	3	0.0	0	0.00271554650373	4	0.0	0	1473
0.533472803347	0.00209205020921	1	0.0	0	0.00418410041841	2	0.0	0	478
0.48097412481	0.00456621004566	3	0.00304414003044	2	0.0	0	0.0	0	657
0.526402640264	0.0	0	0.0016501650165	1	0.0	0	0.0	0	606
0.498929336188	0.0	0	0.0	0	0.0	0	0.00428265524625	2	467
0.498188405797	0.0018115942029	1	0.0054347826087	3	0.0	0	0.0	0	552
0.476712328767	0.0164383561644	6	0.0	0	0.00821917808219	3	0.0	0	365
0.459909228442	0.00151285930408	1	0.00302571860817	2	0.00756429652042	5	0.0	0	661
0.533602150538	0.00268817204301	2	0.00403225806452	3	0.0	0	0.0	0	744
0.486902927581	0.0	0	0.0	0	0.0	0	0.00308166409861	2	649
0.437047756874	0.00434153400868	3	0.0	0	0.0	0	0.0	0	691
0.498015873016	0.00892857142857	9	0.00396825396825	4	0.000992063492063	1	0.00595238095238	6	1008
0.501706484642	0.0	0	0.00227531285552	2	0.0	0	0.0	0	879
0.545833333333	0.00138888888889	1	0.00416666666667	3	0.0	0	0.0	0	720
0.486761710794	0.0040733197556	2	0.0040733197556	2	0.0020366598778	1	0.0	0	491
0.441056910569	0.0	0	0.0	0	0.0020325203252	1	0.00406504065041	2	492
0.529032258065	0.00322580645161	1	0.0	0	0.0	0	0.0	0	310
0.449438202247	0.00187265917603	1	0.00561797752809	3	0.0	0	0.0	0	534
0.530655391121	0.00211416490486	1	0.00422832980973	2	0.0	0	0.0	0	473
0.660508083141	0.0	0	0.00230946882217	1	0.0	0	0.0	0	433
0.539867109635	0.00498338870432	3	0.00332225913621	2	0.0	0	0.00166112956811	1	602
0.527027027027	0.0	0	0.0	0	0.0	0	0.0	0	444
0.456299659478	0.0272417707151	24	0.00340522133939	3	0.00454029511918	4	0.0	0	881
0.496798975672	0.00512163892446	4	0.00256081946223	2	0.00128040973111	1	0.0	0	781
0.454689984102	0.00476947535771	3	0.00158982511924	1	0.00158982511924	1	0.0	0	629
0.414565826331	0.00373482726424	4	0.00280112044818	3	0.0	0	0.0	0	1071
0.60736196319	0.0040899795501	2	0.0	0	0.0	0	0.0	0	489
0.463917525773	0.0020618556701	1	0.0	0	0.0	0	0.0	0	485
0.54501216545	0.00486618004866	2	0.00243309002433	1	0.0	0	0.0	0	411
0.421956684093	0.00149365197909	2	0.000746825989544	1	0.00149365197909	2	0.000746825989544	1	1339
0.479131886477	0.00333889816361	2	0.0	0	0.0016694490818	1	0.0	0	599
0.636363636364	0.0	0	0.0030303030303	1	0.0	0	0.0	0	330
0.566820276498	0.00691244239631	3	0.0	0	0.00230414746544	1	0.00230414746544	1	434
0.452411994785	0.00521512385919	4	0.0013037809648	1	0.0013037809648	1	0.0013037809648	1	767
0.575471698113	0.00314465408805	1	0.00314465408805	1	0.0	0	0.0	0	318
0.399739583333	0.00260416666667	2	0.00130208333333	1	0.00260416666667	2	0.0	0	768
0.512232415902	0.0045871559633	3	0.00152905198777	1	0.0	0	0.00152905198777	1	654
0.427664974619	0.00253807106599	2	0.00126903553299	1	0.00126903553299	1	0.0	0	788
0.563884156729	0.00170357751278	1	0.0	0	0.0	0	0.00170357751278	1	587
0.498392282958	0.0016077170418	1	0.0032154340836	2	0.0016077170418	1	0.0016077170418	1	622
0.453539823009	0.00884955752212	8	0.00110619469027	1	0.00110619469027	1	0.00110619469027	1	904
0.473170731707	0.00390243902439	4	0.0019512195122	2	0.000975609756098	1	0.0	0	1025
0.52296819788	0.0017667844523	1	0.0	0	0.0	0	0.0	0	566
0.443786982249	0.00591715976331	4	0.00591715976331	4	0.0	0	0.0	0	676
0.483002832861	0.0042492917847	3	0.0028328611898	2	0.0014164305949	1	0.0014164305949	1	706
0.573275862069	0.0014367816092	1	0.0	0	0.00431034482759	3	0.0	0	696
0.515037593985	0.0093984962406	5	0.0	0	0.0	0	0.0	0	532
0.527182866557	0.00164744645799	1	0.00164744645799	1	0.0	0	0.0	0	607
0.559895833333	0.015625	6	0.0	0	0.0	0	0.0	0	384
0.391964285714	0.00178571428571	2	0.00178571428571	2	0.00178571428571	2	0.00178571428571	2	1120
0.532513181019	0.00878734622144	5	0.0	0	0.00175746924429	1	0.0	0	569
0.479007633588	0.00190839694656	1	0.0	0	0.00381679389313	2	0.00190839694656	1	524
0.572429906542	0.00467289719626	4	0.0035046728972	3	0.00116822429907	1	0.0	0	856
0.513033175355	0.00118483412322	1	0.00355450236967	3	0.00118483412322	1	0.0	0	844
0.589984350548	0.00469483568075	3	0.0	0	0.00156494522692	1	0.0	0	639
0.529874213836	0.0	0	0.0	0	0.00157232704403	1	0.0	0	636
0.603221083455	0.00146412884334	1	0.0	0	0.00146412884334	1	0.0	0	683
0.54004576659	0.0	0	0.00228832951945	1	0.0	0	0.0	0	437
0.53137254902	0.00588235294118	3	0.0	0	0.0	0	0.0	0	510
0.509541984733	0.00190839694656	2	0.00190839694656	2	0.0	0	0.0	0	1048
0.556603773585	0.00404312668464	3	0.00269541778976	2	0.00404312668464	3	0.0	0	742
0.47514619883	0.00146198830409	1	0.0	0	0.00292397660819	2	0.0	0	684
0.524752475248	0.002828854314	2	0.004243281471	3	0.001414427157	1	0.0	0	707
0.542264752791	0.0	0	0.0	0	0.0	0	0.0	0	627
0.463842975207	0.00619834710744	6	0.0	0	0.00206611570248	2	0.0	0	968
0.406496062992	0.00492125984252	5	0.000984251968504	1	0.0	0	0.00196850393701	2	1016
0.576763485477	0.0	0	0.0	0	0.0	0	0.0	0	241
0.452760736196	0.00122699386503	1	0.00122699386503	1	0.00122699386503	1	0.0	0	815
0.466321243523	0.00103626943005	1	0.00621761658031	6	0.0	0	0.00103626943005	1	965
0.448504983389	0.0132890365449	8	0.0	0	0.00166112956811	1	0.0	0	602
0.536745406824	0.00131233595801	1	0.0	0	0.0	0	0.0	0	762
0.461300309598	0.0046439628483	3	0.0015479876161	1	0.0046439628483	3	0.0015479876161	1	646
0.537769784173	0.0	0	0.00359712230216	2	0.00179856115108	1	0.00179856115108	1	556
0.529227557411	0.0	0	0.0	0	0.00417536534447	4	0.0	0	958
0.524590163934	0.00819672131148	4	0.0	0	0.00614754098361	3	0.00204918032787	1	488
0.589430894309	0.00813008130081	2	0.0	0	0.0	0	0.0	0	246
0.327950310559	0.00372670807453	3	0.00621118012422	5	0.0111801242236	9	0.0	0	805
0.6625	0.0	0	0.0	0	0.0	0	0.0	0	160
0.504514672686	0.0	0	0.0	0	0.00112866817156	1	0.00112866817156	1	886
0.506456241033	0.00286944045911	2	0.00143472022956	1	0.0	0	0.0	0	697
0.464223385689	0.00174520069808	1	0.0	0	0.00174520069808	1	0.00174520069808	1	573
0.453996983409	0.00150829562594	1	0.00301659125189	2	0.0	0	0.0	0	663
0.571428571429	0.00396825396825	1	0.0	0	0.0	0	0.0	0	252
0.578521939954	0.00115473441109	1	0.0	0	0.00115473441109	1	0.0	0	866
0.4375	0.00132978723404	1	0.00265957446809	2	0.00132978723404	1	0.00132978723404	1	752
0.512014787431	0.0	0	0.0	0	0.00554528650647	3	0.0	0	541
0.519274376417	0.00907029478458	4	0.0	0	0.00226757369615	1	0.0	0	441
0.45145631068	0.00485436893204	3	0.00323624595469	2	0.0129449838188	8	0.00161812297735	1	618
0.494752623688	0.00599700149925	4	0.00149925037481	1	0.00299850074963	2	0.0	0	667
0.557065217391	0.00271739130435	1	0.00271739130435	1	0.00271739130435	1	0.0	0	368
0.315336204041	0.00861212321961	26	0.00264988406757	8	0.00132494203379	4	0.000331235508447	1	3019
0.457076566125	0.0046403712297	4	0.0	0	0.00116009280742	1	0.0	0	862
0.528606965174	0.00621890547264	5	0.00248756218905	2	0.0	0	0.0	0	804
0.55900621118	0.00372670807453	3	0.00745341614907	6	0.00621118012422	5	0.0	0	805
0.410806809771	0.00444115470022	6	0.00518134715026	7	0.0	0	0.0	0	1351
0.415487094088	0.00416319733555	5	0.00666111573689	8	0.0	0	0.0	0	1201
0.537463976945	0.0014409221902	1	0.0	0	0.0	0	0.0	0	694
0.510540788268	0.00274977085243	3	0.00183318056829	2	0.000916590284143	1	0.000916590284143	1	1091
0.416822429907	0.0018691588785	2	0.0	0	0.0018691588785	2	0.0	0	1070
0.581989247312	0.00403225806452	3	0.00268817204301	2	0.0	0	0.0	0	744
0.503448275862	0.00591133004926	6	0.0	0	0.0	0	0.0	0	1015
0.27059480592	0.00390952247975	14	0.000558503211393	2	0.0170343479475	61	0.00251326445127	9	3581
0.286549707602	0.00844704353476	26	0.000649772579597	2	0.0	0	0.000974658869396	3	3078
0.558475689882	0.0	0	0.00262812089356	2	0.0	0	0.0	0	761
0.518758085382	0.0	0	0.0	0	0.0012936610608	1	0.0	0	773
0.488842398884	0.00418410041841	6	0.00906555090656	13	0.00139470013947	2	0.0	0	1434
0.516351118761	0.00344234079174	2	0.0	0	0.0	0	0.0	0	581
0.554389312977	0.0	0	0.000954198473282	1	0.0	0	0.0	0	1048
0.530726256983	0.00558659217877	4	0.0	0	0.0	0	0.00279329608939	2	716
0.604961832061	0.0	0	0.00190839694656	1	0.0	0	0.0	0	524
0.551301684533	0.00153139356815	1	0.00153139356815	1	0.00153139356815	1	0.0	0	653
0.559800664452	0.00332225913621	2	0.0	0	0.00166112956811	1	0.00332225913621	2	602
0.496655518395	0.00167224080268	1	0.0	0	0.0	0	0.0	0	598
0.495815899582	0.00418410041841	2	0.0	0	0.0	0	0.00418410041841	2	478
0.540845070423	0.0018779342723	2	0.00093896713615	1	0.00093896713615	1	0.0018779342723	2	1065
0.589430894309	0.0	0	0.0142276422764	7	0.0	0	0.0	0	492
0.460721868365	0.0	0	0.00849256900212	4	0.0	0	0.0	0	471
0.443324937028	0.00251889168766	3	0.00251889168766	3	0.0	0	0.0016792611251	2	1191
0.470692717584	0.00355239786856	2	0.00355239786856	2	0.0	0	0.0	0	563
0.463040446304	0.00557880055788	4	0.00278940027894	2	0.0	0	0.0	0	717
0.599397590361	0.00301204819277	1	0.0	0	0.0	0	0.00301204819277	1	332
0.559322033898	0.00423728813559	2	0.0021186440678	1	0.00423728813559	2	0.0	0	472
0.531172069825	0.00498753117207	2	0.0	0	0.0	0	0.0	0	401
0.545219638243	0.0129198966408	5	0.0	0	0.0	0	0.0	0	387
0.671826625387	0.0	0	0.0030959752322	1	0.0	0	0.0	0	323
0.495535714286	0.0	0	0.0014880952381	1	0.0	0	0.0	0	672
0.566326530612	0.00170068027211	1	0.0	0	0.0	0	0.0	0	588
0.555865921788	0.0	0	0.0	0	0.0	0	0.0	0	716
0.524934383202	0.010498687664	4	0.0	0	0.0	0	0.0	0	381
0.496993987976	0.00400801603206	2	0.0	0	0.00200400801603	1	0.0	0	499
0.476600985222	0.0012315270936	1	0.00492610837438	4	0.0	0	0.0012315270936	1	812
0.357690041249	0.00235710076606	4	0.00117855038303	2	0.00117855038303	2	0.00117855038303	2	1697
0.484560570071	0.00593824228029	5	0.00712589073634	6	0.0	0	0.00118764845606	1	842
0.475100942127	0.00538358008075	4	0.0	0	0.0	0	0.00134589502019	1	743
0.454113924051	0.00474683544304	3	0.0	0	0.00158227848101	1	0.0	0	632
0.491369390104	0.00230149597238	2	0.00230149597238	2	0.00345224395857	3	0.0	0	869
0.568098159509	0.00122699386503	1	0.0	0	0.0	0	0.0	0	815
0.534351145038	0.00636132315522	5	0.00254452926209	2	0.00254452926209	2	0.0	0	786
0.513033175355	0.00473933649289	4	0.00118483412322	1	0.00236966824645	2	0.0	0	844
0.526717557252	0.00152671755725	1	0.0	0	0.0	0	0.0	0	655
0.501149425287	0.00459770114943	4	0.0	0	0.0	0	0.0	0	870
0.500701262272	0.00140252454418	1	0.00140252454418	1	0.0	0	0.00140252454418	1	713
0.469597069597	0.000732600732601	1	0.003663003663	5	0.000732600732601	1	0.0	0	1365
0.676056338028	0.00352112676056	1	0.0	0	0.0	0	0.0	0	284
0.533210332103	0.000922509225092	1	0.000922509225092	1	0.0	0	0.0	0	1084
0.52734375	0.01171875	3	0.0	0	0.0	0	0.00390625	1	256
0.410819949281	0.0101437024514	12	0.0	0	0.0	0	0.0	0	1183
0.557142857143	0.0	0	0.0	0	0.0	0	0.0	0	490
0.51273344652	0.00339558573854	2	0.0	0	0.0	0	0.00339558573854	2	589
0.52743902439	0.0	0	0.0	0	0.0	0	0.0	0	328
0.603125	0.003125	2	0.0046875	3	0.0	0	0.0	0	640
0.589393939394	0.00606060606061	4	0.0	0	0.0	0	0.0	0	660
0.554592720971	0.00173310225303	1	0.0051993067591	3	0.0	0	0.0	0	577
0.505813953488	0.0	0	0.0	0	0.00581395348837	2	0.0	0	344
0.493644067797	0.00423728813559	2	0.00847457627119	4	0.0021186440678	1	0.0	0	472
0.564516129032	0.00230414746544	1	0.00230414746544	1	0.0	0	0.0	0	434
0.471741637832	0.00230680507497	2	0.00115340253749	1	0.00230680507497	2	0.0	0	867
0.483546617916	0.00091407678245	1	0.0	0	0.00091407678245	1	0.00091407678245	1	1094
0.538598047915	0.00443655723159	5	0.00532386867791	6	0.000887311446318	1	0.0	0	1127
0.453383458647	0.00225563909774	3	0.0015037593985	2	0.0015037593985	2	0.0	0	1330
0.707317073171	0.00406504065041	1	0.0	0	0.0	0	0.0	0	246
0.525839793282	0.00258397932817	2	0.00258397932817	2	0.0	0	0.0	0	774
0.632653061224	0.0174927113703	6	0.0	0	0.0	0	0.0	0	343
0.425506555423	0.00715137067938	6	0.00119189511323	1	0.0	0	0.0	0	839
0.546617915905	0.0036563071298	2	0.0018281535649	1	0.0	0	0.0	0	547
0.537931034483	0.0	0	0.00229885057471	1	0.0	0	0.00229885057471	1	435
0.456878850103	0.00205338809035	2	0.00205338809035	2	0.00308008213552	3	0.0	0	974
0.572695035461	0.00531914893617	3	0.00354609929078	2	0.00177304964539	1	0.0	0	564
0.530708661417	0.000787401574803	1	0.00236220472441	3	0.0	0	0.0	0	1270
0.484485190409	0.00141043723554	2	0.00211565585331	3	0.000705218617772	1	0.000705218617772	1	1418
0.527245949926	0.00441826215022	3	0.00147275405007	1	0.0	0	0.0	0	679
0.490445859873	0.00212314225053	1	0.0	0	0.0	0	0.0	0	471
0.730994152047	0.00584795321637	1	0.0	0	0.0	0	0.0	0	171
0.537360890302	0.0	0	0.0	0	0.0	0	0.0	0	629
