0.613756613757	0.0026455026455	1	0.00793650793651	3	0.0	0	0.0	0	378
0.605744125326	0.00261096605744	1	0.0	0	0.0	0	0.0	0	383
0.617903930131	0.00218340611354	1	0.00218340611354	1	0.0	0	0.0	0	458
0.411036616813	0.00979886539453	19	0.00876740587932	17	0.00103145951521	2	0.00206291903043	4	1939
0.508495145631	0.00121359223301	1	0.0109223300971	9	0.0	0	0.0	0	824
0.479274611399	0.00949913644214	11	0.00259067357513	3	0.00259067357513	3	0.0	0	1158
0.435497835498	0.00779220779221	9	0.0017316017316	2	0.0034632034632	4	0.0	0	1155
0.48381294964	0.0179856115108	10	0.0	0	0.00539568345324	3	0.00179856115108	1	556
0.653992395437	0.0	0	0.00380228136882	1	0.0	0	0.0	0	263
0.49823943662	0.00528169014085	3	0.0	0	0.00352112676056	2	0.0	0	568
0.569721115538	0.0	0	0.0	0	0.0	0	0.0	0	502
0.752577319588	0.0	0	0.0	0	0.0	0	0.0	0	97
0.519524617997	0.00339558573854	2	0.00679117147708	4	0.00679117147708	4	0.00169779286927	1	589
0.511053315995	0.0130039011704	10	0.00130039011704	1	0.00130039011704	1	0.00130039011704	1	769
0.543057996485	0.00175746924429	1	0.00702987697715	4	0.0	0	0.0	0	569
0.38237384506	0.00284292821606	4	0.00142146410803	2	0.00355366027008	5	0.0	0	1407
0.512237762238	0.0	0	0.0	0	0.0	0	0.00174825174825	1	572
0.569014084507	0.00845070422535	3	0.0	0	0.0	0	0.0	0	355
0.665289256198	0.0	0	0.00413223140496	1	0.00413223140496	1	0.0	0	242
0.574209245742	0.00486618004866	2	0.00729927007299	3	0.0	0	0.00243309002433	1	411
0.645	0.0	0	0.0	0	0.0	0	0.0	0	200
0.482532751092	0.00218340611354	2	0.00109170305677	1	0.00109170305677	1	0.00327510917031	3	916
0.652694610778	0.00299401197605	1	0.0059880239521	2	0.0	0	0.00299401197605	1	334
0.72049689441	0.0	0	0.0	0	0.0	0	0.0	0	161
0.510083036773	0.0	0	0.0011862396204	1	0.0	0	0.0	0	843
0.481682496608	0.00135685210312	1	0.00135685210312	1	0.0	0	0.0	0	737
0.632575757576	0.0	0	0.0	0	0.0	0	0.0	0	264
0.488573680063	0.00551615445232	7	0.00394011032309	5	0.000788022064618	1	0.0	0	1269
0.673596673597	0.004158004158	2	0.0	0	0.0	0	0.0	0	481
0.636655948553	0.0096463022508	3	0.0	0	0.0	0	0.0	0	311
0.514742014742	0.002457002457	2	0.0012285012285	1	0.0012285012285	1	0.002457002457	2	814
0.614785992218	0.0	0	0.00778210116732	2	0.00389105058366	1	0.0	0	257
0.718562874251	0.0	0	0.0	0	0.0	0	0.0	0	167
0.775510204082	0.00680272108844	1	0.0	0	0.00680272108844	1	0.0	0	147
0.616236162362	0.00738007380074	2	0.00369003690037	1	0.0	0	0.0	0	271
0.498253783469	0.0069848661234	6	0.0011641443539	1	0.0011641443539	1	0.0	0	859
0.504780114723	0.000956022944551	1	0.0	0	0.000956022944551	1	0.0	0	1046
0.498027613412	0.00197238658777	2	0.00394477317554	4	0.000986193293886	1	0.0	0	1014
0.497023809524	0.0	0	0.00595238095238	4	0.0014880952381	1	0.0	0	672
0.552278820375	0.00536193029491	2	0.00536193029491	2	0.00268096514745	1	0.0	0	373
0.497395833333	0.00520833333333	4	0.00260416666667	2	0.0	0	0.00130208333333	1	768
0.472885032538	0.00216919739696	2	0.00542299349241	5	0.00542299349241	5	0.0	0	922
0.675182481752	0.0	0	0.0036496350365	1	0.0	0	0.0	0	274
0.46963562753	0.0	0	0.00202429149798	1	0.0	0	0.00202429149798	1	494
0.53717472119	0.00371747211896	2	0.0	0	0.0	0	0.0	0	538
0.484517304189	0.0	0	0.0	0	0.0	0	0.0	0	549
0.547212741752	0.00227531285552	2	0.00113765642776	1	0.0	0	0.0	0	879
0.700564971751	0.0	0	0.0	0	0.00564971751412	1	0.0	0	177
0.580530973451	0.0	0	0.00176991150442	1	0.00176991150442	1	0.0	0	565
0.690265486726	0.00442477876106	1	0.0	0	0.00442477876106	1	0.0	0	226
0.58606557377	0.0	0	0.0	0	0.0	0	0.0	0	244
0.609686609687	0.002849002849	1	0.002849002849	1	0.0	0	0.0	0	351
0.494082840237	0.00147928994083	1	0.00739644970414	5	0.00443786982249	3	0.0	0	676
0.377562642369	0.00626423690205	11	0.00227790432802	4	0.00170842824601	3	0.00113895216401	2	1756
0.682795698925	0.00537634408602	1	0.0	0	0.0	0	0.0	0	186
0.49716713881	0.0070821529745	5	0.0	0	0.0	0	0.0	0	706
0.506517690875	0.00186219739292	1	0.00931098696462	5	0.0	0	0.00186219739292	1	537
0.593959731544	0.00335570469799	1	0.0	0	0.0	0	0.0	0	298
0.496710526316	0.00986842105263	6	0.00493421052632	3	0.0	0	0.0	0	608
0.686274509804	0.0078431372549	2	0.0078431372549	2	0.00392156862745	1	0.0	0	255
0.638235294118	0.00294117647059	1	0.0	0	0.0	0	0.00294117647059	1	340
0.619302949062	0.0	0	0.00804289544236	3	0.0	0	0.0	0	373
0.648148148148	0.0	0	0.00308641975309	1	0.0	0	0.0	0	324
0.643382352941	0.00735294117647	2	0.0	0	0.0	0	0.0	0	272
0.516339869281	0.0	0	0.0	0	0.0	0	0.0	0	612
0.616279069767	0.0	0	0.0	0	0.0174418604651	3	0.0	0	172
0.61220043573	0.00217864923747	1	0.0	0	0.0	0	0.0	0	459
0.604938271605	0.0	0	0.00308641975309	1	0.0	0	0.00617283950617	2	324
0.660240963855	0.0	0	0.00240963855422	1	0.00240963855422	1	0.0	0	415
0.423380726698	0.00394944707741	5	0.00552922590837	7	0.0	0	0.0	0	1266
0.659176029963	0.00749063670412	2	0.0	0	0.0	0	0.0	0	267
0.560928433269	0.00386847195358	2	0.0	0	0.0	0	0.0	0	517
0.783783783784	0.0	0	0.0	0	0.0	0	0.0	0	74
0.428835489834	0.00554528650647	3	0.00554528650647	3	0.00184842883549	1	0.0	0	541
0.509756097561	0.0	0	0.00487804878049	2	0.00487804878049	2	0.0	0	410
0.663333333333	0.0	0	0.0	0	0.0	0	0.0	0	300
0.585987261146	0.0	0	0.00636942675159	3	0.00212314225053	1	0.0	0	471
0.654353562005	0.00527704485488	2	0.0	0	0.0	0	0.0	0	379
0.656836461126	0.0	0	0.0	0	0.0	0	0.0	0	373
0.561101549053	0.00344234079174	2	0.00172117039587	1	0.00516351118761	3	0.0	0	581
0.532125205931	0.0	0	0.0	0	0.0	0	0.0	0	607
0.738095238095	0.00595238095238	1	0.00595238095238	1	0.0	0	0.0	0	168
0.584699453552	0.0	0	0.0	0	0.0	0	0.0	0	366
0.582317073171	0.0	0	0.0	0	0.0	0	0.0	0	328
0.697916666667	0.00520833333333	1	0.0	0	0.00520833333333	1	0.0	0	192
0.673170731707	0.0	0	0.0	0	0.0	0	0.0	0	205
0.620535714286	0.0	0	0.0	0	0.0	0	0.0	0	224
0.632258064516	0.00645161290323	1	0.00645161290323	1	0.0	0	0.0	0	155
0.602787456446	0.0	0	0.00348432055749	1	0.0	0	0.0	0	287
0.607223476298	0.00451467268623	2	0.0	0	0.0	0	0.0	0	443
0.623563218391	0.00287356321839	1	0.00574712643678	2	0.0	0	0.0	0	348
0.64312267658	0.00371747211896	1	0.00371747211896	1	0.0	0	0.0	0	269
0.540918163673	0.00199600798403	1	0.0	0	0.0	0	0.0	0	501
0.605263157895	0.0230263157895	7	0.0	0	0.0	0	0.0	0	304
0.576315789474	0.0	0	0.0	0	0.0	0	0.0	0	380
0.414634146341	0.00609756097561	5	0.00121951219512	1	0.0	0	0.0	0	820
0.532154340836	0.0	0	0.0016077170418	1	0.0032154340836	2	0.0	0	622
0.691891891892	0.0	0	0.0	0	0.0	0	0.0	0	185
0.52094972067	0.0	0	0.00139664804469	1	0.0	0	0.0	0	716
0.777777777778	0.0	0	0.00694444444444	1	0.0	0	0.0	0	144
0.608695652174	0.0	0	0.0	0	0.0	0	0.0	0	299
0.472868217054	0.0	0	0.00129198966408	1	0.0	0	0.00129198966408	1	774
0.54469273743	0.0	0	0.0	0	0.0	0	0.0	0	358
0.716346153846	0.0	0	0.0	0	0.0	0	0.0	0	208
0.606060606061	0.00505050505051	2	0.0	0	0.0	0	0.0	0	396
0.526615969582	0.0	0	0.00190114068441	1	0.0	0	0.0	0	526
0.649305555556	0.00347222222222	1	0.0173611111111	5	0.00347222222222	1	0.0	0	288
0.615141955836	0.00315457413249	1	0.0	0	0.0	0	0.0	0	317
0.730337078652	0.0	0	0.0	0	0.0	0	0.0	0	89
0.445454545455	0.00568181818182	5	0.00681818181818	6	0.0	0	0.0	0	880
0.497674418605	0.0170542635659	11	0.0015503875969	1	0.0	0	0.0	0	645
0.717171717172	0.0	0	0.0	0	0.010101010101	1	0.0	0	99
0.665306122449	0.00408163265306	1	0.00408163265306	1	0.0	0	0.0	0	245
0.574418604651	0.0046511627907	2	0.0	0	0.0	0	0.0	0	430
0.634615384615	0.0	0	0.0	0	0.0	0	0.0	0	260
0.473045822102	0.0121293800539	9	0.0175202156334	13	0.00134770889488	1	0.0	0	742
0.435353535354	0.0040404040404	4	0.0030303030303	3	0.0	0	0.0	0	990
0.477815699659	0.00682593856655	4	0.00511945392491	3	0.0	0	0.0	0	586
0.641025641026	0.00769230769231	3	0.0	0	0.0	0	0.0	0	390
0.503924646782	0.00156985871272	1	0.0	0	0.0	0	0.0	0	637
0.556818181818	0.0	0	0.00454545454545	2	0.0	0	0.0	0	440
0.623115577889	0.00125628140704	1	0.00125628140704	1	0.0	0	0.0	0	796
0.598214285714	0.00297619047619	2	0.0	0	0.0	0	0.0	0	672
0.565217391304	0.00299850074963	2	0.00599700149925	4	0.0	0	0.0	0	667
0.619047619048	0.00280112044818	1	0.0	0	0.0	0	0.0	0	357
0.741379310345	0.0	0	0.0	0	0.0	0	0.0	0	174
0.662745098039	0.0	0	0.0	0	0.0	0	0.0	0	255
0.497041420118	0.00591715976331	3	0.0118343195266	6	0.0	0	0.0	0	507
0.548333333333	0.0	0	0.005	3	0.0	0	0.0	0	600
0.422505307856	0.00636942675159	12	0.00106157112527	2	0.0	0	0.0015923566879	3	1884
0.47569803516	0.00413650465357	4	0.0165460186143	16	0.00206825232678	2	0.0	0	967
0.573712255773	0.00355239786856	2	0.0	0	0.0	0	0.0	0	563
0.469002695418	0.0	0	0.00134770889488	1	0.00134770889488	1	0.00134770889488	1	742
0.549738219895	0.00261780104712	1	0.00523560209424	2	0.00785340314136	3	0.0	0	382
0.456873315364	0.00134770889488	1	0.0	0	0.0	0	0.0	0	742
0.483613817538	0.00531443755536	6	0.00177147918512	2	0.00088573959256	1	0.0	0	1129
0.455484896661	0.00476947535771	6	0.000794912559618	1	0.00317965023847	4	0.00158982511924	2	1258
0.56511627907	0.0	0	0.0	0	0.00232558139535	1	0.0	0	430
0.638888888889	0.00308641975309	1	0.0123456790123	4	0.0	0	0.0	0	324
0.498007968127	0.00398406374502	2	0.00597609561753	3	0.00398406374502	2	0.00199203187251	1	502
0.584269662921	0.0224719101124	6	0.0	0	0.0	0	0.0	0	267
0.623978201635	0.0	0	0.0	0	0.0	0	0.0	0	367
0.633451957295	0.0	0	0.0	0	0.0	0	0.0	0	281
0.539019963702	0.00181488203267	1	0.00181488203267	1	0.00181488203267	1	0.0	0	551
0.468888888889	0.0	0	0.00555555555556	5	0.00111111111111	1	0.00111111111111	1	900
0.470035252644	0.00470035252644	4	0.00940070505288	8	0.0	0	0.00117508813161	1	851
0.652173913043	0.0036231884058	1	0.0036231884058	1	0.0	0	0.0	0	276
0.577825159915	0.00213219616205	1	0.0	0	0.0	0	0.0	0	469
0.613924050633	0.00949367088608	3	0.0	0	0.00316455696203	1	0.0	0	316
0.605633802817	0.0117370892019	5	0.00704225352113	3	0.0093896713615	4	0.0	0	426
0.602649006623	0.00331125827815	1	0.00331125827815	1	0.0	0	0.0	0	302
0.644688644689	0.0	0	0.003663003663	1	0.0	0	0.0	0	273
0.68438538206	0.0	0	0.00664451827243	2	0.0	0	0.0	0	301
0.628289473684	0.0	0	0.0	0	0.00328947368421	1	0.0	0	304
0.592857142857	0.0	0	0.0	0	0.0	0	0.0	0	280
0.666666666667	0.0	0	0.0	0	0.0	0	0.0	0	291
0.665338645418	0.0	0	0.00796812749004	2	0.0	0	0.0	0	251
0.668161434978	0.00448430493274	1	0.00448430493274	1	0.0	0	0.0	0	223
0.583061889251	0.00325732899023	1	0.0	0	0.0	0	0.0	0	307
0.678431372549	0.0	0	0.0	0	0.0	0	0.0	0	255
0.431527093596	0.00985221674877	10	0.000985221674877	1	0.0	0	0.0	0	1015
0.469202898551	0.0036231884058	2	0.0036231884058	2	0.00724637681159	4	0.0	0	552
0.555090655509	0.00418410041841	3	0.00278940027894	2	0.0	0	0.00418410041841	3	717
0.489090909091	0.00363636363636	2	0.0	0	0.0	0	0.0	0	550
0.473994111874	0.00392541707556	4	0.0	0	0.0	0	0.00294406280667	3	1019
0.635258358663	0.00607902735562	2	0.0	0	0.0	0	0.0	0	329
0.61214953271	0.00700934579439	3	0.0	0	0.0	0	0.00233644859813	1	428
0.684426229508	0.0	0	0.00409836065574	1	0.0	0	0.0	0	244
0.755102040816	0.00680272108844	1	0.0	0	0.0	0	0.0	0	147
0.627530364372	0.0	0	0.00404858299595	1	0.0	0	0.0	0	247
0.810810810811	0.00900900900901	1	0.0	0	0.00900900900901	1	0.0	0	111
0.587209302326	0.00290697674419	1	0.00290697674419	1	0.0	0	0.0	0	344
0.618947368421	0.00631578947368	3	0.0	0	0.00210526315789	1	0.0	0	475
0.502865329513	0.00429799426934	3	0.00716332378223	5	0.0	0	0.0	0	698
0.530864197531	0.0	0	0.0	0	0.0	0	0.0	0	486
0.648	0.0	0	0.02	5	0.004	1	0.0	0	250
0.418561770129	0.0116779348494	19	0.00184388444991	3	0.00430239704978	7	0.0	0	1627
0.660194174757	0.0	0	0.0	0	0.00323624595469	1	0.0	0	309
0.432246998285	0.00428816466552	5	0.000857632933105	1	0.0	0	0.0	0	1166
0.501210653753	0.00242130750605	1	0.0	0	0.0	0	0.00968523002421	4	413
0.487903225806	0.00672043010753	5	0.0	0	0.0	0	0.0	0	744
0.551863041289	0.00402819738167	4	0.00805639476334	8	0.00100704934542	1	0.00100704934542	1	993
0.507821901324	0.00120336943442	1	0.0	0	0.0	0	0.0	0	831
0.511111111111	0.00555555555556	2	0.0	0	0.0	0	0.0	0	360
0.526595744681	0.00398936170213	3	0.00531914893617	4	0.00132978723404	1	0.00132978723404	1	752
0.533472803347	0.00418410041841	2	0.0	0	0.00209205020921	1	0.0	0	478
0.721739130435	0.0	0	0.00434782608696	1	0.0	0	0.0	0	230
0.452660054103	0.00631199278629	7	0.00631199278629	7	0.00450856627592	5	0.0	0	1109
0.453260869565	0.0119565217391	11	0.00217391304348	2	0.0	0	0.0	0	920
0.44702320888	0.0110998990918	11	0.0	0	0.00201816347124	2	0.00201816347124	2	991
0.51213592233	0.00121359223301	1	0.0	0	0.00121359223301	1	0.00728155339806	6	824
0.511348464619	0.0160213618158	12	0.0	0	0.00133511348465	1	0.0	0	749
0.518481518482	0.003996003996	4	0.002997002997	3	0.0	0	0.0	0	1001
0.546875	0.0	0	0.003125	1	0.0	0	0.0	0	320
0.535842293907	0.00537634408602	3	0.00716845878136	4	0.0	0	0.0	0	558
0.597402597403	0.0	0	0.0	0	0.00865800865801	2	0.0	0	231
0.697802197802	0.00549450549451	1	0.0	0	0.0	0	0.0	0	182
0.484848484848	0.00252525252525	2	0.0	0	0.0	0	0.0	0	792
0.706140350877	0.0	0	0.0	0	0.0	0	0.0	0	228
0.439209726444	0.00987841945289	13	0.00151975683891	2	0.000759878419453	1	0.000759878419453	1	1316
0.444769568398	0.00292611558157	4	0.0	0	0.00146305779078	2	0.000731528895391	1	1367
0.720720720721	0.0	0	0.0045045045045	1	0.0	0	0.0	0	222
0.891304347826	0.0	0	0.0	0	0.0	0	0.0	0	46
0.765853658537	0.00975609756098	2	0.0	0	0.0	0	0.0	0	205
0.605633802817	0.00234741784038	1	0.0	0	0.0	0	0.0	0	426
0.654804270463	0.0	0	0.0	0	0.0	0	0.0	0	281
0.614718614719	0.004329004329	1	0.0	0	0.0	0	0.0	0	231
0.735294117647	0.0	0	0.0147058823529	2	0.0147058823529	2	0.0	0	136
0.574931880109	0.0	0	0.0	0	0.0	0	0.0	0	367
0.738916256158	0.00492610837438	1	0.0	0	0.0	0	0.0	0	203
0.718309859155	0.00469483568075	1	0.0	0	0.00469483568075	1	0.0	0	213
0.581196581197	0.0014245014245	1	0.0014245014245	1	0.0	0	0.0	0	702
0.680628272251	0.0104712041885	2	0.0	0	0.0	0	0.0	0	191
0.609329446064	0.00291545189504	1	0.0	0	0.00291545189504	1	0.00291545189504	1	343
0.615384615385	0.0	0	0.0	0	0.0	0	0.0	0	312
0.802547770701	0.00636942675159	1	0.0	0	0.00636942675159	1	0.0	0	157
0.589073634204	0.00712589073634	3	0.0	0	0.0	0	0.0	0	421
0.695402298851	0.00574712643678	1	0.0	0	0.0	0	0.0	0	174
0.685990338164	0.0	0	0.0	0	0.0	0	0.0	0	207
0.676470588235	0.0	0	0.0	0	0.0	0	0.0	0	238
0.425101214575	0.0101214574899	15	0.000674763832659	1	0.00134952766532	2	0.000674763832659	1	1482
0.736363636364	0.0136363636364	3	0.0	0	0.0	0	0.0	0	220
0.519893899204	0.0106100795756	4	0.0026525198939	1	0.0	0	0.0	0	377
0.8	0.0	0	0.0	0	0.0	0	0.0	0	115
0.581907090465	0.0	0	0.0	0	0.0	0	0.0	0	409
0.536626916525	0.00511073253833	3	0.0	0	0.0	0	0.0	0	587
0.752808988764	0.0	0	0.0	0	0.0	0	0.0	0	178
0.64367816092	0.00383141762452	1	0.00383141762452	1	0.0	0	0.0	0	261
0.503584229391	0.00358422939068	2	0.0125448028674	7	0.0	0	0.0	0	558
0.424567188788	0.00906842539159	11	0.0123660346249	15	0.00329760923331	4	0.00164880461665	2	1213
0.595307917889	0.0058651026393	2	0.00293255131965	1	0.0058651026393	2	0.0	0	341
0.589211618257	0.0	0	0.0	0	0.0	0	0.0	0	482
0.625514403292	0.0	0	0.0	0	0.0	0	0.0	0	243
0.695454545455	0.0	0	0.00454545454545	1	0.0	0	0.0	0	220
0.6875	0.0	0	0.00735294117647	2	0.0	0	0.0	0	272
0.678861788618	0.0	0	0.0121951219512	3	0.00406504065041	1	0.0	0	246
0.459169054441	0.00501432664756	7	0.000716332378223	1	0.0	0	0.000716332378223	1	1396
0.4287109375	0.0048828125	5	0.0009765625	1	0.0	0	0.0	0	1024
0.51001540832	0.000770416024653	1	0.00231124807396	3	0.0	0	0.00154083204931	2	1298
0.44020797227	0.00953206239168	11	0.000866551126516	1	0.000866551126516	1	0.00173310225303	2	1154
0.467091295117	0.0031847133758	3	0.00106157112527	1	0.0	0	0.0	0	942
0.503121098627	0.00374531835206	3	0.0	0	0.00749063670412	6	0.0	0	801
0.466037735849	0.00188679245283	1	0.0	0	0.0	0	0.0	0	530
0.472055030095	0.00257953568358	3	0.00171969045572	2	0.0	0	0.0	0	1163
0.491721854305	0.00331125827815	2	0.0	0	0.0	0	0.0	0	604
0.507672634271	0.00511508951407	4	0.00127877237852	1	0.0	0	0.0	0	782
0.537037037037	0.0	0	0.0037037037037	3	0.0	0	0.0	0	810
0.493333333333	0.00222222222222	3	0.000740740740741	1	0.000740740740741	1	0.000740740740741	1	1350
0.528671328671	0.0	0	0.00559440559441	4	0.0	0	0.0	0	715
0.557284299859	0.0	0	0.001414427157	1	0.0	0	0.0	0	707
0.565891472868	0.00193798449612	1	0.00193798449612	1	0.0	0	0.0	0	516
0.455049944506	0.00554938956715	5	0.0	0	0.00332963374029	3	0.0	0	901
0.404326923077	0.0	0	0.00528846153846	11	0.0	0	0.0	0	2080
0.598579040853	0.0088809946714	5	0.0	0	0.0	0	0.0	0	563
0.454352441614	0.0127388535032	12	0.0031847133758	3	0.0	0	0.0	0	942
0.6	0.00481927710843	2	0.0	0	0.0	0	0.0	0	415
0.528735632184	0.00459770114943	2	0.0	0	0.0	0	0.0	0	435
0.683544303797	0.00632911392405	2	0.0	0	0.0	0	0.0	0	316
0.488567990373	0.00601684717208	5	0.0	0	0.0	0	0.0	0	831
0.562642369021	0.0	0	0.0	0	0.0	0	0.0	0	439
0.513986013986	0.00524475524476	3	0.00174825174825	1	0.0	0	0.0	0	572
0.595930232558	0.0	0	0.00290697674419	1	0.0	0	0.0	0	344
0.474722564735	0.00616522811344	5	0.00493218249075	4	0.0	0	0.00123304562269	1	811
0.479316546763	0.0044964028777	5	0.00539568345324	6	0.0	0	0.00179856115108	2	1112
0.557291666667	0.00347222222222	2	0.0	0	0.0	0	0.0	0	576
0.627853881279	0.0	0	0.00228310502283	1	0.0	0	0.0	0	438
0.527047913447	0.00618238021638	4	0.0	0	0.0015455950541	1	0.0015455950541	1	647
0.588555858311	0.00272479564033	1	0.00544959128065	2	0.0	0	0.0	0	367
0.580357142857	0.00223214285714	1	0.00223214285714	1	0.0	0	0.00223214285714	1	448
0.626297577855	0.0	0	0.0	0	0.0	0	0.0	0	289
0.422346368715	0.0	0	0.00111731843575	1	0.00446927374302	4	0.00111731843575	1	895
0.673387096774	0.00403225806452	1	0.0	0	0.00403225806452	1	0.00806451612903	2	248
0.466666666667	0.0	0	0.00392156862745	3	0.0	0	0.0	0	765
0.473853580048	0.00321802091714	4	0.00160901045857	2	0.000804505229284	1	0.0	0	1243
0.547094188377	0.0	0	0.0060120240481	3	0.0	0	0.0	0	499
0.482939632546	0.010498687664	8	0.0	0	0.00787401574803	6	0.0	0	762
0.5484375	0.0046875	3	0.0	0	0.0015625	1	0.0	0	640
0.560723514212	0.00258397932817	1	0.0	0	0.0	0	0.0	0	387
0.760416666667	0.0	0	0.0	0	0.0	0	0.0	0	96
0.575842696629	0.0	0	0.0	0	0.0	0	0.0	0	356
0.396847155586	0.00342700479781	5	0.00342700479781	5	0.00342700479781	5	0.0	0	1459
0.407065217391	0.00652173913043	12	0.00163043478261	3	0.00108695652174	2	0.0	0	1840
0.461950696677	0.0075026795284	7	0.0010718113612	1	0.0042872454448	4	0.0032154340836	3	933
0.756097560976	0.0	0	0.0	0	0.0	0	0.0	0	123
0.471038251366	0.00327868852459	3	0.0	0	0.00109289617486	1	0.0	0	915
0.57180156658	0.00261096605744	1	0.00522193211488	2	0.0	0	0.0	0	383
0.729323308271	0.015037593985	2	0.00751879699248	1	0.0	0	0.0	0	133
0.53078202995	0.00831946755408	5	0.00166389351082	1	0.0	0	0.0	0	601
0.544715447154	0.00271002710027	1	0.00813008130081	3	0.0	0	0.0	0	369
0.496	0.0016	1	0.0016	1	0.0048	3	0.0016	1	625
0.56	0.00222222222222	1	0.00222222222222	1	0.0	0	0.0	0	450
0.633064516129	0.0	0	0.0	0	0.0	0	0.0	0	248
0.538461538462	0.00213675213675	1	0.0	0	0.0	0	0.0	0	468
0.463806970509	0.00134048257373	1	0.00268096514745	2	0.0	0	0.00134048257373	1	746
0.529761904762	0.0	0	0.00595238095238	3	0.0	0	0.0	0	504
0.590017825312	0.0	0	0.0017825311943	1	0.0	0	0.0	0	561
0.549450549451	0.0018315018315	1	0.0018315018315	1	0.003663003663	2	0.0	0	546
0.514538558786	0.00126422250316	1	0.0	0	0.0	0	0.0	0	791
0.49900990099	0.00792079207921	8	0.0	0	0.0019801980198	2	0.0	0	1010
0.539078156313	0.00200400801603	1	0.0	0	0.0	0	0.0	0	499
0.491304347826	0.00144927536232	1	0.00434782608696	3	0.00434782608696	3	0.0	0	690
0.550724637681	0.0048309178744	2	0.0	0	0.0	0	0.0	0	414
0.554761904762	0.0047619047619	2	0.00238095238095	1	0.0	0	0.0	0	420
0.482664233577	0.00273722627737	3	0.000912408759124	1	0.00182481751825	2	0.0	0	1096
0.641711229947	0.0	0	0.0017825311943	1	0.00356506238859	2	0.0017825311943	1	561
0.605633802817	0.00281690140845	1	0.0	0	0.0	0	0.0	0	355
0.411140583554	0.00442086648983	5	0.00353669319187	4	0.00442086648983	5	0.00176834659593	2	1131
0.509169363538	0.0	0	0.00107874865156	1	0.0	0	0.0	0	927
0.494680851064	0.00177304964539	1	0.00177304964539	1	0.00177304964539	1	0.0	0	564
0.495263870095	0.00135317997294	1	0.00135317997294	1	0.0	0	0.0	0	739
0.396075581395	0.00508720930233	7	0.00436046511628	6	0.00145348837209	2	0.0	0	1376
0.594262295082	0.0	0	0.00819672131148	2	0.0	0	0.0	0	244
0.49141347424	0.00792602377807	6	0.0	0	0.0	0	0.0	0	757
0.624521072797	0.0	0	0.0	0	0.0	0	0.0	0	261
0.481441048035	0.00764192139738	7	0.0	0	0.0	0	0.0	0	916
0.585062240664	0.00622406639004	3	0.0	0	0.0	0	0.00207468879668	1	482
0.548780487805	0.0	0	0.0	0	0.0	0	0.0	0	328
0.487150837989	0.00223463687151	2	0.00782122905028	7	0.00111731843575	1	0.00111731843575	1	895
0.510204081633	0.0	0	0.0	0	0.0	0	0.00204081632653	1	490
0.563302752294	0.0	0	0.00366972477064	2	0.0	0	0.0	0	545
0.741935483871	0.0	0	0.0	0	0.0	0	0.0	0	124
0.608695652174	0.0108695652174	3	0.0	0	0.0	0	0.0	0	276
0.535989717224	0.0	0	0.00385604113111	3	0.0	0	0.0	0	778
0.580097087379	0.00485436893204	2	0.00242718446602	1	0.00242718446602	1	0.0	0	412
0.603448275862	0.00191570881226	1	0.00191570881226	1	0.0	0	0.0	0	522
0.690298507463	0.00373134328358	1	0.00373134328358	1	0.0	0	0.0	0	268
0.478565861263	0.00779423226812	10	0.00467653936087	6	0.0	0	0.0	0	1283
0.619718309859	0.00704225352113	2	0.0	0	0.0	0	0.0	0	284
0.512226512227	0.001287001287	1	0.002574002574	2	0.0	0	0.0	0	777
0.518409425626	0.00147275405007	1	0.00147275405007	1	0.0	0	0.0	0	679
0.547511312217	0.0180995475113	8	0.00452488687783	2	0.0	0	0.0	0	442
0.517615176152	0.0189701897019	7	0.0	0	0.0	0	0.0	0	369
0.484	0.00133333333333	1	0.0	0	0.0	0	0.0	0	750
0.555743243243	0.0	0	0.00168918918919	1	0.0	0	0.0	0	592
0.448545861298	0.00335570469799	3	0.00447427293065	4	0.0	0	0.0	0	894
0.502097902098	0.0027972027972	2	0.0027972027972	2	0.0	0	0.0013986013986	1	715
0.614730878187	0.0	0	0.0028328611898	1	0.0	0	0.0028328611898	1	353
0.50351758794	0.00402010050251	4	0.0	0	0.00100502512563	1	0.0	0	995
0.523351648352	0.00274725274725	2	0.00137362637363	1	0.00274725274725	2	0.0	0	728
0.594674556213	0.0	0	0.00295857988166	1	0.00295857988166	1	0.0	0	338
0.432282003711	0.00927643784787	10	0.000927643784787	1	0.000927643784787	1	0.0	0	1078
0.544444444444	0.0	0	0.0047619047619	3	0.0015873015873	1	0.0015873015873	1	630
0.474471830986	0.000880281690141	1	0.000880281690141	1	0.00352112676056	4	0.0	0	1136
0.663060278207	0.00309119010819	2	0.0	0	0.0	0	0.0	0	647
0.574585635359	0.00552486187845	2	0.00276243093923	1	0.0	0	0.0	0	362
0.545746388443	0.00481540930979	3	0.0	0	0.0016051364366	1	0.0016051364366	1	623
0.490331491713	0.0110497237569	8	0.00138121546961	1	0.00138121546961	1	0.00138121546961	1	724
0.690721649485	0.00687285223368	2	0.00343642611684	1	0.0	0	0.0	0	291
0.518783542039	0.00178890876565	1	0.00178890876565	1	0.00357781753131	2	0.00357781753131	2	559
0.526639344262	0.00614754098361	3	0.00409836065574	2	0.0	0	0.0	0	488
0.526938239159	0.00394218134034	3	0.00262812089356	2	0.0	0	0.0	0	761
0.570024570025	0.0	0	0.0	0	0.0	0	0.0	0	407
0.532544378698	0.00197238658777	1	0.00394477317554	2	0.00394477317554	2	0.0	0	507
0.548596112311	0.00431965442765	2	0.00215982721382	1	0.0	0	0.0	0	463
0.482084690554	0.0	0	0.0	0	0.0	0	0.0	0	614
0.495219885277	0.0038240917782	2	0.0019120458891	1	0.0	0	0.0	0	523
0.453245324532	0.002200220022	2	0.002200220022	2	0.001100110011	1	0.0	0	909
0.565217391304	0.00579710144928	2	0.00289855072464	1	0.0	0	0.0	0	345
0.560767590618	0.00639658848614	3	0.00426439232409	2	0.0	0	0.0	0	469
0.563855421687	0.00240963855422	1	0.00481927710843	2	0.00240963855422	1	0.0	0	415
0.500770416025	0.00770416024653	5	0.00308166409861	2	0.0	0	0.0	0	649
0.60396039604	0.0	0	0.0	0	0.0	0	0.0	0	303
0.540803897686	0.00609013398295	5	0.00121802679659	1	0.0	0	0.0	0	821
0.506276150628	0.00976290097629	7	0.0	0	0.0	0	0.0	0	717
0.526737967914	0.00534759358289	2	0.0	0	0.0	0	0.0	0	374
0.606299212598	0.00262467191601	1	0.00787401574803	3	0.00787401574803	3	0.0	0	381
0.614285714286	0.0047619047619	2	0.00238095238095	1	0.0	0	0.0	0	420
0.343947217441	0.00229489386116	8	0.00430292598967	15	0.0	0	0.0	0	3486
0.522760646109	0.00587371512482	4	0.0102790014684	7	0.0	0	0.0	0	681
0.527777777778	0.00617283950617	4	0.00925925925926	6	0.0	0	0.00154320987654	1	648
0.5	0.00496277915633	4	0.00992555831266	8	0.00124069478908	1	0.0	0	806
0.543147208122	0.0	0	0.0	0	0.0	0	0.0	0	394
0.521306818182	0.00284090909091	2	0.00142045454545	1	0.0	0	0.0	0	704
0.524336283186	0.0	0	0.00221238938053	1	0.0	0	0.0	0	452
0.533653846154	0.0160256410256	10	0.00480769230769	3	0.00160256410256	1	0.0	0	624
0.496503496503	0.00582750582751	5	0.0011655011655	1	0.0011655011655	1	0.0011655011655	1	858
0.449781659389	0.00436681222707	4	0.00109170305677	1	0.00655021834061	6	0.0	0	916
0.459555555556	0.000888888888889	1	0.00622222222222	7	0.0	0	0.0	0	1125
0.515596330275	0.00183486238532	1	0.0	0	0.0	0	0.0	0	545
0.579634464752	0.00522193211488	2	0.0	0	0.0	0	0.00261096605744	1	383
0.548161120841	0.0122591943958	7	0.00700525394046	4	0.00175131348511	1	0.0	0	571
0.498333333333	0.005	3	0.00333333333333	2	0.00166666666667	1	0.0	0	600
0.530201342282	0.0089485458613	4	0.0134228187919	6	0.0	0	0.0	0	447
0.550583657588	0.0	0	0.0	0	0.0	0	0.0	0	514
0.512195121951	0.00271002710027	2	0.00677506775068	5	0.00135501355014	1	0.00135501355014	1	738
0.553524804178	0.0	0	0.00261096605744	1	0.0	0	0.0	0	383
0.518590998043	0.00195694716243	1	0.00978473581213	5	0.0	0	0.0	0	511
0.515497553018	0.0146818923328	9	0.0	0	0.0	0	0.0	0	613
0.552361396304	0.00616016427105	3	0.0	0	0.0	0	0.0	0	487
0.546539379475	0.0167064439141	7	0.00715990453461	3	0.0	0	0.0	0	419
0.5	0.0169172932331	9	0.00187969924812	1	0.0	0	0.0	0	532
0.515503875969	0.0	0	0.00387596899225	2	0.0	0	0.0	0	516
0.583333333333	0.00641025641026	3	0.00213675213675	1	0.00213675213675	1	0.00213675213675	1	468
0.521815008726	0.00698080279232	4	0.00698080279232	4	0.0	0	0.00174520069808	1	573
0.462569832402	0.0100558659218	9	0.0	0	0.00223463687151	2	0.0	0	895
0.583333333333	0.0	0	0.0	0	0.00308641975309	1	0.0	0	324
0.538823529412	0.00705882352941	3	0.0	0	0.00470588235294	2	0.0	0	425
0.501905972046	0.0012706480305	1	0.0012706480305	1	0.0	0	0.0	0	787
0.53861003861	0.011583011583	6	0.00579150579151	3	0.0019305019305	1	0.003861003861	2	518
0.5036900369	0.0	0	0.00553505535055	3	0.0	0	0.0	0	542
0.518957345972	0.0	0	0.0118483412322	5	0.0	0	0.0	0	422
0.615151515152	0.0	0	0.0121212121212	4	0.0030303030303	1	0.0	0	330
0.594479830149	0.00424628450106	2	0.0	0	0.0	0	0.0	0	471
0.545454545455	0.012987012987	6	0.004329004329	2	0.0021645021645	1	0.0	0	462
0.545119705341	0.0	0	0.00184162062615	1	0.0	0	0.0	0	543
0.517910447761	0.0	0	0.0044776119403	3	0.0	0	0.0	0	670
0.490990990991	0.0	0	0.00225225225225	1	0.00225225225225	1	0.00225225225225	1	444
0.488958990536	0.0110410094637	7	0.00473186119874	3	0.00157728706625	1	0.0	0	634
0.569444444444	0.00555555555556	2	0.0	0	0.0	0	0.0	0	360
0.528344671202	0.00226757369615	1	0.0	0	0.00226757369615	1	0.00226757369615	1	441
0.569444444444	0.00925925925926	4	0.00925925925926	4	0.0	0	0.0	0	432
0.581787521079	0.00337268128162	2	0.0	0	0.0	0	0.0	0	593
0.507772020725	0.00518134715026	3	0.00518134715026	3	0.00172711571675	1	0.00518134715026	3	579
0.564681724846	0.00616016427105	3	0.00616016427105	3	0.0	0	0.0	0	487
0.483193277311	0.00420168067227	2	0.0	0	0.0	0	0.0	0	476
0.709401709402	0.0	0	0.0	0	0.0	0	0.0	0	117
0.505154639175	0.00147275405007	1	0.0	0	0.0	0	0.0	0	679
0.316507503411	0.0	0	0.00136425648022	1	0.0	0	0.0	0	733
0.565410199557	0.00221729490022	1	0.00221729490022	1	0.0	0	0.0	0	451
0.47972027972	0.00559440559441	4	0.0027972027972	2	0.0027972027972	2	0.0	0	715
0.488636363636	0.00994318181818	7	0.00284090909091	2	0.0	0	0.0	0	704
0.562814070352	0.00251256281407	1	0.00251256281407	1	0.0150753768844	6	0.0	0	398
0.519512195122	0.00365853658537	3	0.0	0	0.00121951219512	1	0.0	0	820
0.538606403013	0.00188323917137	1	0.00376647834275	2	0.0	0	0.0	0	531
0.536437246964	0.00202429149798	1	0.00202429149798	1	0.00607287449393	3	0.0	0	494
0.504672897196	0.0	0	0.00623052959502	2	0.00934579439252	3	0.0	0	321
0.55223880597	0.0127931769723	6	0.00426439232409	2	0.0	0	0.0	0	469
0.476814516129	0.00201612903226	2	0.00100806451613	1	0.00100806451613	1	0.0	0	992
0.473214285714	0.0	0	0.0	0	0.00535714285714	3	0.00178571428571	1	560
0.513274336283	0.00252844500632	2	0.00126422250316	1	0.00252844500632	2	0.0	0	791
0.482724580454	0.00592300098717	6	0.000987166831194	1	0.0	0	0.0	0	1013
0.437246963563	0.00134952766532	1	0.00674763832659	5	0.0	0	0.0	0	741
0.452054794521	0.00195694716243	1	0.0	0	0.0	0	0.0	0	511
0.502572898799	0.0	0	0.00171526586621	1	0.00514579759863	3	0.0	0	583
0.470588235294	0.00480192076831	4	0.00240096038415	2	0.00120048019208	1	0.0	0	833
0.544176706827	0.0	0	0.00401606425703	2	0.00200803212851	1	0.0	0	498
0.553240740741	0.00231481481481	1	0.00231481481481	1	0.0	0	0.0	0	432
0.538147138965	0.00272479564033	2	0.0	0	0.0	0	0.0	0	734
0.575520833333	0.00260416666667	1	0.0	0	0.0	0	0.0	0	384
0.3539445629	0.00177683013504	5	0.00426439232409	12	0.00106609808102	3	0.0	0	2814
0.56206088993	0.00234192037471	1	0.0	0	0.0	0	0.0	0	427
0.503984063745	0.00199203187251	1	0.00199203187251	1	0.0	0	0.0	0	502
0.48024691358	0.00617283950617	5	0.0037037037037	3	0.0	0	0.0	0	810
0.476459510358	0.00188323917137	1	0.00188323917137	1	0.0	0	0.0	0	531
0.493991989319	0.00267022696929	2	0.00133511348465	1	0.0	0	0.0	0	749
0.464358452138	0.0020366598778	2	0.0010183299389	1	0.0	0	0.0	0	982
0.52380952381	0.0	0	0.00226757369615	1	0.0	0	0.0	0	441
0.519721577726	0.00696055684455	3	0.0	0	0.0	0	0.00232018561485	1	431
0.469696969697	0.00841750841751	5	0.00505050505051	3	0.0	0	0.0	0	594
0.465449804433	0.00651890482399	5	0.0026075619296	2	0.0	0	0.0	0	767
0.54114713217	0.00498753117207	2	0.0	0	0.0	0	0.0	0	401
0.564482029598	0.00211416490486	1	0.0	0	0.00211416490486	1	0.0	0	473
0.478102189781	0.0	0	0.00182481751825	1	0.0	0	0.0	0	548
0.509259259259	0.00555555555556	3	0.0	0	0.0	0	0.0	0	540
0.494821634062	0.00460299194476	4	0.0	0	0.0	0	0.0	0	869
0.476	0.0	0	0.002	1	0.0	0	0.0	0	500
0.438596491228	0.000923361034164	1	0.00277008310249	3	0.000923361034164	1	0.000923361034164	1	1083
0.518844221106	0.00125628140704	1	0.0	0	0.0	0	0.0	0	796
0.500986193294	0.00197238658777	1	0.0	0	0.0	0	0.0	0	507
0.556043956044	0.0043956043956	2	0.00879120879121	4	0.0043956043956	2	0.0	0	455
0.370398773006	0.00575153374233	15	0.00115030674847	3	0.000383435582822	1	0.000766871165644	2	2608
0.569587628866	0.0103092783505	4	0.00515463917526	2	0.0	0	0.0	0	388
0.602739726027	0.0	0	0.0027397260274	1	0.0	0	0.0	0	365
0.479661016949	0.0	0	0.0	0	0.0	0	0.0	0	590
0.5	0.0123966942149	6	0.00206611570248	1	0.0	0	0.0	0	484
0.533632286996	0.0067264573991	3	0.00224215246637	1	0.0	0	0.0	0	446
0.489775051125	0.00511247443763	5	0.00204498977505	2	0.00204498977505	2	0.00102249488753	1	978
0.532530120482	0.0	0	0.00481927710843	2	0.00240963855422	1	0.0	0	415
0.557203389831	0.00423728813559	2	0.0021186440678	1	0.0	0	0.0	0	472
0.603217158177	0.00536193029491	2	0.00268096514745	1	0.0	0	0.0	0	373
0.539845758355	0.0	0	0.0025706940874	1	0.0	0	0.0	0	389
0.538847117794	0.00250626566416	1	0.0100250626566	4	0.0	0	0.0	0	399
0.582887700535	0.0	0	0.0	0	0.0	0	0.0	0	374
0.478102189781	0.0	0	0.00182481751825	1	0.0	0	0.0	0	548
0.597849462366	0.0	0	0.0	0	0.00430107526882	2	0.0	0	465
0.561728395062	0.0	0	0.0	0	0.0	0	0.00308641975309	1	324
0.648648648649	0.003861003861	1	0.0	0	0.0	0	0.0	0	259
0.546875	0.003125	2	0.0140625	9	0.0	0	0.0	0	640
0.392603129445	0.00213371266003	3	0.000711237553343	1	0.0	0	0.0	0	1406
0.531561461794	0.00830564784053	5	0.00664451827243	4	0.0	0	0.0	0	602
0.470149253731	0.00597014925373	4	0.0044776119403	3	0.00149253731343	1	0.0	0	670
0.698275862069	0.0258620689655	3	0.0	0	0.0	0	0.0	0	116
0.522727272727	0.00324675324675	2	0.00162337662338	1	0.0	0	0.0	0	616
0.537585421412	0.00455580865604	2	0.0	0	0.0	0	0.0	0	439
0.56314699793	0.0	0	0.00207039337474	1	0.0	0	0.0	0	483
0.588785046729	0.0155763239875	5	0.00311526479751	1	0.00934579439252	3	0.0	0	321
0.587030716724	0.0136518771331	4	0.00341296928328	1	0.0	0	0.0	0	293
0.519630484988	0.0	0	0.0	0	0.0	0	0.0	0	433
0.59748427673	0.00314465408805	1	0.0	0	0.0	0	0.0	0	318
0.539094650206	0.00411522633745	2	0.0	0	0.0	0	0.0	0	486
0.5140625	0.0046875	3	0.003125	2	0.003125	2	0.0	0	640
0.528195488722	0.00187969924812	1	0.00187969924812	1	0.0	0	0.0	0	532
0.521495327103	0.0	0	0.0018691588785	1	0.0	0	0.0	0	535
0.579381443299	0.00412371134021	2	0.0	0	0.0	0	0.0	0	485
0.632911392405	0.0126582278481	3	0.0	0	0.0	0	0.0042194092827	1	237
0.491563554556	0.0044994375703	4	0.0044994375703	4	0.00112485939258	1	0.00112485939258	1	889
0.453156822811	0.0142566191446	14	0.0010183299389	1	0.0020366598778	2	0.0020366598778	2	982
0.557177615572	0.0	0	0.00243309002433	1	0.00243309002433	1	0.0	0	411
0.63768115942	0.0193236714976	4	0.0144927536232	3	0.0048309178744	1	0.0	0	207
0.511879049676	0.00215982721382	1	0.0	0	0.0	0	0.0	0	463
0.638743455497	0.0	0	0.0	0	0.0	0	0.0	0	191
0.54674796748	0.00406504065041	2	0.0121951219512	6	0.0	0	0.0	0	492
0.502318392581	0.00618238021638	4	0.00618238021638	4	0.00309119010819	2	0.0015455950541	1	647
0.632996632997	0.003367003367	1	0.0	0	0.0	0	0.0	0	297
0.632958801498	0.0224719101124	6	0.00374531835206	1	0.0	0	0.0	0	267
0.5	0.0	0	0.0103734439834	5	0.00207468879668	1	0.00414937759336	2	482
0.578823529412	0.00470588235294	2	0.0	0	0.0	0	0.00235294117647	1	425
0.620087336245	0.0	0	0.0	0	0.0	0	0.0	0	229
0.519933554817	0.00166112956811	1	0.00332225913621	2	0.0	0	0.00332225913621	2	602
0.525170068027	0.00816326530612	6	0.0	0	0.00136054421769	1	0.0	0	735
0.490536277603	0.00315457413249	2	0.0	0	0.0	0	0.00157728706625	1	634
0.531400966184	0.0	0	0.0024154589372	1	0.0	0	0.0	0	414
0.531358885017	0.0	0	0.0	0	0.00174216027875	1	0.00174216027875	1	574
0.602836879433	0.0	0	0.00354609929078	1	0.0	0	0.0	0	282
0.531914893617	0.00425531914894	2	0.00425531914894	2	0.0	0	0.0	0	470
0.50495049505	0.00792079207921	4	0.00792079207921	4	0.0	0	0.0	0	505
0.534142640364	0.00455235204856	3	0.00606980273141	4	0.0	0	0.0	0	659
0.565836298932	0.0017793594306	1	0.0	0	0.00355871886121	2	0.0017793594306	1	562
0.540682414698	0.00787401574803	3	0.0131233595801	5	0.0	0	0.0	0	381
0.49498997996	0.00801603206413	4	0.00200400801603	1	0.00200400801603	1	0.00200400801603	1	499
0.496	0.0112	7	0.0032	2	0.0016	1	0.0	0	625
0.560416666667	0.0145833333333	7	0.00208333333333	1	0.0	0	0.00208333333333	1	480
0.599137931034	0.0215517241379	5	0.00431034482759	1	0.0	0	0.00862068965517	2	232
0.547785547786	0.018648018648	8	0.0	0	0.002331002331	1	0.0	0	429
0.480380499405	0.00237812128419	2	0.0	0	0.00118906064209	1	0.00237812128419	2	841
0.526699029126	0.0	0	0.00970873786408	4	0.0	0	0.00242718446602	1	412
0.56275862069	0.00275862068966	2	0.0	0	0.00137931034483	1	0.0	0	725
0.582278481013	0.00506329113924	2	0.0101265822785	4	0.0	0	0.0	0	395
0.465149359886	0.00284495021337	2	0.00426742532006	3	0.0	0	0.0	0	703
0.536585365854	0.0015243902439	1	0.0030487804878	2	0.0	0	0.0	0	656
0.52972027972	0.0034965034965	2	0.0034965034965	2	0.0	0	0.0	0	572
0.560975609756	0.0	0	0.00443458980044	2	0.0	0	0.0	0	451
0.511201629328	0.0	0	0.0	0	0.0	0	0.0	0	491
0.546511627907	0.00166112956811	1	0.0	0	0.0	0	0.00166112956811	1	602
0.49504950495	0.00594059405941	3	0.00990099009901	5	0.0	0	0.0	0	505
0.434052757794	0.00319744204636	4	0.00159872102318	2	0.00159872102318	2	0.0	0	1251
0.469333333333	0.00133333333333	1	0.00266666666667	2	0.00133333333333	1	0.0	0	750
0.555555555556	0.0	0	0.0031746031746	1	0.0	0	0.0	0	315
0.582834331337	0.00399201596806	2	0.00199600798403	1	0.00199600798403	1	0.0	0	501
0.585152838428	0.0	0	0.0	0	0.00436681222707	2	0.0	0	458
0.548780487805	0.010162601626	5	0.00406504065041	2	0.0	0	0.0	0	492
0.530418250951	0.00190114068441	1	0.00570342205323	3	0.0	0	0.0	0	526
0.474358974359	0.0	0	0.003663003663	2	0.0	0	0.0	0	546
0.597402597403	0.0	0	0.0021645021645	1	0.0	0	0.0	0	462
0.568965517241	0.0	0	0.00246305418719	1	0.00246305418719	1	0.0	0	406
0.567619047619	0.0	0	0.00380952380952	2	0.0	0	0.0	0	525
0.632390745501	0.0	0	0.0	0	0.0025706940874	1	0.0	0	389
0.532075471698	0.0	0	0.00566037735849	3	0.0	0	0.0	0	530
0.56	0.00941176470588	4	0.00470588235294	2	0.0	0	0.0	0	425
0.5	0.0104529616725	6	0.00871080139373	5	0.0	0	0.0	0	574
0.516728624535	0.00185873605948	1	0.0	0	0.0	0	0.0	0	538
0.568681318681	0.00549450549451	2	0.0	0	0.0	0	0.0	0	364
0.573122529644	0.0118577075099	3	0.00790513833992	2	0.0	0	0.0	0	253
0.557034220532	0.00190114068441	1	0.0	0	0.0	0	0.0	0	526
0.453642384106	0.00110375275938	1	0.00220750551876	2	0.0	0	0.0	0	906
0.556060606061	0.0030303030303	2	0.00151515151515	1	0.0	0	0.0030303030303	2	660
0.558558558559	0.0	0	0.0	0	0.0	0	0.0	0	444
0.550143266476	0.00286532951289	1	0.00573065902579	2	0.0	0	0.0	0	349
0.474576271186	0.00924499229584	6	0.00924499229584	6	0.0	0	0.00154083204931	1	649
0.623115577889	0.0	0	0.0100502512563	2	0.0	0	0.0	0	199
0.606382978723	0.00265957446809	1	0.00797872340426	3	0.0	0	0.0	0	376
0.547826086957	0.00695652173913	4	0.00521739130435	3	0.0	0	0.0	0	575
0.514032496307	0.00443131462334	3	0.00590841949778	4	0.00147710487445	1	0.00147710487445	1	677
0.567073170732	0.00406504065041	2	0.00609756097561	3	0.0020325203252	1	0.0020325203252	1	492
0.554757630162	0.00179533213645	1	0.00359066427289	2	0.00179533213645	1	0.0	0	557
0.653958944282	0.0058651026393	2	0.0	0	0.0	0	0.0	0	341
0.499229583975	0.00462249614792	3	0.00616332819723	4	0.00154083204931	1	0.0	0	649
0.507961783439	0.00955414012739	6	0.00796178343949	5	0.0	0	0.0	0	628
0.515580736544	0.0014164305949	1	0.0014164305949	1	0.0	0	0.0	0	706
0.592307692308	0.00384615384615	1	0.0	0	0.0	0	0.0	0	260
0.516544117647	0.0110294117647	6	0.0	0	0.0	0	0.0	0	544
0.467205750225	0.00269541778976	3	0.00988319856244	11	0.0	0	0.0	0	1113
0.504608294931	0.00460829493088	2	0.00921658986175	4	0.00230414746544	1	0.00230414746544	1	434
0.432306255836	0.0112044817927	12	0.00280112044818	3	0.0	0	0.0	0	1071
0.596825396825	0.0031746031746	1	0.0	0	0.0031746031746	1	0.0	0	315
0.502235469449	0.00298062593145	2	0.00745156482861	5	0.0	0	0.0	0	671
0.606666666667	0.0	0	0.00333333333333	1	0.0	0	0.0	0	300
0.571759259259	0.00231481481481	1	0.00925925925926	4	0.00231481481481	1	0.0	0	432
0.582051282051	0.0	0	0.0	0	0.0	0	0.0	0	390
0.580188679245	0.00157232704403	1	0.00157232704403	1	0.0	0	0.0	0	636
0.514869888476	0.00743494423792	4	0.0	0	0.00185873605948	1	0.0	0	538
0.583333333333	0.00260416666667	1	0.00520833333333	2	0.0	0	0.00260416666667	1	384
0.40218878249	0.00136798905609	1	0.00410396716826	3	0.00273597811218	2	0.0	0	731
0.502369668246	0.00236966824645	1	0.00473933649289	2	0.0	0	0.0	0	422
0.499263622975	0.00589101620029	4	0.00294550810015	2	0.0	0	0.0	0	679
0.532863849765	0.0	0	0.00234741784038	1	0.0	0	0.00234741784038	1	426
0.524834437086	0.00662251655629	4	0.00331125827815	2	0.0	0	0.0	0	604
0.555304740406	0.0	0	0.0	0	0.0	0	0.0	0	443
0.516295025729	0.00171526586621	1	0.0120068610635	7	0.00171526586621	1	0.0	0	583
0.480263157895	0.00219298245614	2	0.00328947368421	3	0.0	0	0.0	0	912
0.490217391304	0.00434782608696	4	0.00108695652174	1	0.0	0	0.00326086956522	3	920
0.612	0.004	1	0.004	1	0.0	0	0.008	2	250
0.652173913043	0.0	0	0.0054347826087	1	0.0	0	0.0	0	184
0.516129032258	0.00430107526882	2	0.00215053763441	1	0.010752688172	5	0.0	0	465
0.504098360656	0.0	0	0.00409836065574	2	0.00614754098361	3	0.0	0	488
0.54854368932	0.0169902912621	7	0.00485436893204	2	0.0	0	0.00242718446602	1	412
0.590361445783	0.00240963855422	1	0.00481927710843	2	0.0	0	0.0	0	415
0.564383561644	0.0027397260274	1	0.0027397260274	1	0.0	0	0.0	0	365
0.504672897196	0.0	0	0.0	0	0.0	0	0.0	0	535
0.497942386831	0.00617283950617	3	0.0164609053498	8	0.0	0	0.0	0	486
0.488	0.0	0	0.0	0	0.0	0	0.0	0	500
0.565217391304	0.00945179584121	5	0.0	0	0.0	0	0.0	0	529
0.531862745098	0.00245098039216	1	0.00490196078431	2	0.0	0	0.0	0	408
0.534791252485	0.00397614314115	2	0.00198807157058	1	0.0	0	0.0	0	503
0.612698412698	0.0	0	0.0	0	0.0	0	0.0	0	315
0.494845360825	0.00103092783505	1	0.00412371134021	4	0.0	0	0.0	0	970
0.523166023166	0.0019305019305	1	0.00579150579151	3	0.0	0	0.0	0	518
0.573208722741	0.0	0	0.0	0	0.0	0	0.0	0	321
0.546558704453	0.0	0	0.0	0	0.0	0	0.0	0	247
0.489966555184	0.0	0	0.0	0	0.0	0	0.0	0	598
0.521201413428	0.00706713780919	4	0.0106007067138	6	0.0	0	0.0	0	566
0.509661835749	0.00724637681159	3	0.0	0	0.0	0	0.0	0	414
0.558282208589	0.00306748466258	1	0.0	0	0.0	0	0.0	0	326
0.5734870317	0.0230547550432	8	0.0	0	0.0	0	0.0	0	347
0.520383693046	0.00959232613909	4	0.0119904076739	5	0.0	0	0.0	0	417
0.440548780488	0.0030487804878	2	0.0015243902439	1	0.0015243902439	1	0.0	0	656
0.575675675676	0.0135135135135	5	0.0	0	0.0	0	0.0	0	370
0.564489112228	0.00335008375209	2	0.00167504187605	1	0.00167504187605	1	0.0	0	597
0.510917030568	0.0	0	0.0	0	0.0	0	0.0	0	229
0.523297491039	0.00179211469534	1	0.0	0	0.0	0	0.0	0	558
0.585607940447	0.00248138957816	1	0.0124069478908	5	0.0	0	0.00248138957816	1	403
0.545454545455	0.00174825174825	1	0.00524475524476	3	0.0034965034965	2	0.0	0	572
0.479262672811	0.00307219662058	2	0.00153609831029	1	0.00153609831029	1	0.00307219662058	2	651
0.601904761905	0.00380952380952	2	0.00190476190476	1	0.0	0	0.0	0	525
0.566666666667	0.0025641025641	1	0.0	0	0.0	0	0.0	0	390
0.542168674699	0.00803212851406	4	0.00401606425703	2	0.0	0	0.0	0	498
0.492046659597	0.00954400848356	9	0.0	0	0.00212089077413	2	0.0	0	943
0.470404984424	0.0	0	0.00519210799585	5	0.0	0	0.0	0	963
0.558479532164	0.00877192982456	3	0.0	0	0.0	0	0.0	0	342
0.479111111111	0.00177777777778	2	0.00266666666667	3	0.00177777777778	2	0.0	0	1125
0.528673835125	0.00179211469534	1	0.0	0	0.00179211469534	1	0.0	0	558
0.448588709677	0.00806451612903	8	0.00302419354839	3	0.0	0	0.0	0	992
0.53228962818	0.00587084148728	3	0.0	0	0.0	0	0.0	0	511
0.5	0.00183823529412	1	0.00183823529412	1	0.0	0	0.0	0	544
0.584229390681	0.0143369175627	4	0.00358422939068	1	0.0	0	0.0	0	279
0.542473919523	0.00149031296572	1	0.0104321907601	7	0.00149031296572	1	0.0	0	671
0.552919708029	0.00729927007299	4	0.0036496350365	2	0.0	0	0.0	0	548
0.597765363128	0.0139664804469	5	0.00558659217877	2	0.0	0	0.00279329608939	1	358
0.503614457831	0.00120481927711	1	0.00361445783133	3	0.00120481927711	1	0.0	0	830
0.561403508772	0.0100250626566	4	0.00250626566416	1	0.0	0	0.00250626566416	1	399
0.625730994152	0.00584795321637	2	0.00292397660819	1	0.0	0	0.0	0	342
0.587336244541	0.0	0	0.0	0	0.0	0	0.0	0	458
0.503171247357	0.00211416490486	1	0.00422832980973	2	0.0	0	0.0	0	473
0.578048780488	0.0	0	0.00243902439024	1	0.0	0	0.0	0	410
0.580882352941	0.00980392156863	4	0.0	0	0.00245098039216	1	0.0	0	408
0.537610619469	0.0	0	0.00221238938053	1	0.0	0	0.0	0	452
0.675373134328	0.0	0	0.00373134328358	1	0.0	0	0.0	0	268
0.523346303502	0.00194552529183	1	0.00972762645914	5	0.0	0	0.0	0	514
0.517405063291	0.00791139240506	5	0.00158227848101	1	0.0	0	0.0	0	632
0.493693693694	0.0	0	0.0	0	0.0	0	0.0018018018018	1	555
0.497267759563	0.00136612021858	1	0.0	0	0.00273224043716	2	0.0	0	732
0.53893129771	0.00458015267176	3	0.0030534351145	2	0.0	0	0.0030534351145	2	655
0.485671191554	0.00754147812971	5	0.0	0	0.0	0	0.0	0	663
0.473076923077	0.0128205128205	10	0.00384615384615	3	0.00384615384615	3	0.00128205128205	1	780
0.47551342812	0.0	0	0.00315955766193	2	0.00157977883096	1	0.00315955766193	2	633
0.503048780488	0.00609756097561	4	0.00609756097561	4	0.0	0	0.0015243902439	1	656
0.540489642185	0.00188323917137	1	0.0	0	0.0	0	0.00188323917137	1	531
0.522408963585	0.00980392156863	7	0.00560224089636	4	0.0	0	0.0	0	714
0.527027027027	0.0135135135135	5	0.00540540540541	2	0.0	0	0.0	0	370
0.545662100457	0.0	0	0.00456621004566	2	0.00228310502283	1	0.0	0	438
0.532142857143	0.00357142857143	2	0.00892857142857	5	0.0	0	0.00357142857143	2	560
0.611111111111	0.00292397660819	1	0.0	0	0.0	0	0.00292397660819	1	342
0.494887525562	0.00613496932515	3	0.00204498977505	1	0.0	0	0.00204498977505	1	489
0.602591792657	0.0	0	0.0	0	0.0	0	0.0	0	463
0.47868852459	0.00983606557377	6	0.00655737704918	4	0.00327868852459	2	0.0	0	610
0.501086956522	0.0	0	0.00326086956522	3	0.00108695652174	1	0.0	0	920
0.477051460362	0.00417246175243	3	0.00417246175243	3	0.0	0	0.0	0	719
0.515217391304	0.00434782608696	2	0.00652173913043	3	0.00652173913043	3	0.0	0	460
0.492565055762	0.00557620817844	3	0.00185873605948	1	0.00185873605948	1	0.0	0	538
0.530172413793	0.00431034482759	3	0.0172413793103	12	0.0014367816092	1	0.0	0	696
0.462420382166	0.0114649681529	9	0.00509554140127	4	0.00127388535032	1	0.0	0	785
0.578651685393	0.00374531835206	2	0.00374531835206	2	0.0	0	0.0	0	534
0.497854077253	0.00286123032904	2	0.00143061516452	1	0.0	0	0.0	0	699
0.609004739336	0.00236966824645	1	0.0	0	0.00473933649289	2	0.0	0	422
0.547101449275	0.0036231884058	2	0.0036231884058	2	0.0018115942029	1	0.0	0	552
0.478481012658	0.00506329113924	2	0.0	0	0.0	0	0.0	0	395
0.549473684211	0.0	0	0.00210526315789	1	0.00421052631579	2	0.00210526315789	1	475
0.478005865103	0.00146627565982	1	0.00733137829912	5	0.00439882697947	3	0.0	0	682
0.46884272997	0.000989119683482	1	0.000989119683482	1	0.0	0	0.0	0	1011
0.571428571429	0.00303951367781	1	0.0	0	0.0	0	0.0	0	329
0.549777117385	0.0118870728083	8	0.00297176820208	2	0.0	0	0.0	0	673
0.62213740458	0.0114503816794	3	0.0	0	0.0	0	0.0	0	262
0.562962962963	0.00246913580247	1	0.00246913580247	1	0.00493827160494	2	0.0	0	405
0.543209876543	0.00352733686067	2	0.0	0	0.0	0	0.0	0	567
0.541832669323	0.0066401062417	5	0.00132802124834	1	0.0	0	0.0	0	753
0.513868613139	0.0029197080292	2	0.00583941605839	4	0.0	0	0.0029197080292	2	685
0.547297297297	0.0045045045045	2	0.00900900900901	4	0.0	0	0.0	0	444
0.515789473684	0.00789473684211	3	0.00789473684211	3	0.00263157894737	1	0.00526315789474	2	380
0.508982035928	0.00718562874251	6	0.00119760479042	1	0.0	0	0.0	0	835
0.487654320988	0.0	0	0.0	0	0.0	0	0.0	0	486
0.44633273703	0.00447227191413	5	0.000894454382826	1	0.0	0	0.0	0	1118
0.559888579387	0.00557103064067	2	0.00278551532033	1	0.0	0	0.0	0	359
0.54214559387	0.00574712643678	3	0.00383141762452	2	0.00383141762452	2	0.00191570881226	1	522
0.503134796238	0.0	0	0.0	0	0.00156739811912	1	0.00313479623824	2	638
0.462121212121	0.00094696969697	1	0.00094696969697	1	0.0	0	0.00189393939394	2	1056
0.575342465753	0.00821917808219	3	0.0	0	0.0	0	0.0109589041096	4	365
0.600508905852	0.00254452926209	1	0.00508905852417	2	0.0	0	0.00254452926209	1	393
0.459259259259	0.00740740740741	5	0.00740740740741	5	0.00592592592593	4	0.0	0	675
0.485645933014	0.0	0	0.00956937799043	4	0.0	0	0.0	0	418
0.456725755996	0.00938477580813	9	0.00417101147028	4	0.00104275286757	1	0.0	0	959
0.521739130435	0.00173913043478	1	0.0104347826087	6	0.0	0	0.0	0	575
0.546742209632	0.0	0	0.0056657223796	2	0.0	0	0.0	0	353
0.472839506173	0.0037037037037	3	0.0037037037037	3	0.0	0	0.0	0	810
0.486780715397	0.00466562986003	3	0.00155520995334	1	0.0	0	0.00155520995334	1	643
0.64552238806	0.00746268656716	2	0.0	0	0.0	0	0.0	0	268
0.558897243108	0.0	0	0.0100250626566	4	0.0	0	0.0	0	399
0.522222222222	0.0	0	0.0	0	0.0	0	0.0	0	450
0.508094645081	0.00498132004981	4	0.00373599003736	3	0.00124533001245	1	0.0	0	803
0.516483516484	0.00732600732601	4	0.00915750915751	5	0.0018315018315	1	0.0	0	546
0.581993569132	0.0	0	0.0032154340836	1	0.0	0	0.0	0	311
0.491271820449	0.00374064837905	3	0.0149625935162	12	0.00124688279302	1	0.0	0	802
0.436444444444	0.00355555555556	4	0.016	18	0.0	0	0.0	0	1125
0.525830258303	0.00553505535055	3	0.00184501845018	1	0.0	0	0.0	0	542
0.481695568401	0.00385356454721	2	0.0019267822736	1	0.0	0	0.0	0	519
0.497277676951	0.00181488203267	1	0.00181488203267	1	0.0	0	0.0	0	551
0.537634408602	0.00215053763441	1	0.0	0	0.0	0	0.0	0	465
0.551923076923	0.0134615384615	7	0.0	0	0.0	0	0.0	0	520
0.588486140725	0.00426439232409	2	0.00639658848614	3	0.0	0	0.0	0	469
0.574837310195	0.0	0	0.0	0	0.0	0	0.0	0	461
0.481981981982	0.00900900900901	6	0.0045045045045	3	0.0015015015015	1	0.0	0	666
0.486005089059	0.00127226463104	1	0.00508905852417	4	0.0	0	0.0	0	786
0.504854368932	0.00647249190939	4	0.00161812297735	1	0.0	0	0.0	0	618
0.489130434783	0.00155279503106	1	0.00155279503106	1	0.00155279503106	1	0.0	0	644
0.510309278351	0.0085910652921	5	0.00343642611684	2	0.00171821305842	1	0.0	0	582
0.521495327103	0.0018691588785	1	0.00560747663551	3	0.0018691588785	1	0.0	0	535
0.497368421053	0.00921052631579	7	0.00131578947368	1	0.00131578947368	1	0.0	0	760
0.52602739726	0.0013698630137	1	0.0	0	0.0	0	0.0	0	730
0.515646258503	0.0108843537415	8	0.00136054421769	1	0.00272108843537	2	0.0	0	735
0.468956406869	0.0	0	0.00396301188904	3	0.0	0	0.0	0	757
0.493624772313	0.0200364298725	11	0.0	0	0.0	0	0.0	0	549
0.527593818985	0.00662251655629	3	0.00441501103753	2	0.00441501103753	2	0.0	0	453
0.494214876033	0.0	0	0.0132231404959	8	0.0	0	0.0	0	605
0.525839793282	0.00129198966408	1	0.00129198966408	1	0.0	0	0.0	0	774
0.552062868369	0.00392927308448	2	0.00196463654224	1	0.0	0	0.0	0	509
0.398305084746	0.00776836158192	11	0.00494350282486	7	0.0021186440678	3	0.0	0	1416
0.40296803653	0.000570776255708	1	0.00513698630137	9	0.0	0	0.0	0	1752
0.474796747967	0.0	0	0.0	0	0.0	0	0.0	0	615
0.504563233377	0.00912646675359	7	0.0	0	0.0013037809648	1	0.0013037809648	1	767
0.506535947712	0.00217864923747	2	0.0	0	0.0	0	0.0	0	918
0.530172413793	0.00862068965517	4	0.00215517241379	1	0.0	0	0.0	0	464
0.506641366224	0.0208728652751	11	0.0	0	0.0	0	0.0	0	527
0.530303030303	0.010101010101	6	0.003367003367	2	0.0	0	0.0	0	594
0.498502994012	0.00449101796407	3	0.00898203592814	6	0.00149700598802	1	0.0	0	668
0.525616698292	0.00759013282732	4	0.00379506641366	2	0.0	0	0.00379506641366	2	527
0.48686244204	0.00618238021638	4	0.00309119010819	2	0.0015455950541	1	0.0	0	647
0.452449567723	0.00768491834774	8	0.00672430355427	7	0.0	0	0.00192122958694	2	1041
0.441791044776	0.00417910447761	7	0.00298507462687	5	0.00119402985075	2	0.0	0	1675
0.566878980892	0.0	0	0.0	0	0.0	0	0.0	0	471
0.542923433875	0.0	0	0.0	0	0.0	0	0.0	0	431
0.494117647059	0.00672268907563	4	0.00504201680672	3	0.0	0	0.0	0	595
0.526073619632	0.00766871165644	5	0.0	0	0.0	0	0.0	0	652
0.411284335561	0.0022271714922	3	0.0014847809948	2	0.00742390497402	10	0.000742390497402	1	1347
0.55069124424	0.0	0	0.00230414746544	1	0.0	0	0.0	0	434
0.589123867069	0.012084592145	4	0.00906344410876	3	0.00302114803625	1	0.0	0	331
0.356766256591	0.00738137082601	21	0.0	0	0.0	0	0.00105448154657	3	2845
0.475378787879	0.00378787878788	2	0.00568181818182	3	0.0	0	0.0	0	528
0.535452322738	0.0	0	0.0	0	0.0	0	0.0	0	409
0.532362459547	0.00161812297735	1	0.00161812297735	1	0.0	0	0.0	0	618
0.440548780488	0.0015243902439	1	0.00457317073171	3	0.0	0	0.0	0	656
0.482496194825	0.00608828006088	4	0.00456621004566	3	0.0	0	0.00152207001522	1	657
0.580821917808	0.0191780821918	7	0.0	0	0.0027397260274	1	0.0	0	365
0.525210084034	0.0063025210084	3	0.0	0	0.00210084033613	1	0.0	0	476
0.491967871486	0.0	0	0.0200803212851	10	0.00200803212851	1	0.0	0	498
0.510556621881	0.00191938579655	1	0.00191938579655	1	0.0	0	0.0	0	521
0.397171479081	0.00589275191514	10	0.0041249263406	7	0.000589275191514	1	0.000589275191514	1	1697
0.543788187373	0.0061099796334	3	0.0061099796334	3	0.0	0	0.0	0	491
0.537974683544	0.00949367088608	3	0.00632911392405	2	0.0	0	0.0	0	316
0.545667447307	0.0	0	0.0	0	0.00468384074941	2	0.0	0	427
0.528662420382	0.00424628450106	2	0.00424628450106	2	0.0	0	0.0	0	471
0.54704595186	0.00437636761488	2	0.0	0	0.0	0	0.00218818380744	1	457
0.514450867052	0.0	0	0.0028901734104	1	0.0	0	0.0	0	346
0.576754385965	0.00877192982456	4	0.00219298245614	1	0.00219298245614	1	0.0	0	456
0.590361445783	0.0	0	0.00481927710843	2	0.00240963855422	1	0.0	0	415
0.560460652591	0.00383877159309	2	0.0	0	0.0	0	0.0	0	521
0.618892508143	0.0130293159609	4	0.0	0	0.0	0	0.0	0	307
0.530434782609	0.00652173913043	3	0.00217391304348	1	0.0	0	0.0	0	460
0.499111900533	0.0106571936057	6	0.00532859680284	3	0.00710479573712	4	0.0	0	563
0.447495961228	0.00807754442649	5	0.0	0	0.0	0	0.0	0	619
0.432231404959	0.00330578512397	4	0.00247933884298	3	0.0	0	0.0	0	1210
0.542654028436	0.00473933649289	2	0.0	0	0.0	0	0.0	0	422
0.522831050228	0.0	0	0.0182648401826	8	0.0	0	0.0	0	438
0.586666666667	0.0	0	0.00266666666667	1	0.0	0	0.0	0	375
0.545296167247	0.0	0	0.0	0	0.00174216027875	1	0.00174216027875	1	574
0.52027027027	0.00225225225225	1	0.0	0	0.00225225225225	1	0.00225225225225	1	444
0.524945770065	0.00433839479393	2	0.0	0	0.0	0	0.00216919739696	1	461
0.555803571429	0.0	0	0.00223214285714	1	0.0	0	0.0	0	448
0.505649717514	0.00564971751412	4	0.0112994350282	8	0.0	0	0.0	0	708
0.57196969697	0.0151515151515	4	0.0	0	0.0	0	0.0	0	264
0.621559633028	0.0	0	0.00229357798165	1	0.0	0	0.0	0	436
0.556640625	0.0	0	0.0	0	0.0	0	0.0	0	512
0.467571644042	0.0196078431373	13	0.0	0	0.0	0	0.0	0	663
0.538126361656	0.00435729847495	2	0.00435729847495	2	0.0	0	0.0	0	459
0.58125	0.0	0	0.0	0	0.0	0	0.0	0	320
0.551181102362	0.00787401574803	4	0.00787401574803	4	0.00196850393701	1	0.0	0	508
0.630952380952	0.0	0	0.0	0	0.00396825396825	1	0.0	0	252
0.523178807947	0.0	0	0.00165562913907	1	0.0	0	0.0	0	604
0.693251533742	0.0	0	0.0	0	0.0	0	0.0184049079755	3	163
0.477578475336	0.0112107623318	5	0.0	0	0.0	0	0.0	0	446
0.608955223881	0.0	0	0.0	0	0.0	0	0.0	0	335
0.51568627451	0.00196078431373	1	0.0078431372549	4	0.0	0	0.0	0	510
0.570038910506	0.00583657587549	3	0.00194552529183	1	0.00194552529183	1	0.00972762645914	5	514
0.5325	0.005	4	0.0025	2	0.0	0	0.0	0	800
0.525911708253	0.00191938579655	1	0.00767754318618	4	0.0	0	0.0	0	521
0.536332179931	0.0103806228374	6	0.0	0	0.0	0	0.0	0	578
0.52268907563	0.00336134453782	2	0.00840336134454	5	0.0	0	0.0	0	595
0.529891304348	0.0108695652174	8	0.0	0	0.00135869565217	1	0.0	0	736
0.512552301255	0.00418410041841	2	0.00627615062762	3	0.0	0	0.0	0	478
0.655172413793	0.00862068965517	2	0.0	0	0.0	0	0.00431034482759	1	232
0.502636203866	0.00527240773286	3	0.00702987697715	4	0.00351493848858	2	0.0	0	569
0.508474576271	0.0075329566855	4	0.00188323917137	1	0.00188323917137	1	0.0	0	531
0.473773265651	0.00507614213198	3	0.00169204737733	1	0.00338409475465	2	0.0	0	591
0.477954144621	0.00529100529101	3	0.00881834215168	5	0.0	0	0.0	0	567
0.59796437659	0.0	0	0.0	0	0.0	0	0.0	0	393
0.55737704918	0.0	0	0.00327868852459	1	0.0	0	0.0	0	305
0.588709677419	0.00806451612903	3	0.0	0	0.00537634408602	2	0.0	0	372
0.56008583691	0.00643776824034	3	0.0	0	0.0	0	0.0	0	466
0.541202672606	0.0022271714922	1	0.0	0	0.0	0	0.0	0	449
0.518595041322	0.00619834710744	3	0.00206611570248	1	0.00206611570248	1	0.0	0	484
0.508353221957	0.0035799522673	3	0.00835322195704	7	0.0	0	0.0	0	838
0.55114822547	0.0	0	0.00417536534447	2	0.00208768267223	1	0.00417536534447	2	479
0.578947368421	0.00228832951945	1	0.0	0	0.0	0	0.0	0	437
0.519015659955	0.00671140939597	3	0.0	0	0.00223713646532	1	0.0	0	447
0.516423357664	0.00547445255474	3	0.0200729927007	11	0.00182481751825	1	0.00182481751825	1	548
0.60752688172	0.00537634408602	1	0.010752688172	2	0.0	0	0.0	0	186
0.594366197183	0.00281690140845	1	0.0	0	0.0	0	0.0	0	355
0.490909090909	0.00454545454545	3	0.0	0	0.0	0	0.0	0	660
0.503480278422	0.0	0	0.0	0	0.0	0	0.0	0	431
0.567970204842	0.00931098696462	5	0.00558659217877	3	0.0	0	0.0	0	537
0.563963963964	0.00540540540541	3	0.00540540540541	3	0.0	0	0.0018018018018	1	555
0.70297029703	0.0	0	0.0	0	0.0049504950495	1	0.0	0	202
0.512670565302	0.00779727095517	4	0.0	0	0.0	0	0.0	0	513
0.69512195122	0.0121951219512	2	0.0	0	0.0	0	0.0	0	164
0.507380073801	0.00369003690037	2	0.0129151291513	7	0.00184501845018	1	0.0	0	542
0.553884711779	0.00501253132832	2	0.00751879699248	3	0.00250626566416	1	0.0	0	399
0.55710955711	0.00699300699301	3	0.00699300699301	3	0.0	0	0.0	0	429
0.572744014733	0.00552486187845	3	0.00552486187845	3	0.0	0	0.0	0	543
0.498529411765	0.0117647058824	8	0.00441176470588	3	0.00147058823529	1	0.0	0	680
0.595348837209	0.0093023255814	4	0.00232558139535	1	0.0	0	0.0	0	430
0.484162895928	0.0	0	0.0	0	0.0	0	0.0	0	442
0.566191446029	0.0020366598778	1	0.0040733197556	2	0.0	0	0.0020366598778	1	491
0.582375478927	0.00383141762452	1	0.00766283524904	2	0.0	0	0.0	0	261
0.508650519031	0.00173010380623	1	0.00173010380623	1	0.0	0	0.0	0	578
0.489146164978	0.00578871201158	4	0.00434153400868	3	0.0	0	0.00144717800289	1	691
0.542465753425	0.013698630137	5	0.013698630137	5	0.0	0	0.0	0	365
0.640883977901	0.00552486187845	1	0.0	0	0.0	0	0.0	0	181
0.518301610542	0.00585651537335	4	0.00439238653001	3	0.00146412884334	1	0.00292825768668	2	683
0.493870402802	0.00175131348511	1	0.0	0	0.0	0	0.0	0	571
0.553376906318	0.00217864923747	1	0.00435729847495	2	0.0	0	0.0	0	459
0.519480519481	0.0021645021645	1	0.0021645021645	1	0.0021645021645	1	0.0	0	462
0.712195121951	0.00487804878049	1	0.00975609756098	2	0.0	0	0.0	0	205
0.601423487544	0.0	0	0.0	0	0.00355871886121	1	0.0	0	281
0.586319218241	0.00325732899023	1	0.00325732899023	1	0.00325732899023	1	0.0	0	307
0.608510638298	0.00425531914894	1	0.0	0	0.0	0	0.0	0	235
0.529801324503	0.0	0	0.0	0	0.0	0	0.0	0	453
0.462328767123	0.0	0	0.00228310502283	2	0.0	0	0.00228310502283	2	876
0.530201342282	0.00223713646532	1	0.0	0	0.00447427293065	2	0.0	0	447
0.597701149425	0.00383141762452	1	0.0	0	0.0	0	0.0	0	261
0.547572815534	0.0	0	0.0	0	0.0	0	0.0	0	515
0.542168674699	0.00722891566265	3	0.0	0	0.00481927710843	2	0.0	0	415
0.523385300668	0.0022271714922	1	0.0022271714922	1	0.00445434298441	2	0.0	0	449
0.548013245033	0.00331125827815	2	0.00331125827815	2	0.0	0	0.0	0	604
0.510978043912	0.0	0	0.0	0	0.0	0	0.0	0	501
0.528511821975	0.00417246175243	3	0.00834492350487	6	0.00139082058414	1	0.0	0	719
0.486614173228	0.00314960629921	2	0.00787401574803	5	0.00157480314961	1	0.0	0	635
0.522954091816	0.00998003992016	5	0.0059880239521	3	0.0	0	0.0	0	501
0.585657370518	0.0119521912351	3	0.0159362549801	4	0.0	0	0.0	0	251
0.518779342723	0.00469483568075	2	0.0140845070423	6	0.0	0	0.00469483568075	2	426
0.574829931973	0.00510204081633	3	0.0119047619048	7	0.0	0	0.0	0	588
0.536082474227	0.00257731958763	1	0.00257731958763	1	0.00257731958763	1	0.0	0	388
0.504294478528	0.00490797546012	4	0.00122699386503	1	0.00245398773006	2	0.00245398773006	2	815
0.534988713318	0.00225733634312	1	0.00451467268623	2	0.0	0	0.0	0	443
0.6	0.00597014925373	2	0.0	0	0.0	0	0.0	0	335
0.496666666667	0.00833333333333	5	0.00333333333333	2	0.00666666666667	4	0.0	0	600
0.514223194748	0.00218818380744	1	0.0175054704595	8	0.0	0	0.00218818380744	1	457
0.582582582583	0.003003003003	1	0.0	0	0.0	0	0.0	0	333
0.419525065963	0.00131926121372	1	0.00923482849604	7	0.00395778364116	3	0.0	0	758
0.537837837838	0.0027027027027	1	0.0	0	0.0	0	0.0	0	370
0.532627865961	0.00352733686067	2	0.00529100529101	3	0.0	0	0.00176366843034	1	567
0.540955631399	0.0	0	0.00170648464164	1	0.0	0	0.0	0	586
0.505190311419	0.00346020761246	2	0.00519031141869	3	0.0	0	0.0	0	578
0.571106094808	0.00677200902935	3	0.00225733634312	1	0.0	0	0.0	0	443
0.585427135678	0.00251256281407	1	0.0	0	0.0	0	0.0	0	398
0.471172962227	0.00894632206759	9	0.00198807157058	2	0.0	0	0.0	0	1006
0.485557083906	0.0110041265475	8	0.00550206327373	4	0.00137551581843	1	0.0	0	727
0.514662756598	0.00293255131965	2	0.0058651026393	4	0.00293255131965	2	0.00146627565982	1	682
0.576642335766	0.00583941605839	4	0.0	0	0.0	0	0.0	0	685
0.489208633094	0.00359712230216	2	0.00359712230216	2	0.0	0	0.0	0	556
0.645933014354	0.0239234449761	5	0.0	0	0.0	0	0.0	0	209
0.521197007481	0.0	0	0.00249376558603	1	0.0	0	0.0	0	401
0.571194762684	0.00163666121113	1	0.00163666121113	1	0.0	0	0.00163666121113	1	611
0.511137162954	0.00351699882767	3	0.00117233294256	1	0.0	0	0.0	0	853
0.516483516484	0.0	0	0.00313971742543	2	0.00470957613815	3	0.0	0	637
0.542944785276	0.00153374233129	1	0.0	0	0.0	0	0.0	0	652
0.524407252441	0.00976290097629	7	0.00418410041841	3	0.0	0	0.00139470013947	1	717
0.554770318021	0.0	0	0.0	0	0.0	0	0.0	0	283
0.528301886792	0.00314465408805	2	0.0062893081761	4	0.0	0	0.00314465408805	2	636
0.481717011129	0.00158982511924	1	0.00158982511924	1	0.0	0	0.0	0	629
0.489104116223	0.00726392251816	6	0.00847457627119	7	0.0	0	0.0	0	826
0.569196428571	0.00446428571429	2	0.0	0	0.0	0	0.0	0	448
0.614906832298	0.0155279503106	5	0.0124223602484	4	0.0	0	0.0	0	322
0.539912917271	0.00580551523948	4	0.00145137880987	1	0.0	0	0.0	0	689
0.563492063492	0.00595238095238	3	0.0	0	0.00198412698413	1	0.0	0	504
0.513005780347	0.0014450867052	1	0.00433526011561	3	0.0014450867052	1	0.0014450867052	1	692
0.457184325109	0.00580551523948	4	0.0130624092888	9	0.0	0	0.0	0	689
0.448979591837	0.00102040816327	1	0.00714285714286	7	0.0	0	0.0	0	980
0.545714285714	0.00428571428571	3	0.00285714285714	2	0.0	0	0.0	0	700
0.469945355191	0.00546448087432	5	0.00437158469945	4	0.00109289617486	1	0.00109289617486	1	915
0.524256651017	0.00156494522692	1	0.00156494522692	1	0.00469483568075	3	0.0	0	639
0.527839643653	0.00668151447661	3	0.0	0	0.0	0	0.0	0	449
0.536507936508	0.0	0	0.00634920634921	2	0.0	0	0.0	0	315
0.53154875717	0.0057361376673	3	0.0	0	0.0019120458891	1	0.0	0	523
0.575057736721	0.0	0	0.00230946882217	1	0.0	0	0.0	0	433
0.534939759036	0.00481927710843	2	0.00481927710843	2	0.0	0	0.00240963855422	1	415
0.484472049689	0.00310559006211	2	0.00621118012422	4	0.0108695652174	7	0.0	0	644
0.567307692308	0.00240384615385	1	0.0	0	0.0	0	0.0	0	416
0.570512820513	0.00641025641026	2	0.00320512820513	1	0.0	0	0.0	0	312
0.653846153846	0.0	0	0.0	0	0.0	0	0.0034965034965	1	286
0.554298642534	0.00226244343891	1	0.00678733031674	3	0.0	0	0.0	0	442
0.539961013645	0.00194931773879	1	0.00779727095517	4	0.0	0	0.0	0	513
0.519157088123	0.00574712643678	3	0.0114942528736	6	0.0	0	0.0	0	522
0.601769911504	0.00294985250737	1	0.0	0	0.0	0	0.00294985250737	1	339
0.538812785388	0.0	0	0.00456621004566	2	0.0	0	0.0	0	438
0.485829959514	0.0	0	0.0	0	0.0	0	0.0	0	494
0.525150905433	0.00402414486922	2	0.00402414486922	2	0.0	0	0.0	0	497
0.619047619048	0.0	0	0.0	0	0.0	0	0.0	0	231
0.503861003861	0.0019305019305	1	0.0019305019305	1	0.0019305019305	1	0.0	0	518
0.531958762887	0.00618556701031	3	0.0020618556701	1	0.0020618556701	1	0.00618556701031	3	485
0.636942675159	0.0031847133758	1	0.0	0	0.0	0	0.0	0	314
0.608294930876	0.0	0	0.0	0	0.0	0	0.0	0	217
0.564482029598	0.00211416490486	1	0.00211416490486	1	0.0	0	0.0	0	473
0.455508474576	0.00529661016949	5	0.00317796610169	3	0.0010593220339	1	0.0	0	944
0.519305019305	0.011583011583	6	0.00579150579151	3	0.003861003861	2	0.0	0	518
0.510613207547	0.0	0	0.00117924528302	1	0.0	0	0.0	0	848
0.53125	0.00520833333333	3	0.00347222222222	2	0.0	0	0.0	0	576
0.556350626118	0.00357781753131	2	0.0	0	0.0	0	0.0	0	559
0.498599439776	0.00840336134454	6	0.00140056022409	1	0.00140056022409	1	0.00280112044818	2	714
0.571428571429	0.00213219616205	1	0.00639658848614	3	0.0	0	0.0	0	469
0.552521008403	0.00840336134454	4	0.0	0	0.0	0	0.0	0	476
0.506906077348	0.00552486187845	4	0.00276243093923	2	0.00138121546961	1	0.0	0	724
0.575221238938	0.00221238938053	1	0.0	0	0.00221238938053	1	0.0	0	452
0.462365591398	0.00358422939068	2	0.0	0	0.0	0	0.0	0	558
0.701754385965	0.00438596491228	1	0.00438596491228	1	0.00438596491228	1	0.0	0	228
0.586666666667	0.0	0	0.0	0	0.00266666666667	1	0.00266666666667	1	375
0.55	0.0	0	0.00238095238095	1	0.0047619047619	2	0.0	0	420
0.545611015491	0.00516351118761	3	0.00516351118761	3	0.00172117039587	1	0.00172117039587	1	581
0.496815286624	0.00212314225053	1	0.00849256900212	4	0.00212314225053	1	0.0	0	471
0.530737704918	0.00204918032787	1	0.0	0	0.00204918032787	1	0.00204918032787	1	488
0.577981651376	0.0	0	0.00229357798165	1	0.00229357798165	1	0.00229357798165	1	436
0.538704581359	0.00631911532385	4	0.00157977883096	1	0.0	0	0.00157977883096	1	633
0.542986425339	0.00301659125189	2	0.00754147812971	5	0.0	0	0.0	0	663
0.517171717172	0.0	0	0.0020202020202	1	0.0	0	0.0	0	495
0.494514767932	0.00590717299578	7	0.00084388185654	1	0.0	0	0.00168776371308	2	1185
0.456810631229	0.0	0	0.00166112956811	1	0.00166112956811	1	0.0	0	602
0.562730627306	0.00738007380074	4	0.00553505535055	3	0.0	0	0.0	0	542
0.523346303502	0.00389105058366	2	0.00778210116732	4	0.00194552529183	1	0.0	0	514
0.497444633731	0.00170357751278	1	0.00851788756388	5	0.00340715502555	2	0.0	0	587
0.543243243243	0.00540540540541	2	0.0	0	0.0	0	0.0	0	370
0.48644338118	0.00159489633174	1	0.00637958532695	4	0.0	0	0.0	0	627
0.597315436242	0.00167785234899	1	0.00335570469799	2	0.0	0	0.00167785234899	1	596
0.503649635036	0.00547445255474	3	0.00729927007299	4	0.0	0	0.00182481751825	1	548
0.550847457627	0.00635593220339	3	0.0	0	0.0021186440678	1	0.0	0	472
0.482678983834	0.00230946882217	2	0.00230946882217	2	0.00115473441109	1	0.00115473441109	1	866
0.475714285714	0.00142857142857	1	0.00428571428571	3	0.0	0	0.0	0	700
0.513437057992	0.002828854314	2	0.00565770862801	4	0.0	0	0.0	0	707
0.492682926829	0.00487804878049	4	0.00487804878049	4	0.0	0	0.0	0	820
0.513468013468	0.00841750841751	5	0.0016835016835	1	0.0	0	0.0	0	594
0.506822612086	0.00974658869396	5	0.00389863547758	2	0.0	0	0.0	0	513
0.506646971935	0.0	0	0.00147710487445	1	0.0	0	0.0	0	677
0.525	0.0	0	0.00208333333333	1	0.0	0	0.0	0	480
0.490820073439	0.00122399020808	1	0.0	0	0.0	0	0.00367197062424	3	817
0.446096654275	0.0123915737299	10	0.0086741016109	7	0.00247831474597	2	0.0	0	807
0.543548387097	0.00322580645161	2	0.00161290322581	1	0.00322580645161	2	0.00322580645161	2	620
0.444705882353	0.00235294117647	2	0.00352941176471	3	0.00117647058824	1	0.00117647058824	1	850
0.592592592593	0.00308641975309	1	0.0	0	0.0	0	0.00308641975309	1	324
0.500866551127	0.0	0	0.0	0	0.00173310225303	1	0.0	0	577
0.5078125	0.001953125	1	0.005859375	3	0.001953125	1	0.0	0	512
0.517973856209	0.00326797385621	2	0.0016339869281	1	0.0	0	0.0	0	612
0.573298429319	0.0	0	0.0	0	0.0	0	0.0	0	382
0.520792079208	0.0	0	0.0	0	0.0	0	0.0	0	505
0.640939597315	0.0	0	0.0	0	0.0	0	0.0	0	298
0.59298245614	0.00701754385965	2	0.0	0	0.0	0	0.0	0	285
0.519713261649	0.00179211469534	1	0.00179211469534	1	0.0	0	0.0	0	558
0.475925925926	0.00555555555556	6	0.000925925925926	1	0.0	0	0.00185185185185	2	1080
0.583596214511	0.00315457413249	1	0.0157728706625	5	0.0	0	0.0	0	317
0.466045272969	0.00133155792277	1	0.0	0	0.0	0	0.0	0	751
0.498977505112	0.0143149284254	7	0.0	0	0.00204498977505	1	0.0040899795501	2	489
0.471014492754	0.00621118012422	6	0.00517598343685	5	0.00414078674948	4	0.00103519668737	1	966
0.467614533965	0.00473933649289	3	0.00157977883096	1	0.00157977883096	1	0.00157977883096	1	633
0.539156626506	0.00301204819277	1	0.00602409638554	2	0.0	0	0.0	0	332
0.543325526932	0.00702576112412	3	0.00234192037471	1	0.0	0	0.0	0	427
0.56798245614	0.00219298245614	1	0.00219298245614	1	0.0	0	0.0	0	456
0.514333895447	0.00168634064081	1	0.00505902192243	3	0.0	0	0.0	0	593
0.497354497354	0.00176366843034	1	0.0	0	0.0	0	0.00176366843034	1	567
0.510373443983	0.00414937759336	2	0.00207468879668	1	0.0145228215768	7	0.0	0	482
0.555555555556	0.0	0	0.00191570881226	1	0.00191570881226	1	0.0	0	522
0.518518518519	0.00444444444444	3	0.00296296296296	2	0.00444444444444	3	0.0	0	675
0.47866419295	0.00185528756957	1	0.00556586270872	3	0.0	0	0.0	0	539
0.602777777778	0.0138888888889	5	0.0	0	0.0	0	0.0	0	360
0.549707602339	0.00194931773879	1	0.00389863547758	2	0.0	0	0.0	0	513
0.536290322581	0.00268817204301	2	0.010752688172	8	0.00134408602151	1	0.0	0	744
0.533820840951	0.0018281535649	1	0.0036563071298	2	0.0054844606947	3	0.0	0	547
0.520572450805	0.0	0	0.0	0	0.0	0	0.0	0	559
0.478321678322	0.00839160839161	6	0.00559440559441	4	0.0027972027972	2	0.0	0	715
0.581333333333	0.0	0	0.008	3	0.0	0	0.0	0	375
0.426056338028	0.0176056338028	20	0.0	0	0.0	0	0.0	0	1136
0.556962025316	0.0	0	0.00759493670886	3	0.00253164556962	1	0.00506329113924	2	395
0.535714285714	0.00255102040816	1	0.0	0	0.0	0	0.0	0	392
0.511764705882	0.00117647058824	1	0.0	0	0.0	0	0.0	0	850
0.521072796935	0.00191570881226	1	0.0	0	0.00574712643678	3	0.0	0	522
0.539351851852	0.0	0	0.0	0	0.0	0	0.0	0	432
0.505434782609	0.00135869565217	1	0.0	0	0.00135869565217	1	0.0	0	736
0.488413547237	0.00356506238859	2	0.00534759358289	3	0.0	0	0.0	0	561
0.518450184502	0.00184501845018	1	0.0129151291513	7	0.0	0	0.0	0	542
0.513833992095	0.00592885375494	3	0.0	0	0.0	0	0.0	0	506
0.487483530962	0.00263504611331	2	0.00527009222661	4	0.00131752305665	1	0.0	0	759
0.573275862069	0.00215517241379	1	0.00215517241379	1	0.0	0	0.0	0	464
0.559068219634	0.00166389351082	1	0.00166389351082	1	0.0	0	0.00332778702163	2	601
0.553418803419	0.0	0	0.0	0	0.0	0	0.0	0	468
0.505804311774	0.00331674958541	2	0.00331674958541	2	0.0	0	0.0016583747927	1	603
0.492569002123	0.00212314225053	1	0.00636942675159	3	0.0	0	0.0	0	471
0.53531598513	0.0	0	0.00185873605948	1	0.0	0	0.0	0	538
0.530398322851	0.0104821802935	5	0.0020964360587	1	0.0	0	0.0020964360587	1	477
0.404266389178	0.000520291363163	1	0.000520291363163	1	0.000520291363163	1	0.0	0	1922
0.47263681592	0.00870646766169	7	0.00497512437811	4	0.00124378109453	1	0.0	0	804
0.614925373134	0.00298507462687	1	0.00298507462687	1	0.0	0	0.0	0	335
0.505219206681	0.0125260960334	6	0.00208768267223	1	0.0	0	0.0	0	479
0.393629807692	0.00420673076923	7	0.00120192307692	2	0.000600961538462	1	0.00240384615385	4	1664
0.48493543759	0.00143472022956	1	0.0	0	0.00143472022956	1	0.0	0	697
0.528368794326	0.00709219858156	4	0.00177304964539	1	0.0	0	0.00177304964539	1	564
0.502994011976	0.0	0	0.00399201596806	2	0.00199600798403	1	0.0	0	501
0.454545454545	0.000891265597148	1	0.00445632798574	5	0.000891265597148	1	0.0	0	1122
0.44936086529	0.00688298918387	7	0.00491642084562	5	0.0	0	0.000983284169125	1	1017
0.5	0.00325379609544	3	0.00108459869848	1	0.0	0	0.0	0	922
0.602941176471	0.00735294117647	3	0.00245098039216	1	0.00245098039216	1	0.00490196078431	2	408
0.532038834951	0.00194174757282	1	0.00388349514563	2	0.0	0	0.00388349514563	2	515
0.465665236052	0.0128755364807	12	0.00214592274678	2	0.0	0	0.0	0	932
0.482580645161	0.0	0	0.0	0	0.0	0	0.0	0	775
0.466372657111	0.0110253583241	10	0.00992282249173	9	0.00110253583241	1	0.0	0	907
0.522388059701	0.0	0	0.00497512437811	2	0.0	0	0.0	0	402
0.603139013453	0.00224215246637	1	0.00224215246637	1	0.00224215246637	1	0.0	0	446
0.487525987526	0.00935550935551	9	0.0031185031185	3	0.0	0	0.0	0	962
0.553359683794	0.0	0	0.0	0	0.0	0	0.0	0	506
0.609053497942	0.00411522633745	1	0.00411522633745	1	0.0	0	0.0	0	243
0.565217391304	0.00905797101449	5	0.0	0	0.0	0	0.0	0	552
0.534979423868	0.00411522633745	2	0.0	0	0.00205761316872	1	0.0	0	486
0.505763688761	0.0028818443804	2	0.0014409221902	1	0.0014409221902	1	0.0	0	694
0.509090909091	0.00181818181818	1	0.00181818181818	1	0.00363636363636	2	0.0	0	550
0.546694648478	0.00524658971668	5	0.00314795383001	3	0.00104931794334	1	0.0	0	953
0.553191489362	0.00709219858156	3	0.00709219858156	3	0.0	0	0.0	0	423
0.542553191489	0.0186170212766	7	0.0	0	0.0	0	0.0	0	376
0.47911227154	0.00261096605744	2	0.0104438642298	8	0.0	0	0.0	0	766
0.492753623188	0.0036231884058	2	0.0018115942029	1	0.0018115942029	1	0.0	0	552
0.491452991453	0.00569800569801	4	0.0014245014245	1	0.0	0	0.0	0	702
0.524553571429	0.0	0	0.00446428571429	2	0.0	0	0.0	0	448
0.416	0.00266666666667	4	0.00266666666667	4	0.0	0	0.0	0	1500
0.622710622711	0.0	0	0.003663003663	1	0.0	0	0.0	0	273
0.542780748663	0.00534759358289	2	0.00267379679144	1	0.0	0	0.0	0	374
0.580808080808	0.0	0	0.010101010101	4	0.0	0	0.0	0	396
0.459863945578	0.0	0	0.00408163265306	3	0.0	0	0.0	0	735
0.512022630835	0.001414427157	1	0.0	0	0.0	0	0.0	0	707
0.388888888889	0.000918273645546	2	0.000918273645546	2	0.00183654729109	4	0.0	0	2178
0.477695167286	0.00371747211896	2	0.00371747211896	2	0.0	0	0.0	0	538
0.547945205479	0.0	0	0.00195694716243	1	0.0	0	0.0	0	511
0.44262295082	0.0063051702396	5	0.0100882723834	8	0.0	0	0.0	0	793
0.490942028986	0.0018115942029	1	0.0108695652174	6	0.0	0	0.0	0	552
0.553971486762	0.0040733197556	2	0.0	0	0.0	0	0.0020366598778	1	491
0.534069981584	0.0	0	0.0	0	0.0	0	0.0	0	543
0.524528301887	0.00125786163522	1	0.0	0	0.0	0	0.0	0	795
0.520153550864	0.00383877159309	2	0.0	0	0.0	0	0.0	0	521
0.512751677852	0.0107382550336	8	0.00536912751678	4	0.0	0	0.0	0	745
0.548463356974	0.00236406619385	1	0.00472813238771	2	0.0	0	0.0	0	423
0.525984251969	0.00314960629921	2	0.00157480314961	1	0.0	0	0.0	0	635
0.75	0.0	0	0.0	0	0.0	0	0.0	0	84
0.566985645933	0.00478468899522	2	0.0	0	0.0	0	0.0	0	418
0.497520661157	0.00165289256198	1	0.0	0	0.00330578512397	2	0.00165289256198	1	605
0.577878103837	0.0135440180587	6	0.0	0	0.0	0	0.0	0	443
0.593869731801	0.0	0	0.0	0	0.0	0	0.0	0	261
0.511504424779	0.00176991150442	1	0.00530973451327	3	0.0	0	0.0	0	565
0.536184210526	0.0	0	0.0	0	0.0	0	0.0	0	304
0.521298174442	0.00405679513185	2	0.00405679513185	2	0.00202839756592	1	0.00202839756592	1	493
0.493413173653	0.00359281437126	3	0.00239520958084	2	0.00119760479042	1	0.0	0	835
0.518	0.004	2	0.004	2	0.0	0	0.0	0	500
0.423701298701	0.00324675324675	2	0.00487012987013	3	0.0	0	0.0	0	616
0.479069767442	0.0	0	0.0	0	0.00232558139535	2	0.00232558139535	2	860
0.517976031957	0.00266311584554	2	0.00266311584554	2	0.0	0	0.0	0	751
0.478760045924	0.00459242250287	4	0.00459242250287	4	0.00114810562572	1	0.00114810562572	1	871
0.557761732852	0.00361010830325	2	0.0108303249097	6	0.00361010830325	2	0.0	0	554
0.521495327103	0.00373831775701	2	0.0018691588785	1	0.0	0	0.0	0	535
0.51404494382	0.0	0	0.0	0	0.00280898876404	1	0.0	0	356
0.546623794212	0.0048231511254	3	0.0048231511254	3	0.0016077170418	1	0.0	0	622
0.502596053998	0.00415368639668	4	0.00103842159917	1	0.0	0	0.0	0	963
0.559139784946	0.0	0	0.00537634408602	2	0.0	0	0.0	0	372
0.543739279588	0.00686106346484	4	0.00857632933105	5	0.0	0	0.0	0	583
0.512820512821	0.00213675213675	1	0.0042735042735	2	0.0	0	0.0	0	468
0.430994152047	0.00877192982456	15	0.00233918128655	4	0.0	0	0.000584795321637	1	1710
0.494672754947	0.00304414003044	2	0.0197869101979	13	0.0	0	0.0	0	657
0.502298850575	0.00114942528736	1	0.00114942528736	1	0.0	0	0.0	0	870
0.532150776053	0.00665188470067	3	0.00221729490022	1	0.0	0	0.0	0	451
0.570498915401	0.00433839479393	2	0.0	0	0.0	0	0.0	0	461
0.593471810089	0.00593471810089	2	0.0	0	0.0	0	0.0	0	337
0.533512064343	0.0107238605898	4	0.0187667560322	7	0.0	0	0.0	0	373
0.559360730594	0.00456621004566	2	0.00456621004566	2	0.00456621004566	2	0.00228310502283	1	438
0.544600938967	0.00156494522692	1	0.00156494522692	1	0.0	0	0.0	0	639
0.531779661017	0.0	0	0.0	0	0.0	0	0.0	0	472
0.536206896552	0.0120689655172	7	0.0	0	0.0	0	0.0	0	580
0.460957178841	0.0100755667506	8	0.0125944584383	10	0.0	0	0.00125944584383	1	794
0.569204152249	0.00173010380623	1	0.00346020761246	2	0.0	0	0.0	0	578
0.463087248322	0.0	0	0.0	0	0.0	0	0.0	0	447
0.572192513369	0.00267379679144	1	0.0	0	0.0	0	0.0	0	374
0.607913669065	0.00359712230216	1	0.0	0	0.0	0	0.0	0	278
0.563636363636	0.0	0	0.0	0	0.0	0	0.0	0	275
0.4703125	0.0078125	5	0.0046875	3	0.0015625	1	0.0	0	640
0.506230529595	0.00311526479751	2	0.00311526479751	2	0.00311526479751	2	0.00311526479751	2	642
0.559322033898	0.0	0	0.0	0	0.0101694915254	3	0.0	0	295
0.554263565891	0.0	0	0.00387596899225	2	0.0	0	0.0	0	516
0.52772073922	0.00205338809035	1	0.0	0	0.0	0	0.0041067761807	2	487
0.535135135135	0.0036036036036	2	0.00540540540541	3	0.0	0	0.0	0	555
0.543352601156	0.0173410404624	6	0.0173410404624	6	0.0	0	0.0	0	346
0.562790697674	0.00232558139535	1	0.00232558139535	1	0.00232558139535	1	0.00232558139535	1	430
0.486301369863	0.00342465753425	2	0.00856164383562	5	0.0	0	0.0	0	584
0.58883248731	0.00253807106599	1	0.0	0	0.0	0	0.0	0	394
0.583850931677	0.0	0	0.0	0	0.00931677018634	3	0.0	0	322
0.554245283019	0.0165094339623	7	0.00707547169811	3	0.0	0	0.0	0	424
0.497403946002	0.0114226375909	11	0.0	0	0.00103842159917	1	0.0	0	963
0.565420560748	0.00934579439252	4	0.0	0	0.0	0	0.00233644859813	1	428
0.595174262735	0.00536193029491	2	0.00536193029491	2	0.0	0	0.0	0	373
0.639484978541	0.00429184549356	1	0.00858369098712	2	0.0	0	0.0	0	233
0.535802469136	0.0	0	0.0	0	0.0	0	0.0	0	405
0.544262295082	0.0	0	0.0	0	0.00983606557377	3	0.0	0	305
0.535087719298	0.0	0	0.0	0	0.0	0	0.0	0	456
0.535211267606	0.0105633802817	6	0.00176056338028	1	0.00176056338028	1	0.0	0	568
0.556195965418	0.00576368876081	2	0.0	0	0.0	0	0.0	0	347
0.555110220441	0.00400801603206	2	0.00400801603206	2	0.0	0	0.00400801603206	2	499
0.480613893376	0.00403877221325	5	0.0	0	0.0	0	0.0	0	1238
0.559907834101	0.00921658986175	4	0.0	0	0.0	0	0.0	0	434
0.566750629723	0.0100755667506	4	0.00503778337531	2	0.0	0	0.00251889168766	1	397
0.467585089141	0.00405186385737	5	0.000810372771475	1	0.0	0	0.0	0	1234
0.52972972973	0.0027027027027	1	0.0027027027027	1	0.0	0	0.00540540540541	2	370
0.477707006369	0.00477707006369	6	0.0	0	0.0	0	0.000796178343949	1	1256
0.535031847134	0.0031847133758	2	0.0015923566879	1	0.0031847133758	2	0.0	0	628
0.490787269682	0.00502512562814	3	0.0	0	0.0	0	0.00167504187605	1	597
0.538802660754	0.00221729490022	1	0.0	0	0.0	0	0.00221729490022	1	451
0.451965065502	0.00109170305677	1	0.00218340611354	2	0.00109170305677	1	0.0	0	916
0.602836879433	0.00354609929078	1	0.0	0	0.0	0	0.0	0	282
0.604519774011	0.0	0	0.0	0	0.0	0	0.0	0	177
0.519260400616	0.00616332819723	4	0.0	0	0.0	0	0.0	0	649
0.502358490566	0.00471698113208	2	0.00235849056604	1	0.00235849056604	1	0.0	0	424
0.623655913978	0.00358422939068	1	0.0	0	0.0	0	0.0	0	279
0.499054820416	0.0	0	0.00189035916824	1	0.0	0	0.0	0	529
0.497757847534	0.00224215246637	1	0.00448430493274	2	0.00224215246637	1	0.0	0	446
0.643724696356	0.0	0	0.0	0	0.0121457489879	3	0.0	0	247
0.542857142857	0.00285714285714	1	0.00571428571429	2	0.0	0	0.0	0	350
0.509043927649	0.0258397932817	10	0.0077519379845	3	0.0	0	0.0	0	387
0.489559164733	0.00696055684455	6	0.0092807424594	8	0.0	0	0.00116009280742	1	862
0.596551724138	0.0	0	0.0	0	0.0	0	0.0	0	290
0.529313232831	0.0100502512563	6	0.00167504187605	1	0.00167504187605	1	0.0	0	597
0.58530183727	0.00787401574803	3	0.0	0	0.00262467191601	1	0.00262467191601	1	381
0.552380952381	0.0047619047619	2	0.00714285714286	3	0.0	0	0.0	0	420
0.585480093677	0.016393442623	7	0.00468384074941	2	0.0	0	0.0	0	427
0.543535620053	0.00527704485488	2	0.00263852242744	1	0.0	0	0.0	0	379
0.538109756098	0.00609756097561	4	0.0	0	0.0	0	0.0	0	656
0.696850393701	0.0	0	0.00393700787402	1	0.0	0	0.0	0	254
0.578651685393	0.0140449438202	5	0.00280898876404	1	0.0	0	0.00561797752809	2	356
0.568914956012	0.0058651026393	2	0.0	0	0.0	0	0.00293255131965	1	341
0.587431693989	0.00546448087432	2	0.00273224043716	1	0.0	0	0.0	0	366
0.557692307692	0.0	0	0.0	0	0.0	0	0.0	0	364
0.460992907801	0.00236406619385	2	0.0	0	0.00118203309693	1	0.0	0	846
0.530612244898	0.0	0	0.00680272108844	3	0.0	0	0.0	0	441
0.498611111111	0.00694444444444	5	0.00833333333333	6	0.0	0	0.00277777777778	2	720
0.58024691358	0.00925925925926	3	0.0185185185185	6	0.0	0	0.0	0	324
0.548969072165	0.0	0	0.0	0	0.0	0	0.0	0	388
0.554089709763	0.0158311345646	6	0.00263852242744	1	0.00263852242744	1	0.0	0	379
0.506644518272	0.00664451827243	4	0.00498338870432	3	0.00166112956811	1	0.0	0	602
0.400768245839	0.00256081946223	4	0.000640204865557	1	0.0	0	0.00128040973111	2	1562
0.542372881356	0.0169491525424	8	0.0021186440678	1	0.0	0	0.0	0	472
0.642553191489	0.0212765957447	5	0.0	0	0.0	0	0.0	0	235
0.503054989817	0.0	0	0.0	0	0.0	0	0.0	0	491
0.62109375	0.00390625	1	0.00390625	1	0.0	0	0.0	0	256
0.517730496454	0.0	0	0.00472813238771	2	0.0	0	0.0	0	423
0.505016722408	0.0066889632107	4	0.00167224080268	1	0.0	0	0.0	0	598
0.521100917431	0.00733944954128	4	0.0	0	0.0	0	0.0	0	545
0.497243660419	0.00441014332966	4	0.00551267916207	5	0.00110253583241	1	0.0	0	907
0.687179487179	0.0102564102564	2	0.0	0	0.00512820512821	1	0.0	0	195
0.531486146096	0.00755667506297	3	0.00755667506297	3	0.00755667506297	3	0.0	0	397
0.547314578005	0.00255754475703	1	0.0	0	0.0	0	0.0	0	391
0.548098434004	0.0	0	0.0	0	0.0	0	0.0	0	447
0.44238410596	0.00794701986755	6	0.00662251655629	5	0.0	0	0.00132450331126	1	755
0.558411214953	0.0	0	0.00233644859813	1	0.0	0	0.0	0	428
0.515503875969	0.00581395348837	3	0.00193798449612	1	0.00387596899225	2	0.0	0	516
0.494778067885	0.00522193211488	4	0.00522193211488	4	0.0	0	0.0	0	766
0.577825159915	0.00852878464819	4	0.00426439232409	2	0.0	0	0.0	0	469
0.574370709382	0.0	0	0.00686498855835	3	0.0	0	0.00228832951945	1	437
0.557471264368	0.0	0	0.00287356321839	1	0.0	0	0.0	0	348
0.473498233216	0.00471142520612	4	0.00588928150766	5	0.00353356890459	3	0.0	0	849
0.533333333333	0.00909090909091	6	0.00151515151515	1	0.0	0	0.0030303030303	2	660
0.614925373134	0.00298507462687	1	0.00298507462687	1	0.0	0	0.0	0	335
0.534403669725	0.00688073394495	3	0.0045871559633	2	0.0	0	0.0	0	436
0.539888682746	0.00927643784787	5	0.0	0	0.00371057513915	2	0.0	0	539
0.476888387824	0.0011273957159	1	0.0011273957159	1	0.0	0	0.0	0	887
0.467244701349	0.00770712909441	8	0.000963391136802	1	0.000963391136802	1	0.0	0	1038
0.424342105263	0.00986842105263	12	0.00657894736842	8	0.000822368421053	1	0.00246710526316	3	1216
0.55	0.00454545454545	2	0.0	0	0.00227272727273	1	0.0	0	440
0.470113085622	0.0048465266559	3	0.0113085621971	7	0.0016155088853	1	0.0016155088853	1	619
0.606779661017	0.00338983050847	1	0.0	0	0.0	0	0.00338983050847	1	295
0.562790697674	0.0046511627907	2	0.0	0	0.0	0	0.0	0	430
0.595166163142	0.00302114803625	1	0.00302114803625	1	0.0	0	0.0	0	331
0.64598540146	0.0036496350365	1	0.0	0	0.0	0	0.0	0	274
0.483198146002	0.00231749710313	2	0.00463499420626	4	0.00115874855156	1	0.0	0	863
0.449275362319	0.00414078674948	2	0.00621118012422	3	0.0	0	0.0	0	483
0.452054794521	0.00342465753425	3	0.013698630137	12	0.00114155251142	1	0.0	0	876
0.586797066015	0.00977995110024	4	0.00244498777506	1	0.0	0	0.00244498777506	1	409
0.546961325967	0.0110497237569	4	0.0	0	0.0	0	0.0	0	362
0.439049586777	0.0051652892562	5	0.00619834710744	6	0.0	0	0.00103305785124	1	968
0.461614173228	0.0	0	0.00196850393701	2	0.0	0	0.0	0	1016
0.48802946593	0.0036832412523	2	0.00552486187845	3	0.0	0	0.0	0	543
0.514018691589	0.0	0	0.00373831775701	2	0.0	0	0.0	0	535
0.514431239389	0.00509337860781	3	0.00679117147708	4	0.0	0	0.00169779286927	1	589
0.469230769231	0.00153846153846	2	0.000769230769231	1	0.000769230769231	1	0.0	0	1300
0.442152917505	0.00553319919517	11	0.00251509054326	5	0.0	0	0.00150905432596	3	1988
0.552845528455	0.00609756097561	3	0.00406504065041	2	0.0020325203252	1	0.0	0	492
0.498947368421	0.00631578947368	3	0.00210526315789	1	0.00210526315789	1	0.00210526315789	1	475
0.49802890933	0.00394218134034	3	0.00262812089356	2	0.0	0	0.0	0	761
0.553429027113	0.00637958532695	4	0.00159489633174	1	0.00159489633174	1	0.0	0	627
0.49430523918	0.00227790432802	1	0.0	0	0.0	0	0.0	0	439
0.46335078534	0.00698080279232	8	0.00174520069808	2	0.0	0	0.0	0	1146
0.503617945007	0.00723589001447	5	0.0	0	0.00144717800289	1	0.0	0	691
0.58024691358	0.0	0	0.0	0	0.0	0	0.0	0	486
0.519198664441	0.00667779632721	4	0.00667779632721	4	0.00333889816361	2	0.0	0	599
0.500732064422	0.00219619326501	3	0.00146412884334	2	0.0	0	0.000732064421669	1	1366
0.450087565674	0.00175131348511	1	0.00175131348511	1	0.0	0	0.0	0	571
0.504570383912	0.0109689213894	6	0.0073126142596	4	0.0036563071298	2	0.0	0	547
0.544	0.0	0	0.004	2	0.0	0	0.0	0	500
0.556354916067	0.0	0	0.0	0	0.0	0	0.0	0	417
0.590078328982	0.00261096605744	1	0.00783289817232	3	0.0	0	0.0	0	383
0.430084745763	0.00141242937853	2	0.000706214689266	1	0.00141242937853	2	0.000706214689266	1	1416
0.456676136364	0.00497159090909	7	0.000710227272727	1	0.0	0	0.000710227272727	1	1408
0.51171875	0.001953125	1	0.001953125	1	0.001953125	1	0.0	0	512
0.485549132948	0.00578034682081	3	0.0019267822736	1	0.0019267822736	1	0.0	0	519
0.552112676056	0.0056338028169	2	0.0	0	0.0	0	0.0	0	355
0.604810996564	0.00343642611684	1	0.0	0	0.0171821305842	5	0.0	0	291
0.515625	0.0	0	0.00694444444444	4	0.0	0	0.00173611111111	1	576
0.459745762712	0.0021186440678	1	0.00847457627119	4	0.0	0	0.0	0	472
0.501865671642	0.00186567164179	1	0.0	0	0.0	0	0.0	0	536
0.5	0.0	0	0.00215517241379	1	0.0	0	0.0	0	464
0.573059360731	0.0	0	0.0	0	0.00456621004566	2	0.0	0	438
0.53415061296	0.0	0	0.00525394045534	3	0.0	0	0.0	0	571
0.533596837945	0.0138339920949	7	0.0	0	0.0	0	0.0	0	506
0.704347826087	0.0	0	0.0	0	0.0	0	0.0	0	115
0.453980099502	0.00373134328358	3	0.00870646766169	7	0.00248756218905	2	0.0	0	804
0.472573839662	0.0028129395218	2	0.0	0	0.0028129395218	2	0.0	0	711
0.480218281037	0.00545702592087	4	0.00682128240109	5	0.0	0	0.0	0	733
0.514705882353	0.00210084033613	1	0.0	0	0.0	0	0.00210084033613	1	476
0.461836998706	0.0	0	0.00388098318241	3	0.0	0	0.0012936610608	1	773
0.604456824513	0.00278551532033	1	0.0	0	0.0	0	0.0	0	359
0.505357142857	0.00357142857143	2	0.0	0	0.0	0	0.0	0	560
0.63133640553	0.00921658986175	2	0.0	0	0.0	0	0.0	0	217
0.467450980392	0.00941176470588	12	0.00235294117647	3	0.00078431372549	1	0.0	0	1275
0.540650406504	0.00406504065041	2	0.00609756097561	3	0.0	0	0.0	0	492
0.393099547511	0.00339366515837	6	0.00509049773756	9	0.00113122171946	2	0.0	0	1768
0.52	0.006	3	0.0	0	0.0	0	0.0	0	500
0.492281303602	0.00343053173242	2	0.00514579759863	3	0.00343053173242	2	0.0	0	583
0.634854771784	0.00829875518672	2	0.00414937759336	1	0.0	0	0.0	0	241
0.525862068966	0.0	0	0.0014367816092	1	0.0	0	0.0014367816092	1	696
0.511700468019	0.0015600624025	1	0.00312012480499	2	0.00468018720749	3	0.0	0	641
0.592	0.00533333333333	2	0.00266666666667	1	0.0	0	0.00266666666667	1	375
0.543902439024	0.0	0	0.0	0	0.0	0	0.0	0	410
0.521381578947	0.0	0	0.00164473684211	1	0.0	0	0.0	0	608
0.556994818653	0.00259067357513	1	0.00518134715026	2	0.0	0	0.0	0	386
0.516949152542	0.00169491525424	1	0.00508474576271	3	0.0	0	0.0	0	590
0.577689243028	0.00398406374502	2	0.00398406374502	2	0.0	0	0.00199203187251	1	502
0.538961038961	0.0021645021645	1	0.00649350649351	3	0.0	0	0.0021645021645	1	462
0.487931034483	0.0	0	0.0	0	0.0	0	0.0	0	580
0.478589420655	0.00629722921914	5	0.00755667506297	6	0.0	0	0.0	0	794
0.473363774734	0.0228310502283	15	0.00152207001522	1	0.00456621004566	3	0.00152207001522	1	657
0.494866529774	0.0041067761807	2	0.0	0	0.0	0	0.0	0	487
0.524005486968	0.00137174211248	1	0.00137174211248	1	0.0	0	0.0	0	729
0.5	0.00149700598802	1	0.00449101796407	3	0.0	0	0.0	0	668
0.516172506739	0.00269541778976	2	0.00673854447439	5	0.00404312668464	3	0.0	0	742
0.545638945233	0.00202839756592	1	0.00405679513185	2	0.0	0	0.0	0	493
0.467532467532	0.00974025974026	6	0.0	0	0.0	0	0.00162337662338	1	616
0.457295373665	0.00889679715302	10	0.0017793594306	2	0.000889679715302	1	0.0	0	1124
0.499005964215	0.00397614314115	2	0.0	0	0.0	0	0.0	0	503
0.503725782414	0.0	0	0.00149031296572	1	0.0	0	0.0	0	671
0.535830618893	0.0	0	0.00814332247557	5	0.0	0	0.0	0	614
0.437647058824	0.00941176470588	8	0.00470588235294	4	0.0	0	0.00117647058824	1	850
0.465937762826	0.00168208578638	2	0.00336417157275	4	0.0	0	0.000841042893188	1	1189
0.505494505495	0.0043956043956	2	0.0	0	0.0	0	0.0	0	455
0.485757121439	0.00299850074963	2	0.00149925037481	1	0.0	0	0.0	0	667
0.601173020528	0.0	0	0.00293255131965	1	0.0	0	0.0	0	341
0.41423670669	0.000857632933105	1	0.00343053173242	4	0.0	0	0.0	0	1166
0.464545454545	0.0109090909091	12	0.0	0	0.0	0	0.0	0	1100
0.522954091816	0.0	0	0.00199600798403	1	0.00399201596806	2	0.00199600798403	1	501
0.478054567023	0.0106761565836	9	0.00355871886121	3	0.0011862396204	1	0.0	0	843
0.48623853211	0.00262123197903	2	0.00917431192661	7	0.00393184796855	3	0.0	0	763
0.474418604651	0.0046511627907	2	0.0	0	0.0	0	0.00232558139535	1	430
0.446091644205	0.0033692722372	5	0.00202156334232	3	0.000673854447439	1	0.000673854447439	1	1484
0.568085106383	0.00212765957447	1	0.0	0	0.0	0	0.0	0	470
0.529953917051	0.00230414746544	1	0.0	0	0.0	0	0.0	0	434
0.46694214876	0.00103305785124	1	0.00103305785124	1	0.0	0	0.00309917355372	3	968
0.525735294118	0.0	0	0.0	0	0.0	0	0.0	0	544
0.529209621993	0.00515463917526	3	0.00343642611684	2	0.0	0	0.0	0	582
0.408410138249	0.0109447004608	19	0.000576036866359	1	0.000576036866359	1	0.0	0	1736
0.693333333333	0.0266666666667	4	0.0	0	0.0	0	0.0	0	150
0.487212276215	0.00895140664962	7	0.00127877237852	1	0.0	0	0.0	0	782
0.528028933092	0.0	0	0.00904159132007	5	0.0	0	0.0	0	553
0.50885668277	0.00322061191626	2	0.0048309178744	3	0.00161030595813	1	0.0	0	621
0.565110565111	0.014742014742	6	0.002457002457	1	0.0	0	0.00982800982801	4	407
0.562874251497	0.00299401197605	1	0.0059880239521	2	0.0	0	0.0	0	334
0.53162055336	0.00197628458498	1	0.0118577075099	6	0.0	0	0.0	0	506
0.48998459168	0.0	0	0.00154083204931	1	0.0	0	0.0	0	649
0.538990825688	0.0114678899083	5	0.00688073394495	3	0.0	0	0.0	0	436
0.508737864078	0.00776699029126	4	0.0135922330097	7	0.0	0	0.0	0	515
0.496099843994	0.0015600624025	1	0.0	0	0.00312012480499	2	0.0015600624025	1	641
0.532673267327	0.0039603960396	2	0.0039603960396	2	0.0	0	0.0	0	505
0.592783505155	0.00257731958763	1	0.00257731958763	1	0.0	0	0.0	0	388
0.520648967552	0.00147492625369	1	0.00294985250737	2	0.0	0	0.0	0	678
0.525328330206	0.00187617260788	1	0.00187617260788	1	0.0	0	0.0	0	533
0.574750830565	0.0	0	0.00664451827243	2	0.0	0	0.0	0	301
0.510736196319	0.00766871165644	5	0.00306748466258	2	0.00306748466258	2	0.0	0	652
0.462962962963	0.0	0	0.00123456790123	1	0.0	0	0.0	0	810
0.576728499157	0.00505902192243	3	0.0	0	0.0	0	0.0	0	593
0.518453427065	0.0	0	0.0	0	0.00175746924429	1	0.0	0	569
0.62331838565	0.0	0	0.0269058295964	6	0.0	0	0.0	0	223
0.490566037736	0.00808625336927	6	0.00943396226415	7	0.0	0	0.00269541778976	2	742
0.467616580311	0.00647668393782	5	0.00259067357513	2	0.00129533678756	1	0.0	0	772
0.46709470305	0.00481540930979	3	0.00481540930979	3	0.0	0	0.0	0	623
0.528712871287	0.0019801980198	1	0.0	0	0.0	0	0.00594059405941	3	505
0.535398230088	0.00221238938053	1	0.0	0	0.0	0	0.0	0	452
0.536458333333	0.00260416666667	1	0.00260416666667	1	0.0	0	0.0	0	384
0.488993710692	0.00471698113208	3	0.0	0	0.00471698113208	3	0.00314465408805	2	636
0.541353383459	0.00563909774436	3	0.00187969924812	1	0.0	0	0.0	0	532
0.578595317726	0.0	0	0.00334448160535	1	0.0	0	0.0	0	299
0.530546623794	0.0064308681672	4	0.0	0	0.0016077170418	1	0.0	0	622
0.492254733219	0.00344234079174	2	0.00172117039587	1	0.0	0	0.0	0	581
0.54	0.00444444444444	2	0.00222222222222	1	0.00444444444444	2	0.0	0	450
0.539805825243	0.00388349514563	2	0.00388349514563	2	0.0	0	0.0	0	515
0.4765625	0.00892857142857	8	0.00446428571429	4	0.0	0	0.0	0	896
0.451829723674	0.00522778192681	7	0.00149365197909	2	0.0	0	0.0	0	1339
0.510917030568	0.00145560407569	1	0.00145560407569	1	0.0	0	0.0	0	687
0.496774193548	0.00430107526882	2	0.00215053763441	1	0.0	0	0.0	0	465
0.526153846154	0.00461538461538	3	0.00461538461538	3	0.0	0	0.0	0	650
0.522641509434	0.00377358490566	2	0.00566037735849	3	0.0	0	0.0	0	530
0.551607445008	0.00169204737733	1	0.00169204737733	1	0.0	0	0.0	0	591
0.49604743083	0.00197628458498	1	0.00197628458498	1	0.0	0	0.0	0	506
0.55	0.0	0	0.0	0	0.0	0	0.0	0	480
0.454277286136	0.00147492625369	1	0.00147492625369	1	0.00147492625369	1	0.00147492625369	1	678
0.508946322068	0.0	0	0.0	0	0.0	0	0.0	0	503
0.520128824477	0.0112721417069	7	0.0	0	0.00161030595813	1	0.0	0	621
0.605333333333	0.0	0	0.00533333333333	2	0.00533333333333	2	0.0	0	375
0.530674846626	0.00460122699387	3	0.00613496932515	4	0.00306748466258	2	0.0	0	652
0.514869888476	0.0	0	0.0092936802974	5	0.0	0	0.0	0	538
0.470526315789	0.0189473684211	18	0.0	0	0.0	0	0.0	0	950
0.463687150838	0.00186219739292	1	0.0130353817505	7	0.00186219739292	1	0.0	0	537
0.454311454311	0.001287001287	1	0.0	0	0.0	0	0.0	0	777
0.561904761905	0.00238095238095	1	0.0	0	0.00238095238095	1	0.0	0	420
0.522670025189	0.00755667506297	6	0.00251889168766	2	0.0	0	0.0	0	794
0.49604743083	0.00197628458498	1	0.0	0	0.0	0	0.0	0	506
0.463768115942	0.0	0	0.00322061191626	2	0.0	0	0.0	0	621
0.556537102473	0.00353356890459	2	0.00353356890459	2	0.0	0	0.0	0	566
0.470238095238	0.00714285714286	6	0.0047619047619	4	0.0	0	0.0	0	840
0.458377239199	0.0031612223393	3	0.00421496311907	4	0.0	0	0.0	0	949
0.498694516971	0.00261096605744	2	0.0065274151436	5	0.00130548302872	1	0.0	0	766
0.503802281369	0.0114068441065	6	0.0114068441065	6	0.0	0	0.0	0	526
0.549695740365	0.0	0	0.00608519269777	3	0.0	0	0.0	0	493
0.562620423892	0.00770712909441	4	0.00385356454721	2	0.0	0	0.0	0	519
0.515789473684	0.00350877192982	2	0.00350877192982	2	0.0	0	0.0	0	570
0.458333333333	0.000757575757576	1	0.00227272727273	3	0.0	0	0.000757575757576	1	1320
0.365375641624	0.0	0	0.000933271115259	2	0.0	0	0.0	0	2143
0.585009140768	0.0036563071298	2	0.0	0	0.0	0	0.0018281535649	1	547
0.547967479675	0.00325203252033	2	0.00487804878049	3	0.0	0	0.0	0	615
0.477876106195	0.00884955752212	5	0.00176991150442	1	0.0	0	0.0	0	565
0.524734982332	0.0017667844523	1	0.0	0	0.0	0	0.00353356890459	2	566
0.461916461916	0.0	0	0.00982800982801	4	0.0	0	0.0	0	407
0.513089005236	0.00349040139616	2	0.0087260034904	5	0.0	0	0.0	0	573
0.514760147601	0.00184501845018	1	0.00553505535055	3	0.00184501845018	1	0.0	0	542
0.502118644068	0.00423728813559	2	0.0	0	0.0	0	0.0	0	472
0.513026052104	0.00200400801603	1	0.00400801603206	2	0.0	0	0.0	0	499
0.644986449864	0.00542005420054	2	0.00271002710027	1	0.00271002710027	1	0.00271002710027	1	369
0.49920508744	0.00317965023847	2	0.00317965023847	2	0.0	0	0.0	0	629
0.526901669759	0.0	0	0.0	0	0.00185528756957	1	0.0	0	539
0.584766584767	0.0	0	0.004914004914	2	0.004914004914	2	0.002457002457	1	407
0.443157894737	0.0105263157895	10	0.00631578947368	6	0.0	0	0.0	0	950
0.525473071325	0.00436681222707	3	0.00291120815138	2	0.00291120815138	2	0.0	0	687
0.528545119705	0.00552486187845	3	0.0036832412523	2	0.00184162062615	1	0.0	0	543
0.503205128205	0.0	0	0.00320512820513	2	0.0	0	0.00160256410256	1	624
0.479948253558	0.0025873221216	2	0.00646830530401	5	0.0012936610608	1	0.0	0	773
0.577625570776	0.00228310502283	1	0.0	0	0.0	0	0.0	0	438
0.488812392427	0.00172117039587	1	0.00688468158348	4	0.00344234079174	2	0.0	0	581
0.71144278607	0.00497512437811	1	0.00497512437811	1	0.0	0	0.0	0	201
0.514360313316	0.00261096605744	1	0.0104438642298	4	0.0	0	0.0	0	383
0.474074074074	0.0162962962963	11	0.0	0	0.0	0	0.0	0	675
0.583596214511	0.0	0	0.00315457413249	1	0.0	0	0.0	0	317
0.566473988439	0.0115606936416	4	0.0	0	0.0	0	0.0	0	346
0.580474934037	0.00263852242744	1	0.0	0	0.0	0	0.0	0	379
0.496644295302	0.0111856823266	5	0.0	0	0.00671140939597	3	0.0	0	447
0.497017892644	0.00198807157058	1	0.00596421471173	3	0.0	0	0.0	0	503
0.588110403397	0.00212314225053	1	0.0	0	0.00636942675159	3	0.0	0	471
0.464017185822	0.0	0	0.00107411385607	1	0.00107411385607	1	0.0	0	931
0.482142857143	0.00686813186813	5	0.0	0	0.0	0	0.0	0	728
0.566666666667	0.0	0	0.0	0	0.0	0	0.0	0	420
0.515966386555	0.0	0	0.00504201680672	3	0.0	0	0.0	0	595
0.516917293233	0.00375939849624	2	0.00563909774436	3	0.0	0	0.0	0	532
0.544537815126	0.00168067226891	1	0.00336134453782	2	0.00168067226891	1	0.0	0	595
0.546948356808	0.00469483568075	2	0.00234741784038	1	0.0	0	0.0	0	426
0.48309178744	0.00805152979066	5	0.00322061191626	2	0.0	0	0.0	0	621
0.53137254902	0.0	0	0.00392156862745	2	0.0	0	0.0	0	510
0.507836990596	0.0	0	0.0	0	0.0	0	0.0	0	638
0.449596774194	0.00403225806452	2	0.00806451612903	4	0.0	0	0.0	0	496
0.491056910569	0.00487804878049	3	0.00650406504065	4	0.00325203252033	2	0.0	0	615
0.80198019802	0.0	0	0.00990099009901	1	0.0	0	0.0	0	101
0.523545706371	0.00554016620499	2	0.0	0	0.0	0	0.0	0	361
0.543942992874	0.00237529691211	1	0.0	0	0.0	0	0.0	0	421
0.488659793814	0.0020618556701	2	0.00515463917526	5	0.00103092783505	1	0.0	0	970
0.508411214953	0.0018691588785	1	0.0	0	0.0	0	0.0	0	535
0.584097859327	0.00917431192661	3	0.00611620795107	2	0.0	0	0.0	0	327
0.541152263374	0.0	0	0.0	0	0.00205761316872	1	0.0	0	486
0.492359932088	0.00509337860781	3	0.0118845500849	7	0.0	0	0.0	0	589
0.452709883103	0.01912858661	18	0.00106269925611	1	0.0	0	0.0	0	941
0.477495107632	0.00293542074364	3	0.000978473581213	1	0.000978473581213	1	0.000978473581213	1	1022
0.500815660685	0.00163132137031	1	0.00978792822186	6	0.0	0	0.0	0	613
0.453045685279	0.010152284264	8	0.00253807106599	2	0.00126903553299	1	0.0	0	788
0.538904899135	0.0028818443804	1	0.00576368876081	2	0.0028818443804	1	0.0	0	347
0.471218206158	0.0	0	0.00267737617135	2	0.0	0	0.0	0	747
0.538461538462	0.0113122171946	5	0.00452488687783	2	0.0	0	0.0	0	442
