0.68152866242	0.0	0	0.0	0	0.0	0	0.0	0	157
0.617940199336	0.0	0	0.00332225913621	1	0.0	0	0.00332225913621	1	301
0.487951807229	0.00481927710843	4	0.00120481927711	1	0.0	0	0.0	0	830
0.558139534884	0.00968992248062	5	0.0	0	0.00193798449612	1	0.0	0	516
0.531328320802	0.00250626566416	1	0.00250626566416	1	0.0	0	0.0	0	399
0.513742071882	0.00634249471459	3	0.0	0	0.00422832980973	2	0.00211416490486	1	473
0.540625	0.0015625	1	0.003125	2	0.0015625	1	0.0015625	1	640
0.469184890656	0.0	0	0.0	0	0.0	0	0.0	0	503
0.477443609023	0.00375939849624	4	0.00563909774436	6	0.0	0	0.0	0	1064
0.556732223903	0.00302571860817	2	0.0	0	0.0	0	0.0	0	661
0.536529680365	0.00228310502283	1	0.0	0	0.0	0	0.0	0	438
0.487841945289	0.00151975683891	1	0.00151975683891	1	0.0	0	0.0	0	658
0.60706401766	0.00662251655629	3	0.00220750551876	1	0.00220750551876	1	0.0	0	453
0.62962962963	0.0	0	0.0	0	0.0	0	0.0	0	189
0.446393762183	0.0	0	0.0	0	0.00389863547758	2	0.0	0	513
0.515217391304	0.00217391304348	1	0.0	0	0.00217391304348	1	0.0	0	460
0.511312217195	0.00150829562594	1	0.0	0	0.00150829562594	1	0.00150829562594	1	663
0.503680336488	0.00420609884332	4	0.00420609884332	4	0.0	0	0.00105152471083	1	951
0.526484751204	0.0	0	0.0	0	0.0016051364366	1	0.0	0	623
0.507512520868	0.0016694490818	1	0.0016694490818	1	0.00333889816361	2	0.0	0	599
0.510676156584	0.0017793594306	1	0.0017793594306	1	0.0	0	0.0	0	562
0.517647058824	0.0	0	0.0	0	0.0	0	0.0	0	510
0.612765957447	0.0	0	0.0	0	0.0	0	0.0	0	235
0.443493150685	0.000856164383562	1	0.00941780821918	11	0.0	0	0.0	0	1168
0.6	0.0145454545455	4	0.0	0	0.0	0	0.0	0	275
0.653333333333	0.0	0	0.0	0	0.0	0	0.0	0	150
0.380633373934	0.00182704019488	6	0.00730816077954	24	0.00365408038977	12	0.0	0	3284
0.58984375	0.0	0	0.0	0	0.00390625	1	0.0	0	256
0.494824016563	0.0	0	0.0	0	0.0	0	0.0	0	483
0.554156171285	0.0	0	0.0	0	0.0	0	0.0	0	397
0.561122244489	0.00200400801603	1	0.0	0	0.0	0	0.0	0	499
0.583333333333	0.00333333333333	1	0.00666666666667	2	0.0	0	0.00333333333333	1	300
0.582236842105	0.00328947368421	1	0.00657894736842	2	0.0	0	0.00328947368421	1	304
0.555921052632	0.0	0	0.00986842105263	3	0.0	0	0.00328947368421	1	304
0.736263736264	0.0	0	0.0	0	0.0	0	0.0	0	182
0.637795275591	0.0157480314961	6	0.0	0	0.0	0	0.0	0	381
0.717647058824	0.0	0	0.0	0	0.0	0	0.0	0	170
0.696721311475	0.016393442623	2	0.0	0	0.0	0	0.0	0	122
0.610441767068	0.0160642570281	4	0.0	0	0.0	0	0.0	0	249
0.631067961165	0.0	0	0.0	0	0.0	0	0.0	0	206
0.579881656805	0.00295857988166	1	0.0	0	0.0	0	0.0	0	338
0.614958448753	0.0	0	0.0	0	0.0	0	0.0	0	361
0.648351648352	0.00549450549451	1	0.0	0	0.0	0	0.0	0	182
0.865671641791	0.0	0	0.0149253731343	1	0.0	0	0.0	0	67
0.967741935484	0.0	0	0.0	0	0.0	0	0.0	0	31
0.802631578947	0.0	0	0.0	0	0.0	0	0.0	0	76
0.513447432763	0.00733496332518	3	0.00977995110024	4	0.00244498777506	1	0.0	0	409
0.637931034483	0.0	0	0.0	0	0.0	0	0.0	0	232
0.721649484536	0.0	0	0.0	0	0.0	0	0.0	0	97
0.709677419355	0.0	0	0.0	0	0.0	0	0.0	0	93
0.569037656904	0.0	0	0.0	0	0.0	0	0.0	0	239
0.325453112687	0.00315208825847	4	0.00394011032309	5	0.0	0	0.0	0	1269
0.638157894737	0.00657894736842	1	0.0197368421053	3	0.0	0	0.0	0	152
0.661870503597	0.0	0	0.0	0	0.0	0	0.0	0	278
0.438880706922	0.00147275405007	1	0.00294550810015	2	0.0	0	0.0	0	679
0.208849265313	0.00297176820208	18	0.00379725936932	23	0.000990589400693	6	0.000165098233449	1	6057
0.658959537572	0.0	0	0.0115606936416	2	0.0	0	0.0	0	173
0.649425287356	0.0	0	0.0	0	0.0	0	0.0	0	174
0.477449455677	0.0	0	0.00155520995334	1	0.00155520995334	1	0.0	0	643
0.587155963303	0.0	0	0.00305810397554	1	0.0	0	0.00305810397554	1	327
0.637770897833	0.0	0	0.0	0	0.0	0	0.0	0	323
0.644444444444	0.00740740740741	2	0.0	0	0.0	0	0.0	0	270
0.685534591195	0.0	0	0.0	0	0.0125786163522	2	0.0	0	159
0.636666666667	0.0	0	0.0	0	0.0	0	0.0	0	300
0.557522123894	0.0	0	0.0	0	0.0	0	0.0	0	226
0.590163934426	0.016393442623	5	0.0	0	0.0	0	0.00327868852459	1	305
0.762711864407	0.0	0	0.0	0	0.0	0	0.0	0	59
0.772151898734	0.0	0	0.0126582278481	1	0.0	0	0.0	0	79
0.683333333333	0.0	0	0.00833333333333	1	0.0	0	0.0	0	120
0.729927007299	0.0	0	0.0	0	0.0	0	0.0	0	137
0.742857142857	0.0	0	0.0	0	0.0	0	0.0	0	105
0.802816901408	0.0	0	0.0	0	0.0	0	0.0	0	71
0.550102249489	0.0	0	0.0040899795501	2	0.0	0	0.0	0	489
0.527590847914	0.00134589502019	1	0.0	0	0.0	0	0.0	0	743
0.787234042553	0.0	0	0.0	0	0.0	0	0.0	0	94
0.794520547945	0.0	0	0.0	0	0.0	0	0.0	0	73
0.775862068966	0.0	0	0.0	0	0.0	0	0.0	0	116
0.737288135593	0.0	0	0.0	0	0.0	0	0.0	0	118
0.654088050314	0.0062893081761	1	0.0125786163522	2	0.0	0	0.0	0	159
0.63679245283	0.0	0	0.00471698113208	1	0.0	0	0.0	0	212
0.838709677419	0.0	0	0.0	0	0.0	0	0.0	0	62
0.69109947644	0.0	0	0.0	0	0.0	0	0.0	0	191
0.731958762887	0.0	0	0.0103092783505	1	0.0	0	0.0	0	97
0.670731707317	0.0	0	0.0	0	0.0	0	0.0	0	164
0.865979381443	0.0	0	0.0	0	0.0	0	0.0	0	97
0.848484848485	0.0	0	0.0	0	0.0	0	0.0	0	66
0.909090909091	0.0	0	0.0	0	0.0	0	0.0	0	33
0.629807692308	0.0	0	0.0	0	0.0	0	0.00480769230769	1	208
0.846153846154	0.010989010989	1	0.0	0	0.0	0	0.0	0	91
0.816513761468	0.00917431192661	1	0.0	0	0.0	0	0.0	0	109
0.654639175258	0.0	0	0.0	0	0.0	0	0.0	0	194
0.642857142857	0.00793650793651	1	0.0238095238095	3	0.0	0	0.0	0	126
0.789473684211	0.0	0	0.0105263157895	1	0.0	0	0.0	0	95
0.642156862745	0.00980392156863	2	0.0	0	0.0	0	0.0	0	204
0.747747747748	0.0	0	0.0	0	0.0	0	0.0	0	111
0.716666666667	0.0	0	0.0	0	0.0	0	0.0	0	120
0.826923076923	0.0	0	0.0	0	0.0	0	0.0	0	52
0.470588235294	0.00500625782228	4	0.00125156445557	1	0.0	0	0.0	0	799
0.607843137255	0.00326797385621	1	0.0	0	0.0	0	0.0	0	306
0.809523809524	0.0	0	0.0	0	0.0	0	0.0	0	84
1.0	0.0	0	0.0	0	0.0	0	0.0	0	25
0.548507462687	0.0	0	0.0	0	0.0	0	0.00373134328358	1	268
0.581881533101	0.0	0	0.0	0	0.0	0	0.0	0	287
0.729323308271	0.0	0	0.0	0	0.0	0	0.0	0	133
0.569659442724	0.0061919504644	2	0.0030959752322	1	0.0	0	0.0	0	323
0.638095238095	0.0047619047619	1	0.0	0	0.0	0	0.0	0	210
0.678947368421	0.00526315789474	1	0.0	0	0.0	0	0.0	0	190
0.633802816901	0.0	0	0.0	0	0.0	0	0.0	0	142
0.560810810811	0.0	0	0.00675675675676	1	0.0	0	0.0	0	148
0.684684684685	0.0	0	0.0	0	0.0	0	0.0	0	111
0.570815450644	0.0	0	0.00429184549356	1	0.0	0	0.0	0	233
0.633802816901	0.0	0	0.0	0	0.0	0	0.0	0	142
1.0	0.0	0	0.0	0	0.0	0	0.0	0	17
0.702290076336	0.00763358778626	1	0.00763358778626	1	0.0	0	0.0	0	131
0.931034482759	0.0	0	0.0	0	0.0	0	0.0	0	29
0.678571428571	0.0	0	0.0	0	0.0	0	0.0	0	84
0.748148148148	0.0	0	0.00740740740741	1	0.00740740740741	1	0.0	0	135
0.731481481481	0.0	0	0.0	0	0.0	0	0.0	0	108
0.633027522936	0.0137614678899	3	0.0	0	0.0	0	0.0	0	218
0.65625	0.0	0	0.0	0	0.0	0	0.0	0	64
0.634328358209	0.00746268656716	2	0.0	0	0.0	0	0.0	0	268
0.847222222222	0.0	0	0.0277777777778	2	0.0	0	0.0	0	72
0.588461538462	0.00769230769231	2	0.0	0	0.0153846153846	4	0.0	0	260
0.9	0.0	0	0.0	0	0.0	0	0.0	0	10
0.707317073171	0.0	0	0.00609756097561	1	0.0	0	0.0	0	164
0.739130434783	0.0	0	0.0	0	0.0	0	0.0	0	115
0.576666666667	0.00333333333333	1	0.0	0	0.00333333333333	1	0.0	0	300
0.675675675676	0.0	0	0.0	0	0.0	0	0.0	0	148
0.625	0.00568181818182	1	0.0	0	0.0	0	0.0	0	176
0.897959183673	0.0	0	0.0	0	0.0	0	0.0	0	49
0.548837209302	0.0186046511628	4	0.0	0	0.0	0	0.0	0	215
0.666666666667	0.0	0	0.0	0	0.0	0	0.0	0	222
0.647887323944	0.00352112676056	1	0.0	0	0.00352112676056	1	0.0	0	284
0.527272727273	0.0	0	0.0	0	0.0	0	0.0	0	495
0.652360515021	0.0	0	0.0128755364807	3	0.0	0	0.0	0	233
0.645669291339	0.00787401574803	1	0.0	0	0.0	0	0.0	0	127
0.727272727273	0.0	0	0.0	0	0.0	0	0.0	0	121
0.758241758242	0.0	0	0.0	0	0.0	0	0.0	0	182
0.693181818182	0.0	0	0.0	0	0.0	0	0.0	0	176
0.4749498998	0.00200400801603	1	0.0060120240481	3	0.0	0	0.0	0	499
0.710526315789	0.0	0	0.0	0	0.00438596491228	1	0.0	0	228
0.847058823529	0.0	0	0.0	0	0.0	0	0.0	0	85
0.731707317073	0.0	0	0.0	0	0.0	0	0.0	0	164
0.758064516129	0.0	0	0.0	0	0.0	0	0.0	0	124
0.752577319588	0.0	0	0.0	0	0.0	0	0.0	0	97
0.658823529412	0.0	0	0.0	0	0.0	0	0.0	0	170
0.785714285714	0.0	0	0.0	0	0.0	0	0.0	0	70
0.643518518519	0.0	0	0.0	0	0.00462962962963	1	0.0	0	216
0.699453551913	0.0	0	0.0	0	0.0	0	0.0	0	183
0.704819277108	0.0	0	0.0	0	0.0	0	0.0	0	166
0.716312056738	0.00709219858156	1	0.0	0	0.0	0	0.0	0	141
0.708333333333	0.0	0	0.0	0	0.0	0	0.0	0	120
0.664383561644	0.0	0	0.013698630137	2	0.0	0	0.0	0	146
0.644295302013	0.0	0	0.0	0	0.0	0	0.0	0	149
0.670391061453	0.0	0	0.0	0	0.0	0	0.0	0	179
0.687022900763	0.0	0	0.0	0	0.0	0	0.0	0	131
0.621621621622	0.0	0	0.0	0	0.0	0	0.0	0	222
0.666666666667	0.0	0	0.0	0	0.0	0	0.0	0	120
0.722627737226	0.0	0	0.0	0	0.0	0	0.0	0	137
0.678217821782	0.0049504950495	1	0.0	0	0.0	0	0.0	0	202
0.780487804878	0.0	0	0.0	0	0.0	0	0.0	0	82
0.62037037037	0.00925925925926	1	0.0	0	0.0	0	0.0	0	108
0.6875	0.0125	1	0.0	0	0.0	0	0.0	0	80
0.668674698795	0.0	0	0.0	0	0.0	0	0.0	0	166
0.916666666667	0.0	0	0.0	0	0.0	0	0.0	0	48
0.691666666667	0.0	0	0.0	0	0.0	0	0.0	0	120
0.851851851852	0.0	0	0.0	0	0.0	0	0.0	0	81
0.811594202899	0.0	0	0.0	0	0.0	0	0.0	0	69
0.872727272727	0.0	0	0.0	0	0.0	0	0.0	0	55
0.857142857143	0.0	0	0.0238095238095	1	0.0	0	0.0	0	42
0.884615384615	0.0	0	0.0	0	0.0	0	0.0	0	52
0.61963190184	0.0	0	0.00613496932515	1	0.0	0	0.0	0	163
0.88	0.0	0	0.0	0	0.0	0	0.0	0	50
0.781609195402	0.0	0	0.0	0	0.0	0	0.0	0	87
0.72619047619	0.0	0	0.0	0	0.0	0	0.0	0	168
0.532981530343	0.00263852242744	1	0.0	0	0.0	0	0.0	0	379
0.649717514124	0.0	0	0.0	0	0.0	0	0.0	0	354
0.638977635783	0.0127795527157	4	0.0	0	0.0	0	0.0	0	313
0.657794676806	0.0	0	0.00380228136882	1	0.0	0	0.0	0	263
0.784090909091	0.0	0	0.0	0	0.0	0	0.0	0	88
0.735042735043	0.0	0	0.0	0	0.0	0	0.0	0	117
0.720338983051	0.0	0	0.0	0	0.0	0	0.0	0	118
0.728323699422	0.0115606936416	2	0.0	0	0.0	0	0.0	0	173
0.731092436975	0.0	0	0.0	0	0.0	0	0.0	0	119
0.743315508021	0.00534759358289	1	0.0	0	0.0	0	0.0	0	187
0.574162679426	0.0	0	0.0	0	0.0	0	0.0	0	209
0.565445026178	0.0	0	0.0	0	0.0	0	0.0	0	191
0.663677130045	0.0	0	0.0	0	0.0	0	0.0	0	223
0.712574850299	0.0	0	0.0	0	0.0	0	0.0059880239521	1	167
0.576923076923	0.0	0	0.0	0	0.0	0	0.0	0	442
0.588235294118	0.0	0	0.0	0	0.00588235294118	2	0.00294117647059	1	340
0.542857142857	0.0	0	0.00238095238095	1	0.0	0	0.0	0	420
0.7265625	0.015625	2	0.0	0	0.0078125	1	0.0	0	128
0.484270734032	0.0047664442326	5	0.00190657769304	2	0.0	0	0.00095328884652	1	1049
0.567264573991	0.00448430493274	2	0.0134529147982	6	0.0	0	0.0	0	446
0.59925093633	0.0	0	0.00749063670412	2	0.0	0	0.0	0	267
0.563192904656	0.00221729490022	1	0.00221729490022	1	0.0	0	0.0	0	451
0.375	0.00609756097561	8	0.00990853658537	13	0.0	0	0.000762195121951	1	1312
0.426345609065	0.0014164305949	2	0.0014164305949	2	0.00070821529745	1	0.0	0	1412
0.633928571429	0.00892857142857	4	0.00669642857143	3	0.0	0	0.0	0	448
0.654377880184	0.0	0	0.00230414746544	1	0.0	0	0.0	0	434
0.531847133758	0.0	0	0.0	0	0.0031847133758	1	0.0	0	314
0.594684385382	0.0	0	0.0	0	0.00332225913621	1	0.0	0	301
0.518833535844	0.00121506682868	1	0.0	0	0.0	0	0.0	0	823
0.468237704918	0.00819672131148	8	0.015368852459	15	0.00102459016393	1	0.0	0	976
0.534939759036	0.00481927710843	2	0.00240963855422	1	0.0	0	0.00481927710843	2	415
0.514774494557	0.0108864696734	7	0.0	0	0.0	0	0.0	0	643
0.449720670391	0.00837988826816	9	0.000931098696462	1	0.0	0	0.0	0	1074
0.330296127563	0.0	0	0.00113895216401	2	0.00227790432802	4	0.000569476082005	1	1756
0.516071428571	0.000892857142857	1	0.00178571428571	2	0.0	0	0.0	0	1120
0.535242290749	0.0	0	0.00440528634361	2	0.0	0	0.0	0	454
0.517374517375	0.0	0	0.0019305019305	1	0.0	0	0.0	0	518
0.499007936508	0.00297619047619	3	0.00496031746032	5	0.00198412698413	2	0.0	0	1008
0.497890295359	0.00070323488045	1	0.00210970464135	3	0.00070323488045	1	0.0	0	1422
0.481218274112	0.0010152284264	1	0.0010152284264	1	0.0	0	0.0	0	985
0.407730200834	0.00341038272073	9	0.00606290261463	16	0.000378931413414	1	0.000378931413414	1	2639
0.548621190131	0.00145137880987	1	0.0	0	0.0	0	0.0	0	689
0.503900156006	0.00780031201248	5	0.0015600624025	1	0.0	0	0.0	0	641
0.556377079482	0.0	0	0.00184842883549	1	0.00184842883549	1	0.00184842883549	1	541
0.382896015549	0.00680272108844	7	0.00680272108844	7	0.0	0	0.0	0	1029
0.524774774775	0.00225225225225	2	0.00112612612613	1	0.0	0	0.0	0	888
0.482673267327	0.0	0	0.0	0	0.00247524752475	2	0.00247524752475	2	808
0.483114446529	0.0	0	0.00093808630394	1	0.0	0	0.0	0	1066
0.567328918322	0.00662251655629	3	0.00220750551876	1	0.0	0	0.0	0	453
0.427382753404	0.00832072617247	11	0.00756429652042	10	0.00226928895613	3	0.000756429652042	1	1322
0.500643500644	0.0	0	0.00643500643501	5	0.00514800514801	4	0.0	0	777
0.478048780488	0.00292682926829	3	0.0	0	0.0	0	0.0	0	1025
0.478205128205	0.00769230769231	6	0.0025641025641	2	0.00128205128205	1	0.0	0	780
0.452466047177	0.00142959256612	2	0.00214438884918	3	0.00214438884918	3	0.0	0	1399
0.509306260575	0.0	0	0.0	0	0.0	0	0.00169204737733	1	591
0.493150684932	0.00342465753425	2	0.0	0	0.0	0	0.0	0	584
0.53711790393	0.0	0	0.0	0	0.0	0	0.0	0	458
0.486759142497	0.00252206809584	2	0.0063051702396	5	0.0	0	0.0	0	793
0.514989293362	0.0	0	0.00214132762313	2	0.0	0	0.0	0	934
0.498456790123	0.00154320987654	1	0.0	0	0.0	0	0.0	0	648
0.269416014449	0.00301023479831	10	0.00150511739916	5	0.0	0	0.000602046959663	2	3322
0.452566096423	0.00388802488336	5	0.00388802488336	5	0.0	0	0.0	0	1286
0.514893617021	0.00255319148936	3	0.000851063829787	1	0.000851063829787	1	0.0	0	1175
0.283312577833	0.00342465753425	11	0.00498132004981	16	0.000622665006227	2	0.0	0	3212
0.405405405405	0.0010395010395	1	0.0010395010395	1	0.0	0	0.0	0	962
0.268811624286	0.00337311883757	13	0.00337311883757	13	0.00103788271925	4	0.0	0	3854
0.476831091181	0.00896860986547	6	0.0	0	0.0	0	0.0	0	669
0.49219858156	0.00141843971631	1	0.0	0	0.0	0	0.0	0	705
0.490787269682	0.00167504187605	1	0.0117252931323	7	0.0	0	0.0	0	597
0.483159117305	0.0	0	0.00232288037166	2	0.0	0	0.0	0	861
0.495356037152	0.0	0	0.0	0	0.0	0	0.0	0	646
0.481939163498	0.00760456273764	8	0.00285171102662	3	0.000950570342205	1	0.0	0	1052
0.506643046944	0.00088573959256	1	0.0106288751107	12	0.0	0	0.0	0	1129
0.478342749529	0.00188323917137	2	0.00188323917137	2	0.00188323917137	2	0.000941619585687	1	1062
0.481024667932	0.0	0	0.000948766603416	1	0.0	0	0.0	0	1054
0.513215859031	0.00440528634361	2	0.00881057268722	4	0.0	0	0.0	0	454
0.512696493349	0.00362756952842	3	0.00483675937122	4	0.0	0	0.0	0	827
0.584269662921	0.00561797752809	2	0.0	0	0.0	0	0.0	0	356
0.486330935252	0.00143884892086	1	0.00143884892086	1	0.0	0	0.00143884892086	1	695
0.558943089431	0.0020325203252	1	0.0020325203252	1	0.0020325203252	1	0.0	0	492
0.548621190131	0.00145137880987	1	0.00290275761974	2	0.0	0	0.0	0	689
0.62323943662	0.00352112676056	1	0.0	0	0.0	0	0.0	0	284
0.548902195609	0.0139720558882	7	0.00399201596806	2	0.0	0	0.00199600798403	1	501
0.443438914027	0.00603318250377	8	0.00301659125189	4	0.0	0	0.0	0	1326
0.457079152731	0.00111482720178	1	0.00557413600892	5	0.00111482720178	1	0.0	0	897
0.636363636364	0.012987012987	4	0.0	0	0.0	0	0.0	0	308
0.572438162544	0.0	0	0.00353356890459	2	0.0	0	0.0	0	566
0.510920436817	0.0	0	0.000780031201248	1	0.0	0	0.0	0	1282
0.483379501385	0.00138504155125	1	0.0	0	0.0	0	0.0	0	722
0.484269662921	0.00224719101124	2	0.00224719101124	2	0.0	0	0.0	0	890
0.485374771481	0.0036563071298	4	0.00822669104205	9	0.0	0	0.00091407678245	1	1094
0.522070015221	0.00456621004566	3	0.0	0	0.00152207001522	1	0.0	0	657
0.527245949926	0.00589101620029	4	0.00294550810015	2	0.00147275405007	1	0.0	0	679
0.485350318471	0.00509554140127	4	0.00382165605096	3	0.00127388535032	1	0.0	0	785
0.274876499647	0.000705716302047	2	0.000705716302047	2	0.0	0	0.0	0	2834
0.414320193081	0.00804505229284	10	0.0048270313757	6	0.000804505229284	1	0.0	0	1243
0.504928806134	0.0175246440307	16	0.00219058050383	2	0.00328587075575	3	0.0	0	913
0.440251572327	0.00503144654088	4	0.0062893081761	5	0.0	0	0.0	0	795
0.450261780105	0.0065445026178	5	0.00523560209424	4	0.0	0	0.00130890052356	1	764
0.610752688172	0.0	0	0.0	0	0.0	0	0.0	0	465
0.311848341232	0.00758293838863	16	0.00379146919431	8	0.000473933649289	1	0.0	0	2110
0.562711864407	0.00112994350282	1	0.0	0	0.0	0	0.0	0	885
0.471590909091	0.00340909090909	3	0.00113636363636	1	0.0	0	0.0	0	880
0.464835164835	0.0010989010989	1	0.0010989010989	1	0.0010989010989	1	0.0	0	910
0.52009184845	0.00114810562572	1	0.00688863375431	6	0.0	0	0.0	0	871
0.450668896321	0.00167224080268	2	0.00167224080268	2	0.0	0	0.0	0	1196
0.43094629156	0.0	0	0.0	0	0.0	0	0.0	0	1564
0.451692815855	0.00165152766309	2	0.000825763831544	1	0.000825763831544	1	0.0	0	1211
0.337790985636	0.00544824170381	11	0.00495294700347	10	0.0	0	0.000990589400693	2	2019
0.426320667285	0.00185356811863	2	0.00278035217794	3	0.0	0	0.0	0	1079
0.559523809524	0.00297619047619	2	0.0	0	0.0014880952381	1	0.0	0	672
0.464583333333	0.003125	3	0.00208333333333	2	0.0	0	0.0	0	960
0.538461538462	0.00521512385919	4	0.0	0	0.0	0	0.0	0	767
0.347167694896	0.00112170499159	2	0.00112170499159	2	0.0	0	0.000560852495794	1	1783
0.466516177577	0.000752445447705	1	0.00150489089541	2	0.00150489089541	2	0.0	0	1329
0.460797799175	0.00137551581843	1	0.00137551581843	1	0.0	0	0.0	0	727
0.495133819951	0.0	0	0.00851581508516	7	0.00121654501217	1	0.0	0	822
0.377233620119	0.00198544010589	3	0.0	0	0.0	0	0.00066181336863	1	1511
0.377402446127	0.00232964472918	4	0.00174723354688	3	0.00116482236459	2	0.0	0	1717
0.414435389988	0.0	0	0.00291036088475	5	0.00058207217695	1	0.0	0	1718
0.528861154446	0.00468018720749	3	0.0	0	0.0015600624025	1	0.0	0	641
0.616161616162	0.0	0	0.00252525252525	1	0.0	0	0.0	0	396
0.411323328786	0.00341064120055	5	0.0	0	0.0	0	0.0	0	1466
0.607843137255	0.0	0	0.00326797385621	1	0.0	0	0.0	0	306
0.459170013387	0.0107095046854	8	0.00401606425703	3	0.00133868808568	1	0.00133868808568	1	747
0.496621621622	0.0	0	0.00337837837838	2	0.0	0	0.0	0	592
0.542574257426	0.0	0	0.0	0	0.0	0	0.0019801980198	1	505
0.430298146656	0.00161160354553	2	0.00483481063658	6	0.00161160354553	2	0.0	0	1241
0.581027667984	0.0	0	0.00395256916996	2	0.0	0	0.0	0	506
0.543062200957	0.0	0	0.0	0	0.00239234449761	1	0.0	0	418
0.45648312611	0.00266429840142	3	0.00177619893428	2	0.00355239786856	4	0.0	0	1126
0.509191176471	0.00551470588235	3	0.00183823529412	1	0.0	0	0.0	0	544
0.513953488372	0.0	0	0.00116279069767	1	0.00116279069767	1	0.00116279069767	1	860
0.451583710407	0.00633484162896	7	0.000904977375566	1	0.000904977375566	1	0.0	0	1105
0.472392638037	0.00511247443763	5	0.00511247443763	5	0.0	0	0.0	0	978
0.484023668639	0.00591715976331	5	0.0118343195266	10	0.00118343195266	1	0.00236686390533	2	845
0.451219512195	0.00487804878049	4	0.00853658536585	7	0.0	0	0.0	0	820
0.465587044534	0.00323886639676	4	0.00080971659919	1	0.0	0	0.0	0	1235
0.466472303207	0.0	0	0.0	0	0.0	0	0.0	0	686
0.5670995671	0.0021645021645	1	0.0021645021645	1	0.0	0	0.0	0	462
0.46908315565	0.00106609808102	1	0.00106609808102	1	0.0	0	0.0	0	938
0.510869565217	0.0	0	0.0054347826087	3	0.0	0	0.0	0	552
0.437577255871	0.00370828182942	3	0.0	0	0.00123609394314	1	0.0	0	809
0.505540166205	0.0	0	0.0	0	0.00138504155125	1	0.0	0	722
0.480431848853	0.00269905533063	2	0.00404858299595	3	0.0	0	0.00404858299595	3	741
0.532786885246	0.00491803278689	3	0.0016393442623	1	0.0016393442623	1	0.0	0	610
0.623728813559	0.00677966101695	2	0.0	0	0.0	0	0.0	0	295
0.569965870307	0.0	0	0.0	0	0.0	0	0.0	0	293
0.44472361809	0.00418760469012	5	0.00335008375209	4	0.00335008375209	4	0.0	0	1194
0.578823529412	0.00235294117647	1	0.00705882352941	3	0.0	0	0.0	0	425
0.483775811209	0.00442477876106	3	0.0	0	0.0	0	0.0	0	678
0.643312101911	0.0	0	0.0	0	0.0	0	0.0	0	314
0.510115606936	0.00867052023121	6	0.0	0	0.0	0	0.0	0	692
0.52804377565	0.00683994528044	5	0.00547195622435	4	0.0	0	0.0	0	731
0.630630630631	0.00600600600601	2	0.00600600600601	2	0.0	0	0.0	0	333
0.552397868561	0.0	0	0.00532859680284	3	0.00177619893428	1	0.0	0	563
0.486073674753	0.000898472596586	1	0.00179694519317	2	0.0	0	0.0	0	1113
0.429032258065	0.00241935483871	3	0.00322580645161	4	0.000806451612903	1	0.0	0	1240
0.482367758186	0.00125944584383	1	0.00125944584383	1	0.0	0	0.00125944584383	1	794
0.467602591793	0.00539956803456	5	0.0	0	0.0	0	0.0	0	926
0.645569620253	0.0	0	0.0	0	0.0	0	0.0	0	316
0.453222453222	0.002079002079	2	0.002079002079	2	0.0010395010395	1	0.0	0	962
0.5	0.0111464968153	7	0.00477707006369	3	0.0	0	0.0	0	628
0.5546875	0.005859375	3	0.0078125	4	0.0	0	0.0	0	512
0.577868852459	0.00819672131148	2	0.0	0	0.0	0	0.0	0	244
0.511961722488	0.0	0	0.00478468899522	2	0.0	0	0.0	0	418
0.502242152466	0.0	0	0.00149476831091	1	0.00149476831091	1	0.00149476831091	1	669
0.440132122213	0.0074318744839	9	0.0	0	0.000825763831544	1	0.000825763831544	1	1211
0.479212253829	0.0	0	0.0	0	0.00218818380744	1	0.0	0	457
0.480878763222	0.00406834825061	5	0.00162733930024	2	0.000813669650122	1	0.0	0	1229
0.473291925466	0.00372670807453	3	0.00248447204969	2	0.0	0	0.0	0	805
0.528155339806	0.0	0	0.0	0	0.00194174757282	1	0.0	0	515
0.471264367816	0.00821018062397	5	0.0	0	0.0	0	0.0	0	609
0.49931787176	0.0	0	0.00136425648022	1	0.00136425648022	1	0.0	0	733
0.447882736156	0.000814332247557	2	0.00162866449511	4	0.000407166123779	1	0.000407166123779	1	2456
0.723076923077	0.0153846153846	2	0.0	0	0.0	0	0.0	0	130
0.639204545455	0.0	0	0.00284090909091	1	0.0	0	0.0	0	352
0.542606516291	0.00125313283208	1	0.0112781954887	9	0.0	0	0.00125313283208	1	798
0.532228360958	0.0073664825046	4	0.00552486187845	3	0.0	0	0.0	0	543
0.379385964912	0.00584795321637	8	0.000730994152047	1	0.000730994152047	1	0.0	0	1368
0.497890295359	0.0056258790436	4	0.0056258790436	4	0.0028129395218	2	0.0	0	711
0.468664850136	0.00363306085377	4	0.00544959128065	6	0.0	0	0.0	0	1101
0.536281179138	0.00453514739229	4	0.0	0	0.00340136054422	3	0.0	0	882
0.438164893617	0.000664893617021	1	0.00398936170213	6	0.000664893617021	1	0.0	0	1504
0.571428571429	0.00324675324675	1	0.0	0	0.0	0	0.0	0	308
0.4975	0.01125	9	0.0075	6	0.0	0	0.00375	3	800
0.457680250784	0.00104493207941	1	0.0	0	0.0	0	0.0	0	957
0.303707224335	0.00237642585551	5	0.0	0	0.0	0	0.0	0	2104
0.466965285554	0.00783874580067	7	0.003359462486	3	0.0	0	0.0	0	893
0.458862506902	0.00276090557703	5	0.00607399226946	11	0.000552181115406	1	0.0	0	1811
0.508417508418	0.00224466891134	2	0.003367003367	3	0.0	0	0.00112233445567	1	891
0.560317460317	0.0	0	0.0031746031746	2	0.0015873015873	1	0.0	0	630
0.653495440729	0.00303951367781	1	0.00607902735562	2	0.0	0	0.0	0	329
0.557768924303	0.00398406374502	3	0.0	0	0.0	0	0.0	0	753
0.421280276817	0.00259515570934	3	0.0	0	0.0	0	0.0	0	1156
0.482824427481	0.00318066157761	5	0.000636132315522	1	0.0	0	0.0	0	1572
0.479007633588	0.00286259541985	3	0.00477099236641	5	0.0	0	0.000954198473282	1	1048
0.471661863593	0.0	0	0.0028818443804	3	0.0	0	0.0	0	1041
0.519402985075	0.00597014925373	4	0.00149253731343	1	0.0	0	0.0	0	670
0.495555555556	0.00333333333333	3	0.00333333333333	3	0.0	0	0.0	0	900
0.537037037037	0.003367003367	2	0.00673400673401	4	0.0016835016835	1	0.0016835016835	1	594
0.341661824521	0.00232423009878	4	0.00406740267286	7	0.00116211504939	2	0.0	0	1721
0.47923681257	0.00673400673401	6	0.00448933782267	4	0.0	0	0.0	0	891
0.474747474747	0.00631313131313	5	0.0	0	0.0	0	0.00126262626263	1	792
0.521428571429	0.0	0	0.00357142857143	2	0.0	0	0.00178571428571	1	560
0.49746835443	0.00126582278481	1	0.00632911392405	5	0.0	0	0.0	0	790
0.424495818987	0.00196753566158	4	0.0	0	0.0	0	0.0	0	2033
0.413023255814	0.0	0	0.0046511627907	5	0.0	0	0.0	0	1075
0.505361930295	0.00670241286863	5	0.0	0	0.00134048257373	1	0.0	0	746
0.547344110855	0.0	0	0.00230946882217	1	0.00230946882217	1	0.0	0	433
0.496191512514	0.00108813928183	1	0.0	0	0.0	0	0.0	0	919
0.369026013309	0.00120992135511	2	0.00120992135511	2	0.00362976406534	6	0.000604960677556	1	1653
0.58547008547	0.0	0	0.00213675213675	1	0.0	0	0.0	0	468
0.462628865979	0.00515463917526	4	0.0	0	0.00644329896907	5	0.0	0	776
0.426112759644	0.00712166172107	12	0.00415430267062	7	0.00356083086053	6	0.0	0	1685
0.427966101695	0.00932203389831	11	0.000847457627119	1	0.000847457627119	1	0.00254237288136	3	1180
0.404168554599	0.000453103760761	1	0.0	0	0.000906207521522	2	0.000453103760761	1	2207
0.502155172414	0.0	0	0.00323275862069	3	0.0010775862069	1	0.0	0	928
0.378495470658	0.00590783773139	15	0.00236313509256	6	0.000393855848759	1	0.000393855848759	1	2539
0.439257028112	0.00451807228916	9	0.00100401606426	2	0.0	0	0.0	0	1992
0.417495029821	0.0	0	0.00298210735586	3	0.0	0	0.0	0	1006
0.521959459459	0.0	0	0.00168918918919	1	0.0	0	0.0	0	592
0.539363484087	0.0100502512563	6	0.00502512562814	3	0.00335008375209	2	0.0	0	597
0.642156862745	0.00490196078431	1	0.0147058823529	3	0.00490196078431	1	0.0	0	204
0.486725663717	0.00589970501475	4	0.00147492625369	1	0.00442477876106	3	0.0	0	678
0.473684210526	0.00256739409499	2	0.00641848523748	5	0.0	0	0.0	0	779
0.497206703911	0.00558659217877	4	0.00139664804469	1	0.0	0	0.0	0	716
0.449530516432	0.00117370892019	1	0.0	0	0.0	0	0.0	0	852
0.629166666667	0.0	0	0.00416666666667	1	0.0	0	0.0	0	240
0.440408626561	0.00454029511918	4	0.00340522133939	3	0.0011350737798	1	0.0	0	881
0.39140625	0.00234375	3	0.0	0	0.0	0	0.0	0	1280
0.384026258206	0.00656455142232	12	0.00054704595186	1	0.00328227571116	6	0.00109409190372	2	1828
0.624633431085	0.0	0	0.00293255131965	1	0.0	0	0.0	0	341
0.49915682968	0.00505902192243	3	0.0	0	0.00505902192243	3	0.0	0	593
0.482621648461	0.00695134061569	7	0.00893743793446	9	0.000993048659384	1	0.00198609731877	2	1007
0.639240506329	0.0	0	0.0	0	0.0	0	0.00632911392405	1	158
0.490196078431	0.00367647058824	3	0.00122549019608	1	0.0	0	0.0	0	816
0.451263537906	0.00361010830325	5	0.0	0	0.0	0	0.0	0	1385
0.548872180451	0.0	0	0.00250626566416	1	0.0	0	0.00501253132832	2	399
0.64	0.0	0	0.0	0	0.0	0	0.0	0	200
0.563775510204	0.00510204081633	2	0.00510204081633	2	0.00510204081633	2	0.0	0	392
0.27695473251	0.00246913580247	6	0.00534979423868	13	0.00288065843621	7	0.0	0	2430
0.547854785479	0.0016501650165	1	0.0	0	0.0	0	0.0	0	606
0.55910543131	0.0	0	0.00319488817891	2	0.0	0	0.0	0	626
0.481806775408	0.00250941028858	2	0.0125470514429	10	0.00125470514429	1	0.00125470514429	1	797
0.391588107324	0.00145032632342	2	0.0	0	0.00145032632342	2	0.000725163161711	1	1379
0.523235800344	0.00172117039587	1	0.00516351118761	3	0.0	0	0.0	0	581
0.532407407407	0.00154320987654	1	0.0	0	0.00462962962963	3	0.00154320987654	1	648
0.466933867735	0.00901803607214	9	0.00300601202405	3	0.00100200400802	1	0.0	0	998
0.496749024707	0.0117035110533	9	0.00520156046814	4	0.0	0	0.0	0	769
0.412186379928	0.00645161290323	9	0.00430107526882	6	0.0	0	0.0	0	1395
0.472602739726	0.00228310502283	2	0.00228310502283	2	0.0	0	0.00114155251142	1	876
0.393788819876	0.00372670807453	3	0.00372670807453	3	0.00993788819876	8	0.0	0	805
0.348364279399	0.000884173297966	1	0.00618921308576	7	0.0	0	0.0	0	1131
0.473465140479	0.00520291363163	5	0.0114464099896	11	0.00104058272633	1	0.00104058272633	1	961
0.480633802817	0.00792253521127	9	0.00176056338028	2	0.000880281690141	1	0.0	0	1136
0.546478873239	0.0	0	0.0	0	0.0	0	0.0	0	355
0.471103327496	0.0	0	0.0	0	0.00175131348511	1	0.0	0	571
0.616022099448	0.0193370165746	7	0.0	0	0.0	0	0.0	0	362
0.577114427861	0.00248756218905	1	0.0	0	0.0	0	0.0	0	402
0.492836676218	0.00573065902579	4	0.0	0	0.0	0	0.0	0	698
0.501070663812	0.00214132762313	1	0.00214132762313	1	0.0	0	0.0	0	467
0.565476190476	0.0	0	0.0	0	0.0	0	0.0	0	504
0.488491048593	0.00255754475703	2	0.0	0	0.00127877237852	1	0.0	0	782
0.459579180509	0.00221483942414	2	0.00332225913621	3	0.00221483942414	2	0.00221483942414	2	903
0.506666666667	0.00444444444444	3	0.0	0	0.0	0	0.0	0	675
0.442922374429	0.00152207001522	2	0.00456621004566	6	0.00152207001522	2	0.00076103500761	1	1314
0.508474576271	0.00282485875706	2	0.0	0	0.0	0	0.00141242937853	1	708
0.60103626943	0.0129533678756	5	0.00259067357513	1	0.0	0	0.0	0	386
0.398918918919	0.00756756756757	14	0.00162162162162	3	0.0	0	0.00108108108108	2	1850
0.491978609626	0.00401069518717	3	0.00133689839572	1	0.00267379679144	2	0.0	0	748
0.627976190476	0.00297619047619	1	0.00595238095238	2	0.0	0	0.0	0	336
0.491525423729	0.00605326876513	5	0.00847457627119	7	0.0	0	0.0	0	826
0.504942339374	0.00164744645799	2	0.0	0	0.000823723228995	1	0.000823723228995	1	1214
0.646017699115	0.0	0	0.0	0	0.0	0	0.0	0	226
0.539130434783	0.00217391304348	1	0.0	0	0.00434782608696	2	0.00434782608696	2	460
0.592039800995	0.00248756218905	1	0.00497512437811	2	0.0	0	0.0	0	402
0.48275862069	0.0	0	0.0010775862069	1	0.0	0	0.00323275862069	3	928
0.469387755102	0.0	0	0.00907029478458	4	0.00226757369615	1	0.00226757369615	1	441
0.4096024006	0.00225056264066	3	0.00600150037509	8	0.0	0	0.0	0	1333
0.449044585987	0.00530785562633	5	0.0106157112527	10	0.0	0	0.00106157112527	1	942
0.491803278689	0.0	0	0.00182149362477	1	0.00546448087432	3	0.0	0	549
0.52992383025	0.00435255712731	4	0.0	0	0.00108813928183	1	0.0	0	919
0.676829268293	0.00609756097561	1	0.00609756097561	1	0.0	0	0.0	0	164
0.334538878843	0.00632911392405	14	0.00226039783002	5	0.0	0	0.0	0	2212
0.490719257541	0.0	0	0.0127610208817	11	0.0	0	0.0	0	862
0.545842217484	0.00213219616205	1	0.00426439232409	2	0.0	0	0.0	0	469
0.473222979552	0.00681596884129	7	0.00778967867575	8	0.0	0	0.000973709834469	1	1027
0.516279069767	0.0093023255814	4	0.00232558139535	1	0.00232558139535	1	0.00697674418605	3	430
0.550200803213	0.00200803212851	1	0.0	0	0.00401606425703	2	0.0	0	498
0.55980861244	0.00159489633174	1	0.0	0	0.00159489633174	1	0.0	0	627
0.435170178282	0.00729335494327	9	0.00486223662885	6	0.000810372771475	1	0.000810372771475	1	1234
0.363796133568	0.00234329232572	4	0.000585823081429	1	0.0	0	0.0	0	1707
0.496561210454	0.0110041265475	8	0.00550206327373	4	0.0	0	0.0	0	727
0.548672566372	0.00353982300885	2	0.00176991150442	1	0.00353982300885	2	0.0	0	565
0.542151162791	0.00290697674419	2	0.00145348837209	1	0.00145348837209	1	0.00145348837209	1	688
0.422641509434	0.00125786163522	1	0.0062893081761	5	0.00125786163522	1	0.0	0	795
0.549597855228	0.0134048257373	5	0.0	0	0.0	0	0.0	0	373
0.595628415301	0.00136612021858	1	0.00136612021858	1	0.0	0	0.00136612021858	1	732
0.295626822157	0.00116618075802	2	0.00233236151603	4	0.00233236151603	4	0.0	0	1715
0.484137931034	0.00689655172414	5	0.00551724137931	4	0.0	0	0.00413793103448	3	725
0.242249459265	0.000360490266763	1	0.00144196106705	4	0.00108147080029	3	0.0	0	2774
0.590804597701	0.00229885057471	1	0.0	0	0.0	0	0.0	0	435
0.55900621118	0.00207039337474	1	0.0	0	0.0	0	0.0	0	483
0.291314373559	0.00269023827825	7	0.00960799385088	25	0.00192159877018	5	0.0	0	2602
0.470212765957	0.00744680851064	7	0.00531914893617	5	0.00425531914894	4	0.0	0	940
0.529531568228	0.0020366598778	1	0.0	0	0.0	0	0.0020366598778	1	491
0.531062124248	0.00801603206413	4	0.0	0	0.0	0	0.0	0	499
0.517580872011	0.0042194092827	3	0.0028129395218	2	0.0	0	0.0014064697609	1	711
0.435791217896	0.003314001657	4	0.00248550124275	3	0.0016570008285	2	0.0016570008285	2	1207
0.481012658228	0.0	0	0.00253164556962	2	0.00126582278481	1	0.0	0	790
0.264391589107	0.00379179593244	11	0.00275766976905	8	0.00172354360565	5	0.00103412616339	3	2901
0.40192926045	0.0008038585209	1	0.0048231511254	6	0.0	0	0.0	0	1244
0.575079872204	0.0	0	0.0	0	0.0	0	0.0	0	313
0.663366336634	0.0	0	0.0	0	0.0	0	0.0	0	202
0.431314623338	0.000738552437223	1	0.00147710487445	2	0.0	0	0.0	0	1354
0.5329218107	0.00102880658436	1	0.0	0	0.0	0	0.0	0	972
0.391172914148	0.0	0	0.00120918984281	2	0.000604594921403	1	0.000604594921403	1	1654
0.477659574468	0.0117021276596	11	0.0117021276596	11	0.0	0	0.0	0	940
0.58803986711	0.00664451827243	2	0.0	0	0.00332225913621	1	0.0	0	301
0.493177387914	0.00194931773879	1	0.00194931773879	1	0.00584795321637	3	0.0	0	513
0.6125	0.0025	1	0.0	0	0.0	0	0.0	0	400
0.6	0.0	0	0.0	0	0.0	0	0.0	0	425
0.452957746479	0.00281690140845	5	0.00225352112676	4	0.00056338028169	1	0.0	0	1775
0.424836601307	0.00392156862745	3	0.0	0	0.0	0	0.0	0	765
0.350373134328	0.00335820895522	9	0.00149253731343	4	0.0	0	0.0	0	2680
0.598765432099	0.0	0	0.00617283950617	2	0.00308641975309	1	0.0	0	324
0.485074626866	0.00497512437811	4	0.00621890547264	5	0.00124378109453	1	0.0	0	804
0.496696035242	0.00220264317181	2	0.00660792951542	6	0.0	0	0.0	0	908
0.487830687831	0.0021164021164	2	0.0021164021164	2	0.0	0	0.0	0	945
0.47820343461	0.00660501981506	5	0.00528401585205	4	0.00396301188904	3	0.0	0	757
0.563664596273	0.0	0	0.00155279503106	1	0.0	0	0.0	0	644
0.431994362227	0.00845665961945	12	0.00281888653982	4	0.0	0	0.0	0	1419
0.599326599327	0.0	0	0.0	0	0.0	0	0.0	0	297
0.501222493888	0.00611246943765	5	0.00122249388753	1	0.00244498777506	2	0.0	0	818
0.559718969555	0.0	0	0.0	0	0.0	0	0.0	0	427
0.485639686684	0.00130548302872	1	0.00130548302872	1	0.0	0	0.0	0	766
0.512362637363	0.0	0	0.0	0	0.0	0	0.0	0	728
0.543157894737	0.00210526315789	1	0.0	0	0.0	0	0.0	0	475
0.514331210191	0.0	0	0.0	0	0.0	0	0.0015923566879	1	628
0.447	0.002	2	0.004	4	0.0	0	0.0	0	1000
0.501369863014	0.0041095890411	3	0.0013698630137	1	0.0027397260274	2	0.0	0	730
0.448868778281	0.0027149321267	3	0.00361990950226	4	0.000904977375566	1	0.0	0	1105
0.571782178218	0.00247524752475	1	0.0	0	0.0	0	0.0	0	404
0.428395061728	0.0037037037037	3	0.00123456790123	1	0.00123456790123	1	0.0	0	810
0.479196556671	0.00430416068867	3	0.00286944045911	2	0.0	0	0.0	0	697
0.490322580645	0.0	0	0.0	0	0.0010752688172	1	0.00430107526882	4	930
0.407441860465	0.00186046511628	2	0.00093023255814	1	0.0	0	0.0	0	1075
0.456196581197	0.00534188034188	5	0.00106837606838	1	0.00106837606838	1	0.0	0	936
0.49900990099	0.0019801980198	1	0.0	0	0.0	0	0.0039603960396	2	505
0.456818181818	0.00113636363636	1	0.0	0	0.0	0	0.0	0	880
0.419675090253	0.0	0	0.00270758122744	3	0.0	0	0.0	0	1108
0.517741935484	0.00322580645161	2	0.00322580645161	2	0.0	0	0.00322580645161	2	620
0.528248587571	0.00141242937853	1	0.00141242937853	1	0.0	0	0.00141242937853	1	708
0.705426356589	0.0	0	0.0	0	0.0	0	0.0	0	129
0.472413793103	0.00459770114943	4	0.00229885057471	2	0.0	0	0.0	0	870
0.482162162162	0.00324324324324	3	0.00108108108108	1	0.00216216216216	2	0.0	0	925
0.536764705882	0.00367647058824	2	0.00367647058824	2	0.0	0	0.0	0	544
0.422626025791	0.000586166471278	1	0.0052754982415	9	0.000586166471278	1	0.0	0	1706
0.733870967742	0.0	0	0.0	0	0.0	0	0.0	0	124
0.523020257827	0.0036832412523	2	0.0036832412523	2	0.0	0	0.0	0	543
0.483660130719	0.0	0	0.0143790849673	11	0.0	0	0.0	0	765
0.572463768116	0.0	0	0.0	0	0.0	0	0.0	0	276
0.487804878049	0.0	0	0.00457317073171	3	0.00457317073171	3	0.0	0	656
0.485318107667	0.000815660685155	1	0.00407830342577	5	0.00163132137031	2	0.0	0	1226
0.610983981693	0.0045766590389	2	0.00228832951945	1	0.00228832951945	1	0.0	0	437
0.49569495695	0.00492004920049	4	0.00246002460025	2	0.00123001230012	1	0.00123001230012	1	813
0.713114754098	0.0	0	0.0	0	0.0	0	0.0	0	122
0.40013726836	0.00137268359643	2	0.00137268359643	2	0.0	0	0.0	0	1457
0.615151515152	0.0030303030303	1	0.0030303030303	1	0.0	0	0.0	0	330
0.546995377504	0.00308166409861	2	0.00308166409861	2	0.00154083204931	1	0.0	0	649
0.594117647059	0.00588235294118	2	0.00294117647059	1	0.0	0	0.0	0	340
0.528735632184	0.00656814449918	4	0.00492610837438	3	0.00328407224959	2	0.00164203612479	1	609
0.529691211401	0.0	0	0.00475059382423	2	0.00237529691211	1	0.0	0	421
0.50566572238	0.0028328611898	2	0.0014164305949	1	0.0014164305949	1	0.0	0	706
0.496495327103	0.0	0	0.0	0	0.0	0	0.00116822429907	1	856
0.427675988428	0.00337512054002	7	0.00771456123433	16	0.00337512054002	7	0.0	0	2074
0.45347467609	0.00353356890459	3	0.0	0	0.0	0	0.0	0	849
0.505226480836	0.00116144018583	1	0.00813008130081	7	0.00116144018583	1	0.0	0	861
0.50936967632	0.00170357751278	1	0.0	0	0.00170357751278	1	0.0	0	587
0.527777777778	0.00416666666667	3	0.00416666666667	3	0.00277777777778	2	0.00138888888889	1	720
0.520179372197	0.0	0	0.0	0	0.0	0	0.0	0	446
0.501792114695	0.00119474313023	1	0.00477897252091	4	0.00238948626045	2	0.00119474313023	1	837
0.515845070423	0.0176056338028	10	0.00176056338028	1	0.0	0	0.0	0	568
0.490301724138	0.0	0	0.00215517241379	2	0.00323275862069	3	0.0	0	928
0.601648351648	0.00274725274725	1	0.0	0	0.0	0	0.0	0	364
0.516393442623	0.0327868852459	16	0.0	0	0.0	0	0.0	0	488
0.536529680365	0.0	0	0.00228310502283	1	0.0	0	0.0	0	438
0.45078071962	0.000678886625933	1	0.00271554650373	4	0.0	0	0.0	0	1473
0.444289693593	0.00696378830084	5	0.0125348189415	9	0.00557103064067	4	0.00139275766017	1	718
0.605263157895	0.0	0	0.00328947368421	1	0.0	0	0.0	0	304
0.53720508167	0.0	0	0.005444646098	3	0.00362976406534	2	0.0	0	551
0.479532163743	0.0	0	0.00292397660819	2	0.0	0	0.0	0	684
0.485714285714	0.00659340659341	6	0.00769230769231	7	0.0	0	0.0021978021978	2	910
0.453367875648	0.00647668393782	5	0.00518134715026	4	0.0	0	0.0	0	772
0.490445859873	0.00955414012739	6	0.00955414012739	6	0.0015923566879	1	0.0	0	628
0.543165467626	0.00359712230216	2	0.0089928057554	5	0.0	0	0.0	0	556
0.51968503937	0.00262467191601	2	0.0144356955381	11	0.0	0	0.0	0	762
0.51822503962	0.0206022187005	13	0.00158478605388	1	0.0	0	0.00316957210777	2	631
0.45630174793	0.00367985280589	4	0.00367985280589	4	0.0	0	0.0	0	1087
0.439541041483	0.00264783759929	3	0.00529567519859	6	0.0	0	0.0	0	1133
0.435233160622	0.00414507772021	4	0.0103626943005	10	0.0020725388601	2	0.0	0	965
0.56798245614	0.00219298245614	1	0.0	0	0.0	0	0.0	0	456
0.494163424125	0.0	0	0.0	0	0.00389105058366	3	0.0	0	771
0.559523809524	0.00297619047619	1	0.00297619047619	1	0.0	0	0.0	0	336
0.495921696574	0.00815660685155	5	0.00489396411093	3	0.0	0	0.0	0	613
0.335110861633	0.00336794835813	12	0.00196463654224	7	0.000561324726354	2	0.00196463654224	7	3563
0.468637992832	0.0	0	0.00358422939068	4	0.0	0	0.0	0	1116
0.381401617251	0.00404312668464	6	0.00202156334232	3	0.000673854447439	1	0.0	0	1484
0.50699844479	0.00155520995334	1	0.00622083981337	4	0.0	0	0.0	0	643
0.502311248074	0.0	0	0.0	0	0.0	0	0.0	0	649
0.405854956753	0.00199600798403	3	0.00266134397871	4	0.00199600798403	3	0.00133067198935	2	1503
0.593625498008	0.0	0	0.0	0	0.0	0	0.0	0	251
0.465573770492	0.0109289617486	10	0.00109289617486	1	0.0	0	0.00109289617486	1	915
0.481074481074	0.00854700854701	7	0.00732600732601	6	0.0	0	0.0	0	819
0.503891050584	0.00194552529183	1	0.0	0	0.0	0	0.0	0	514
0.46677471637	0.0032414910859	2	0.00162074554295	1	0.00162074554295	1	0.0	0	617
0.555118110236	0.0	0	0.0	0	0.0	0	0.0	0	508
0.465517241379	0.0012315270936	1	0.00246305418719	2	0.00369458128079	3	0.0	0	812
0.660447761194	0.0111940298507	3	0.0	0	0.0	0	0.00373134328358	1	268
0.53137254902	0.00392156862745	2	0.00196078431373	1	0.00196078431373	1	0.0	0	510
0.540084388186	0.00632911392405	3	0.0	0	0.0	0	0.0	0	474
0.639053254438	0.0118343195266	2	0.0	0	0.0	0	0.0	0	169
0.476457399103	0.0	0	0.0	0	0.0	0	0.0	0	892
0.486223662885	0.00162074554295	1	0.0032414910859	2	0.00162074554295	1	0.0	0	617
0.603415559772	0.0	0	0.00189753320683	1	0.0	0	0.0	0	527
0.439153439153	0.0082304526749	14	0.00411522633745	7	0.0	0	0.0	0	1701
0.672811059908	0.00921658986175	2	0.00460829493088	1	0.0	0	0.0	0	217
0.513590844063	0.0	0	0.0	0	0.0	0	0.0	0	699
0.525641025641	0.003663003663	2	0.0	0	0.0	0	0.003663003663	2	546
0.595982142857	0.0223214285714	10	0.0	0	0.0	0	0.0	0	448
0.490534979424	0.00740740740741	9	0.00329218106996	4	0.0	0	0.0	0	1215
0.495594713656	0.00220264317181	2	0.00220264317181	2	0.0	0	0.00220264317181	2	908
0.499356499356	0.003861003861	3	0.00772200772201	6	0.0	0	0.0	0	777
0.536437246964	0.00404858299595	2	0.00607287449393	3	0.00202429149798	1	0.0	0	494
0.444561774023	0.00105596620908	1	0.00422386483633	4	0.00527983104541	5	0.0	0	947
0.687747035573	0.0	0	0.0	0	0.00395256916996	1	0.0	0	253
0.490170380079	0.00524246395806	4	0.00262123197903	2	0.00131061598952	1	0.0	0	763
0.472959685349	0.000983284169125	1	0.00196656833825	2	0.000983284169125	1	0.0	0	1017
0.541474654378	0.0	0	0.0	0	0.0	0	0.0	0	434
0.280477759473	0.00102965403624	5	0.00453047775947	22	0.00658978583196	32	0.000411861614498	2	4856
0.471596998928	0.0010718113612	1	0.0032154340836	3	0.0	0	0.0021436227224	2	933
0.488921713442	0.00295420974889	2	0.00295420974889	2	0.0	0	0.0	0	677
0.608294930876	0.00460829493088	1	0.0	0	0.0	0	0.0	0	217
0.545146726862	0.00677200902935	6	0.00225733634312	2	0.0	0	0.00112866817156	1	886
0.493927125506	0.0	0	0.00404858299595	3	0.00134952766532	1	0.0	0	741
0.400252525253	0.000631313131313	1	0.00189393939394	3	0.00252525252525	4	0.0	0	1584
0.340437464947	0.000560852495794	1	0.00112170499159	2	0.000560852495794	1	0.0	0	1783
0.589830508475	0.0169491525424	5	0.0	0	0.0	0	0.0	0	295
0.489035087719	0.00219298245614	2	0.00328947368421	3	0.0	0	0.0	0	912
0.511627906977	0.00258397932817	1	0.0	0	0.0	0	0.0	0	387
0.532769556025	0.00211416490486	2	0.00317124735729	3	0.0	0	0.0	0	946
0.509592326139	0.00359712230216	3	0.00119904076739	1	0.00119904076739	1	0.0	0	834
0.478823529412	0.0	0	0.0	0	0.00588235294118	5	0.00352941176471	3	850
0.490494296578	0.00152091254753	2	0.00532319391635	7	0.0	0	0.0	0	1315
0.678571428571	0.0535714285714	6	0.0	0	0.0	0	0.0	0	112
0.522550544323	0.00311041990669	2	0.00777604976672	5	0.0	0	0.0	0	643
0.492134831461	0.00112359550562	1	0.00337078651685	3	0.00112359550562	1	0.0	0	890
0.482142857143	0.00105042016807	1	0.00840336134454	8	0.00105042016807	1	0.0	0	952
0.502590673575	0.0	0	0.00777202072539	3	0.00259067357513	1	0.0	0	386
0.609826589595	0.0	0	0.0	0	0.0	0	0.0	0	346
0.592715231788	0.023178807947	7	0.0	0	0.0	0	0.0	0	302
0.445034519384	0.00743494423792	14	0.00318640467339	6	0.000531067445566	1	0.000531067445566	1	1883
0.508741258741	0.0	0	0.0	0	0.0	0	0.0	0	572
0.49896049896	0.00519750519751	5	0.0	0	0.0	0	0.0010395010395	1	962
0.388123924269	0.00344234079174	4	0.000860585197935	1	0.00344234079174	4	0.00172117039587	2	1162
0.378269617706	0.00201207243461	2	0.0	0	0.0	0	0.0	0	994
0.472	0.00457142857143	4	0.00114285714286	1	0.00114285714286	1	0.00114285714286	1	875
0.477037037037	0.00296296296296	2	0.00148148148148	1	0.00148148148148	1	0.0	0	675
0.465415019763	0.00395256916996	4	0.00197628458498	2	0.00395256916996	4	0.0	0	1012
0.510094212651	0.00538358008075	4	0.00538358008075	4	0.00134589502019	1	0.00134589502019	1	743
0.444719471947	0.003300330033	4	0.0049504950495	6	0.0	0	0.0	0	1212
0.718954248366	0.0	0	0.00326797385621	1	0.0	0	0.0	0	306
0.553497942387	0.0144032921811	7	0.0	0	0.00205761316872	1	0.0	0	486
0.532327586207	0.00431034482759	2	0.0	0	0.00215517241379	1	0.0	0	464
0.409155937053	0.00286123032904	4	0.00214592274678	3	0.00071530758226	1	0.0	0	1398
0.482164821648	0.00738007380074	6	0.00246002460025	2	0.0	0	0.0	0	813
0.461451247166	0.00226757369615	2	0.00340136054422	3	0.0	0	0.0	0	882
0.610894941634	0.0	0	0.0	0	0.0	0	0.0	0	257
0.489423076923	0.00288461538462	3	0.00769230769231	8	0.0	0	0.00288461538462	3	1040
0.558823529412	0.0	0	0.00802139037433	3	0.00267379679144	1	0.0	0	374
0.675925925926	0.0	0	0.0	0	0.0	0	0.0	0	216
0.511053315995	0.0143042912874	11	0.00390117035111	3	0.00130039011704	1	0.0	0	769
0.433077578858	0.0	0	0.000852514919011	1	0.0	0	0.0	0	1173
0.607272727273	0.0	0	0.0	0	0.0	0	0.0	0	275
0.563694267516	0.0	0	0.0031847133758	1	0.0	0	0.0	0	314
0.544247787611	0.00589970501475	4	0.00294985250737	2	0.0	0	0.0	0	678
0.562730627306	0.00369003690037	2	0.0110701107011	6	0.00369003690037	2	0.0	0	542
0.529605263158	0.0	0	0.00328947368421	2	0.00164473684211	1	0.0	0	608
0.491628614916	0.00152207001522	1	0.00304414003044	2	0.0	0	0.0	0	657
0.530666666667	0.0	0	0.0	0	0.0	0	0.0	0	375
0.529304029304	0.0	0	0.0	0	0.0018315018315	1	0.0	0	546
0.54415954416	0.002849002849	1	0.002849002849	1	0.0	0	0.0	0	351
0.476939203354	0.00314465408805	3	0.00524109014675	5	0.0020964360587	2	0.0	0	954
0.505474452555	0.0036496350365	2	0.0036496350365	2	0.00182481751825	1	0.0	0	548
0.594155844156	0.00324675324675	1	0.0	0	0.0	0	0.0	0	308
0.656765676568	0.003300330033	1	0.0	0	0.0	0	0.0	0	303
0.512	0.004	2	0.018	9	0.0	0	0.0	0	500
0.468702290076	0.0	0	0.0030534351145	2	0.0	0	0.0	0	655
0.554511278195	0.00187969924812	1	0.0	0	0.0	0	0.0	0	532
0.474622770919	0.0	0	0.00274348422497	2	0.0	0	0.0	0	729
0.440291704649	0.00455788514129	5	0.00273473108478	3	0.00273473108478	3	0.000911577028259	1	1097
0.513986013986	0.00699300699301	4	0.0	0	0.00174825174825	1	0.00174825174825	1	572
0.480093676815	0.00117096018735	1	0.00351288056206	3	0.00117096018735	1	0.00117096018735	1	854
0.708074534161	0.0	0	0.0	0	0.0	0	0.0	0	161
0.520153550864	0.00575815738964	3	0.00959692898273	5	0.0	0	0.00191938579655	1	521
0.628959276018	0.00452488687783	1	0.0	0	0.0	0	0.0	0	221
0.524844720497	0.00155279503106	1	0.00155279503106	1	0.00465838509317	3	0.0	0	644
0.60843373494	0.0	0	0.0	0	0.0	0	0.0	0	166
0.504402515723	0.00125786163522	1	0.00125786163522	1	0.0	0	0.00125786163522	1	795
0.466185752931	0.00360685302074	4	0.000901713255185	1	0.0	0	0.0	0	1109
0.579617834395	0.0	0	0.0	0	0.0	0	0.0	0	314
0.52736318408	0.0016583747927	1	0.0	0	0.0	0	0.0	0	603
0.527227722772	0.0049504950495	2	0.0	0	0.0	0	0.0	0	404
0.410041841004	0.00358637178721	6	0.0	0	0.00298864315601	5	0.000597728631201	1	1673
0.585263157895	0.0	0	0.0	0	0.00210526315789	1	0.0	0	475
0.586776859504	0.0	0	0.00826446280992	2	0.0	0	0.0	0	242
0.472399150743	0.00106157112527	1	0.0031847133758	3	0.0	0	0.0	0	942
0.456479690522	0.000967117988395	1	0.00483558994197	5	0.000967117988395	1	0.0	0	1034
0.270488920155	0.0	0	0.00140696447415	4	0.00281392894829	8	0.0	0	2843
0.608024691358	0.0	0	0.0	0	0.0	0	0.0	0	324
0.514814814815	0.00185185185185	1	0.0	0	0.0	0	0.0	0	540
0.506925207756	0.0	0	0.0	0	0.00277008310249	1	0.0	0	361
0.473457675753	0.0100430416069	7	0.00143472022956	1	0.00286944045911	2	0.00286944045911	2	697
0.637010676157	0.0	0	0.0	0	0.0	0	0.0	0	281
0.504173622705	0.0116861435726	7	0.00333889816361	2	0.00333889816361	2	0.0016694490818	1	599
0.50406504065	0.0010162601626	1	0.0020325203252	2	0.0010162601626	1	0.0010162601626	1	984
0.263092578804	0.00124100273021	5	0.00223380491437	9	0.00198560436833	8	0.000248200546041	1	4029
0.640127388535	0.0	0	0.0031847133758	1	0.0	0	0.0	0	314
0.597368421053	0.00526315789474	2	0.00263157894737	1	0.0	0	0.0	0	380
0.505420054201	0.00542005420054	4	0.00406504065041	3	0.00271002710027	2	0.0	0	738
0.603112840467	0.0	0	0.0	0	0.0	0	0.0	0	257
0.538961038961	0.00162337662338	1	0.00324675324675	2	0.00162337662338	1	0.0	0	616
0.519427402863	0.0224948875256	11	0.0040899795501	2	0.0	0	0.0	0	489
0.572072072072	0.0	0	0.00225225225225	1	0.0	0	0.0	0	444
0.504975124378	0.0	0	0.00248756218905	1	0.0	0	0.0	0	402
0.614555256065	0.00269541778976	1	0.00539083557951	2	0.0	0	0.0	0	371
0.687074829932	0.00340136054422	1	0.0	0	0.00340136054422	1	0.00340136054422	1	294
0.500994035785	0.00298210735586	3	0.00298210735586	3	0.000994035785288	1	0.0	0	1006
0.502325581395	0.00697674418605	3	0.0	0	0.0	0	0.0	0	430
0.500863557858	0.00863557858377	5	0.00690846286701	4	0.0	0	0.0	0	579
0.447904191617	0.0059880239521	5	0.0059880239521	5	0.0	0	0.0	0	835
0.523460410557	0.0058651026393	4	0.00293255131965	2	0.0	0	0.0	0	682
0.476315789474	0.00789473684211	6	0.00526315789474	4	0.0	0	0.0	0	760
0.446366782007	0.00346020761246	2	0.00173010380623	1	0.0	0	0.0	0	578
0.516629711752	0.00110864745011	1	0.00110864745011	1	0.0	0	0.0	0	902
0.63238512035	0.00437636761488	2	0.0	0	0.0	0	0.00218818380744	1	457
0.615678776291	0.0019120458891	1	0.0019120458891	1	0.0	0	0.0019120458891	1	523
0.567567567568	0.0	0	0.00168918918919	1	0.0	0	0.0	0	592
0.529545454545	0.00795454545455	7	0.00113636363636	1	0.00454545454545	4	0.00227272727273	2	880
0.530821917808	0.0	0	0.0	0	0.0	0	0.0	0	1168
0.576	0.0	0	0.0	0	0.0	0	0.0	0	250
0.503560528993	0.00203458799593	2	0.00101729399797	1	0.0	0	0.0	0	983
0.415812591508	0.0102489019034	7	0.00146412884334	1	0.00146412884334	1	0.0	0	683
0.475898334794	0.0	0	0.000876424189308	1	0.0	0	0.0	0	1141
0.556818181818	0.00454545454545	2	0.0	0	0.0	0	0.0	0	440
0.690721649485	0.0	0	0.0	0	0.0	0	0.0	0	194
0.731543624161	0.0	0	0.0	0	0.0	0	0.0	0	149
0.450651769088	0.0	0	0.0	0	0.0	0	0.0	0	537
0.499335989376	0.0252324037185	19	0.00132802124834	1	0.0	0	0.0	0	753
0.501724137931	0.00172413793103	1	0.0	0	0.0	0	0.0	0	580
0.525139664804	0.0	0	0.00372439478585	2	0.0	0	0.0	0	537
0.714285714286	0.00840336134454	1	0.0	0	0.0	0	0.0	0	119
0.502604166667	0.00260416666667	2	0.0	0	0.00130208333333	1	0.0	0	768
0.53785488959	0.00315457413249	2	0.00473186119874	3	0.0	0	0.0	0	634
0.504624871531	0.00308324768756	3	0.00102774922919	1	0.00102774922919	1	0.00102774922919	1	973
0.532574974147	0.0	0	0.0	0	0.0	0	0.0	0	967
0.500609013398	0.0	0	0.0109622411693	9	0.0	0	0.0	0	821
0.482117310443	0.00286123032904	2	0.0	0	0.0	0	0.0	0	699
0.514657980456	0.00488599348534	3	0.0	0	0.0	0	0.0	0	614
0.526595744681	0.00531914893617	3	0.00354609929078	2	0.0	0	0.0	0	564
0.551369863014	0.00513698630137	3	0.00171232876712	1	0.0	0	0.0	0	584
0.449064449064	0.0010395010395	1	0.0031185031185	3	0.0	0	0.0	0	962
0.477667493797	0.0	0	0.00124069478908	1	0.0	0	0.0	0	806
0.578366445916	0.00441501103753	2	0.0	0	0.0	0	0.0	0	453
0.474341192788	0.0138696255201	10	0.00832177531207	6	0.0	0	0.00138696255201	1	721
0.459826946848	0.0	0	0.0	0	0.00123609394314	1	0.0	0	809
0.554166666667	0.00138888888889	1	0.00138888888889	1	0.0	0	0.00138888888889	1	720
0.473282442748	0.00654307524537	6	0.00109051254089	1	0.00109051254089	1	0.0	0	917
0.330041152263	0.00082304526749	1	0.00082304526749	1	0.0	0	0.0	0	1215
0.214373213557	0.00285830951409	14	0.00142915475704	7	0.000408329930584	2	0.000408329930584	2	4898
0.234380006408	0.00208266581224	13	0.00544697212432	34	0.00224287087472	14	0.00032041012496	2	6242
0.420031055901	0.00116459627329	3	0.00116459627329	3	0.0	0	0.0	0	2576
0.602564102564	0.0	0	0.00320512820513	1	0.0	0	0.0	0	312
0.420353982301	0.00530973451327	6	0.00353982300885	4	0.0	0	0.0	0	1130
0.461279461279	0.00561167227834	5	0.00448933782267	4	0.0	0	0.0	0	891
0.551312649165	0.0	0	0.0	0	0.0	0	0.0	0	419
0.529492455418	0.00960219478738	7	0.00274348422497	2	0.0	0	0.0	0	729
0.459100957996	0.000736919675755	1	0.00294767870302	4	0.00221075902727	3	0.000736919675755	1	1357
0.572025052192	0.0	0	0.0	0	0.0	0	0.0	0	479
0.243536823811	0.00195524657832	9	0.00347599391701	16	0.000434499239626	2	0.0	0	4603
0.531034482759	0.00344827586207	2	0.00172413793103	1	0.0	0	0.0	0	580
0.56161971831	0.0	0	0.00176056338028	1	0.0	0	0.0	0	568
0.50303030303	0.00606060606061	4	0.0030303030303	2	0.00151515151515	1	0.00454545454545	3	660
0.495212038304	0.00683994528044	5	0.00273597811218	2	0.00136798905609	1	0.0	0	731
0.590296495957	0.0	0	0.00269541778976	1	0.0	0	0.0	0	371
0.548214285714	0.00357142857143	2	0.00178571428571	1	0.0	0	0.0	0	560
0.481543624161	0.0	0	0.0	0	0.0	0	0.0	0	596
0.532724505327	0.0	0	0.0	0	0.0	0	0.0	0	657
0.481389578164	0.00744416873449	6	0.00620347394541	5	0.00124069478908	1	0.0	0	806
0.343558282209	0.00262927256792	3	0.0201577563541	23	0.000876424189308	1	0.0	0	1141
0.501162790698	0.00116279069767	1	0.00813953488372	7	0.0	0	0.0	0	860
0.489199491741	0.0	0	0.00254129606099	2	0.0	0	0.0012706480305	1	787
0.451695457454	0.00447856685861	7	0.00383877159309	6	0.000639795265515	1	0.0	0	1563
0.56914893617	0.00531914893617	3	0.00177304964539	1	0.0	0	0.0	0	564
0.498780487805	0.00121951219512	1	0.00243902439024	2	0.0	0	0.0	0	820
0.557840616967	0.0	0	0.0025706940874	1	0.0	0	0.0025706940874	1	389
0.490928495197	0.00213447171825	2	0.00640341515475	6	0.0	0	0.0	0	937
0.539267015707	0.0174520069808	10	0.00174520069808	1	0.0	0	0.0	0	573
0.553879310345	0.00646551724138	3	0.00862068965517	4	0.0	0	0.0	0	464
0.50423216445	0.00362756952842	3	0.0	0	0.00241837968561	2	0.00362756952842	3	827
0.481569560048	0.0107015457788	9	0.00356718192628	3	0.0	0	0.0	0	841
0.488486842105	0.00328947368421	2	0.00657894736842	4	0.00328947368421	2	0.0	0	608
0.484978540773	0.00143061516452	1	0.00286123032904	2	0.00286123032904	2	0.0	0	699
0.424221921516	0.00405953991881	6	0.00473612990528	7	0.000676589986468	1	0.0	0	1478
0.502651113468	0.00318133616119	3	0.00106044538706	1	0.00212089077413	2	0.0	0	943
0.658986175115	0.0	0	0.00460829493088	1	0.0	0	0.0	0	217
0.46517739816	0.00131406044678	1	0.00394218134034	3	0.00525624178712	4	0.0	0	761
0.610441767068	0.00401606425703	1	0.00401606425703	1	0.0	0	0.0	0	249
0.462053571429	0.00223214285714	2	0.00446428571429	4	0.00111607142857	1	0.0	0	896
0.532710280374	0.0018691588785	1	0.0	0	0.00373831775701	2	0.0	0	535
0.604651162791	0.0	0	0.00332225913621	1	0.00332225913621	1	0.0	0	301
0.416572077185	0.0102156640182	9	0.0	0	0.0	0	0.0	0	881
0.509969325153	0.00306748466258	4	0.0	0	0.0	0	0.0	0	1304
0.401015228426	0.00451212633954	8	0.00169204737733	3	0.000564015792442	1	0.0	0	1773
0.569090909091	0.00545454545455	3	0.00363636363636	2	0.0	0	0.00181818181818	1	550
0.556473829201	0.00550964187328	2	0.0	0	0.0	0	0.0	0	363
0.531914893617	0.00851063829787	4	0.00212765957447	1	0.0	0	0.0	0	470
0.474477958237	0.0	0	0.00116009280742	1	0.0	0	0.00116009280742	1	862
0.520863309353	0.010071942446	7	0.00143884892086	1	0.0	0	0.00143884892086	1	695
0.589595375723	0.0	0	0.0	0	0.0	0	0.0	0	346
0.53	0.002	1	0.0	0	0.0	0	0.0	0	500
0.292379471229	0.000518403317781	1	0.000518403317781	1	0.0	0	0.0	0	1929
0.405666063894	0.0084388185654	14	0.00361663652803	6	0.0	0	0.0	0	1659
0.554852320675	0.0	0	0.0	0	0.0	0	0.0	0	474
0.377099236641	0.00661577608142	13	0.0030534351145	6	0.000508905852417	1	0.00101781170483	2	1965
0.486187845304	0.00110497237569	1	0.0	0	0.0	0	0.0	0	905
0.482641828959	0.000846740050804	1	0.00169348010161	2	0.000846740050804	1	0.0	0	1181
0.656765676568	0.003300330033	1	0.0	0	0.0	0	0.0	0	303
0.418944691672	0.0057215511761	9	0.00317863954228	5	0.0	0	0.000635727908455	1	1573
0.555780933063	0.0	0	0.00202839756592	1	0.00405679513185	2	0.0	0	493
0.483833718245	0.00692840646651	6	0.00346420323326	3	0.00230946882217	2	0.00692840646651	6	866
0.599469496021	0.0026525198939	1	0.0026525198939	1	0.0026525198939	1	0.0	0	377
0.685589519651	0.00873362445415	2	0.00436681222707	1	0.0	0	0.0	0	229
0.548717948718	0.0017094017094	1	0.0	0	0.0	0	0.0017094017094	1	585
0.295918367347	0.00422237860662	12	0.00598170302604	17	0.0	0	0.00140745953554	4	2842
0.507692307692	0.0128205128205	5	0.0	0	0.0	0	0.0	0	390
0.524372230428	0.0	0	0.00738552437223	5	0.0	0	0.0	0	677
0.457654723127	0.00325732899023	4	0.00162866449511	2	0.000814332247557	1	0.0	0	1228
0.461764705882	0.00490196078431	5	0.00588235294118	6	0.0	0	0.0	0	1020
0.542934415145	0.000676132521974	1	0.0	0	0.0	0	0.0	0	1479
0.487272727273	0.00363636363636	4	0.00454545454545	5	0.000909090909091	1	0.0	0	1100
0.486764705882	0.00147058823529	1	0.00441176470588	3	0.00147058823529	1	0.0	0	680
0.563894523327	0.00608519269777	3	0.0	0	0.0	0	0.0	0	493
0.245630912298	0.00897867564534	56	0.00272566939234	17	0.002405002405	15	0.000962000962001	6	6237
0.553113553114	0.0	0	0.0	0	0.0	0	0.0	0	273
0.477338476374	0.00289296046287	3	0.0	0	0.000964320154291	1	0.0	0	1037
0.579096045198	0.0	0	0.00282485875706	1	0.0	0	0.00847457627119	3	354
0.464947622885	0.0120870265915	15	0.00483481063658	6	0.00241740531829	3	0.0	0	1241
0.543209876543	0.00462962962963	3	0.0	0	0.00462962962963	3	0.0	0	648
0.501272264631	0.0	0	0.0	0	0.0	0	0.00127226463104	1	786
0.26554714892	0.00516700498247	28	0.00129175124562	7	0.00202989481454	11	0.000184535892231	1	5419
0.522801302932	0.00162866449511	1	0.0	0	0.0	0	0.0	0	614
0.532894736842	0.00219298245614	1	0.00219298245614	1	0.0	0	0.0	0	456
0.602620087336	0.00436681222707	2	0.0	0	0.0	0	0.0	0	458
0.356754798986	0.00398406374502	11	0.00543281419775	15	0.00108656283955	3	0.000362187613184	1	2761
0.513872135103	0.00120627261761	1	0.00482509047045	4	0.00120627261761	1	0.0	0	829
0.485903814262	0.0	0	0.000829187396352	1	0.0	0	0.0016583747927	2	1206
0.379977876106	0.00553097345133	10	0.00553097345133	10	0.0	0	0.0	0	1808
0.513126491647	0.00238663484487	1	0.0	0	0.0	0	0.0	0	419
0.508823529412	0.00588235294118	4	0.00882352941176	6	0.0	0	0.00294117647059	2	680
0.264800233304	0.00320793234179	11	0.00262467191601	9	0.00204141149023	7	0.00058326042578	2	3429
0.501633986928	0.0	0	0.0016339869281	1	0.0	0	0.0	0	612
0.350769230769	0.00123076923077	2	0.00184615384615	3	0.0	0	0.0	0	1625
0.538922155689	0.0119760479042	6	0.0	0	0.0	0	0.0	0	501
0.524566473988	0.00578034682081	4	0.0028901734104	2	0.0	0	0.0	0	692
0.508064516129	0.00134408602151	1	0.00268817204301	2	0.0	0	0.00134408602151	1	744
0.535185185185	0.00555555555556	3	0.0	0	0.0	0	0.0	0	540
0.491139240506	0.00253164556962	2	0.00126582278481	1	0.0	0	0.0	0	790
0.523305084746	0.0	0	0.0	0	0.0021186440678	1	0.0	0	472
0.470957613815	0.0	0	0.00313971742543	2	0.0	0	0.0	0	637
0.548223350254	0.00338409475465	2	0.0	0	0.0	0	0.0	0	591
0.557613168724	0.00205761316872	1	0.0102880658436	5	0.0	0	0.00411522633745	2	486
0.490671641791	0.0	0	0.00186567164179	1	0.0	0	0.0	0	536
0.446448703495	0.00338218714769	3	0.00338218714769	3	0.0	0	0.0	0	887
0.529914529915	0.0	0	0.0	0	0.00641025641026	3	0.0	0	468
0.483908045977	0.00459770114943	4	0.00114942528736	1	0.00229885057471	2	0.0	0	870
0.535104364326	0.00189753320683	1	0.0	0	0.00189753320683	1	0.0	0	527
0.583850931677	0.0103519668737	5	0.00621118012422	3	0.0	0	0.0	0	483
0.405474764756	0.000855431993157	1	0.0	0	0.0	0	0.0	0	1169
0.462406015038	0.00250626566416	2	0.00250626566416	2	0.0062656641604	5	0.0	0	798
0.719298245614	0.0	0	0.0	0	0.0	0	0.0	0	114
0.459078080903	0.000940733772342	1	0.00564440263405	6	0.0	0	0.0	0	1063
0.684615384615	0.0	0	0.0	0	0.0	0	0.00769230769231	1	130
0.623076923077	0.0	0	0.0	0	0.0153846153846	2	0.00769230769231	1	130
0.529166666667	0.00416666666667	2	0.00208333333333	1	0.00416666666667	2	0.0	0	480
0.494930875576	0.000921658986175	1	0.0	0	0.0	0	0.0	0	1085
0.49520383693	0.0	0	0.00239808153477	2	0.00239808153477	2	0.0	0	834
0.490476190476	0.0142857142857	9	0.0	0	0.0015873015873	1	0.0	0	630
0.455555555556	0.00123456790123	1	0.0	0	0.0	0	0.0	0	810
0.579505300353	0.0	0	0.0	0	0.0	0	0.0	0	283
0.488798370672	0.0	0	0.0	0	0.0	0	0.0	0	491
0.477103301384	0.0	0	0.00212992545261	2	0.0010649627263	1	0.0	0	939
0.526742301459	0.0113452188006	7	0.00162074554295	1	0.0	0	0.0	0	617
0.509833585477	0.00302571860817	2	0.00151285930408	1	0.0	0	0.0	0	661
0.532986111111	0.0	0	0.0	0	0.0	0	0.0	0	576
0.724409448819	0.0	0	0.00787401574803	1	0.0	0	0.0	0	127
0.475165562914	0.00827814569536	5	0.00165562913907	1	0.0	0	0.0	0	604
0.725806451613	0.0	0	0.0	0	0.0	0	0.0	0	124
0.487140695915	0.0	0	0.00151285930408	1	0.00151285930408	1	0.0	0	661
0.535971223022	0.00179856115108	1	0.00359712230216	2	0.00359712230216	2	0.0	0	556
0.505882352941	0.0	0	0.0	0	0.0	0	0.0	0	680
0.538235294118	0.0	0	0.0	0	0.00294117647059	1	0.00294117647059	1	340
0.529032258065	0.0	0	0.00215053763441	1	0.00215053763441	1	0.00215053763441	1	465
0.5	0.00168918918919	1	0.00168918918919	1	0.00337837837838	2	0.0	0	592
0.50422832981	0.00211416490486	2	0.00422832980973	4	0.0	0	0.0	0	946
0.433988764045	0.0	0	0.00280898876404	2	0.0	0	0.0	0	712
0.436236391913	0.00233281493002	3	0.00699844479005	9	0.000777604976672	1	0.0	0	1286
0.486090775988	0.00146412884334	1	0.00439238653001	3	0.0	0	0.0	0	683
0.542253521127	0.00469483568075	2	0.0	0	0.0	0	0.0	0	426
0.496962332928	0.00243013365735	2	0.00243013365735	2	0.00121506682868	1	0.0	0	823
0.176320891905	0.00157537566651	13	0.00193892389724	16	0.00121182743577	10	0.000605913717887	5	8252
0.456573705179	0.00239043824701	3	0.00637450199203	8	0.0	0	0.0	0	1255
0.46375	0.00375	3	0.0025	2	0.0	0	0.0	0	800
0.516339869281	0.00980392156863	6	0.0	0	0.0	0	0.0	0	612
0.497149372862	0.00114025085519	1	0.0	0	0.0	0	0.00342075256556	3	877
0.473903966597	0.0	0	0.00208768267223	2	0.0	0	0.0	0	958
0.551724137931	0.0	0	0.00229885057471	1	0.00459770114943	2	0.0	0	435
0.503171247357	0.00317124735729	3	0.0	0	0.0	0	0.0	0	946
0.563850687623	0.00196463654224	1	0.00392927308448	2	0.0	0	0.0	0	509
0.451726155647	0.00292568753657	5	0.00234055002926	4	0.000585137507314	1	0.000585137507314	1	1709
0.488648648649	0.00324324324324	3	0.0	0	0.0	0	0.0	0	925
0.456140350877	0.00369344413666	4	0.0101569713758	11	0.0	0	0.0	0	1083
0.535031847134	0.00424628450106	2	0.0	0	0.00212314225053	1	0.0	0	471
0.494736842105	0.00631578947368	6	0.00105263157895	1	0.0	0	0.00105263157895	1	950
0.328977709454	0.000768639508071	1	0.00230591852421	3	0.0	0	0.0	0	1301
0.178373893805	0.00138274336283	10	0.00290376106195	21	0.000553097345133	4	0.000138274336283	1	7232
0.486033519553	0.0	0	0.0	0	0.0	0	0.00111731843575	1	895
0.545304777595	0.00494233937397	3	0.00164744645799	1	0.00164744645799	1	0.00164744645799	1	607
0.402996254682	0.0	0	0.0	0	0.000749063670412	1	0.0	0	1335
0.454454454454	0.0	0	0.002002002002	2	0.0	0	0.0	0	999
0.527891156463	0.00272108843537	2	0.00272108843537	2	0.0	0	0.0	0	735
0.469539375929	0.00445765230312	3	0.00148588410104	1	0.00297176820208	2	0.0	0	673
0.507530120482	0.00301204819277	2	0.00451807228916	3	0.0	0	0.00150602409639	1	664
0.444354183591	0.000812347684809	1	0.00162469536962	2	0.00406173842405	5	0.0	0	1231
0.5125	0.00568181818182	5	0.00113636363636	1	0.0	0	0.0	0	880
0.511982570806	0.0	0	0.0	0	0.0	0	0.0	0	459
0.506476683938	0.0	0	0.00518134715026	4	0.00259067357513	2	0.0	0	772
0.496559633028	0.00229357798165	2	0.00229357798165	2	0.00114678899083	1	0.0	0	872
0.510466988728	0.00322061191626	2	0.00322061191626	2	0.0	0	0.0	0	621
0.506065857886	0.00866551126516	5	0.0	0	0.0	0	0.0	0	577
0.483422459893	0.00106951871658	1	0.00320855614973	3	0.00106951871658	1	0.0	0	935
0.586715867159	0.00553505535055	3	0.0	0	0.0	0	0.0	0	542
0.443919716647	0.00118063754427	1	0.00354191263282	3	0.0	0	0.0	0	847
0.530434782609	0.0	0	0.00144927536232	1	0.00144927536232	1	0.0	0	690
0.530054644809	0.0	0	0.00182149362477	1	0.0	0	0.0	0	549
0.482593037215	0.00120048019208	1	0.00120048019208	1	0.0	0	0.0	0	833
0.562005277045	0.0	0	0.0	0	0.0	0	0.0	0	379
0.499348109518	0.00391134289439	3	0.0	0	0.0013037809648	1	0.0	0	767
0.566666666667	0.00555555555556	2	0.0	0	0.00277777777778	1	0.0	0	360
0.622905027933	0.0	0	0.0	0	0.0	0	0.0	0	358
0.519642857143	0.0	0	0.00178571428571	1	0.0	0	0.0	0	560
0.465696465696	0.00831600831601	8	0.00519750519751	5	0.0	0	0.0	0	962
0.532584269663	0.00224719101124	1	0.00449438202247	2	0.0	0	0.0	0	445
0.58422459893	0.00668449197861	5	0.00133689839572	1	0.00133689839572	1	0.00133689839572	1	748
0.571038251366	0.00819672131148	6	0.00409836065574	3	0.00136612021858	1	0.0	0	732
0.5	0.00568181818182	3	0.00189393939394	1	0.0	0	0.0	0	528
0.608510638298	0.0	0	0.0	0	0.00425531914894	1	0.0	0	235
0.45765230312	0.00891530460624	6	0.00445765230312	3	0.00148588410104	1	0.0	0	673
0.607902735562	0.0	0	0.00303951367781	1	0.0	0	0.0	0	329
0.53596287703	0.0	0	0.0	0	0.0	0	0.0	0	431
0.554511278195	0.00375939849624	2	0.00563909774436	3	0.00375939849624	2	0.0	0	532
0.522887323944	0.00352112676056	2	0.00176056338028	1	0.0	0	0.0	0	568
0.498861047836	0.00341685649203	3	0.0102505694761	9	0.00227790432802	2	0.00113895216401	1	878
0.53596287703	0.0	0	0.00232018561485	1	0.00232018561485	1	0.0	0	431
0.45869776482	0.000971817298348	1	0.000971817298348	1	0.0	0	0.000971817298348	1	1029
0.569230769231	0.00769230769231	4	0.00384615384615	2	0.0	0	0.0	0	520
0.450357426529	0.00714853057983	9	0.010325655282	13	0.0	0	0.0	0	1259
0.496753246753	0.00324675324675	2	0.00324675324675	2	0.0	0	0.0	0	616
0.524038461538	0.00320512820513	2	0.00641025641026	4	0.00160256410256	1	0.0	0	624
0.511073253833	0.0102214650767	6	0.0	0	0.0	0	0.0	0	587
0.603498542274	0.00583090379009	2	0.0	0	0.0	0	0.0	0	343
0.418811881188	0.0207920792079	21	0.0029702970297	3	0.0	0	0.0	0	1010
0.525821596244	0.0140845070423	6	0.0	0	0.00234741784038	1	0.0	0	426
0.532228360958	0.0036832412523	2	0.0	0	0.0	0	0.00184162062615	1	543
0.524008350731	0.00208768267223	2	0.00104384133612	1	0.00104384133612	1	0.0	0	958
0.45748502994	0.00359281437126	3	0.00119760479042	1	0.00119760479042	1	0.0	0	835
0.575091575092	0.0	0	0.003663003663	1	0.0	0	0.0	0	273
0.494932432432	0.0	0	0.00168918918919	1	0.0	0	0.0	0	592
0.51	0.0	0	0.00166666666667	1	0.0	0	0.0	0	600
0.531380753138	0.00209205020921	1	0.0	0	0.0	0	0.0	0	478
0.556338028169	0.00469483568075	2	0.0	0	0.0	0	0.0	0	426
0.569090909091	0.00727272727273	4	0.0	0	0.00363636363636	2	0.0	0	550
0.596226415094	0.00754716981132	2	0.00377358490566	1	0.00377358490566	1	0.0	0	265
0.496054114994	0.00225479143179	2	0.0	0	0.0011273957159	1	0.00225479143179	2	887
0.465486725664	0.000884955752212	1	0.000884955752212	1	0.00176991150442	2	0.0	0	1130
0.464493597206	0.0058207217695	5	0.0023282887078	2	0.0	0	0.0	0	859
0.454545454545	0.0016835016835	2	0.000841750841751	1	0.0	0	0.0	0	1188
0.627530364372	0.0	0	0.0	0	0.00404858299595	1	0.0	0	247
0.335602450647	0.00068073519401	1	0.00068073519401	1	0.0	0	0.0	0	1469
0.501302083333	0.00520833333333	4	0.0	0	0.00130208333333	1	0.0	0	768
0.533073929961	0.00194552529183	1	0.00389105058366	2	0.0	0	0.0	0	514
0.59169550173	0.0	0	0.0	0	0.0	0	0.0	0	289
0.543543543544	0.0	0	0.0	0	0.0	0	0.0	0	333
0.682242990654	0.0	0	0.00467289719626	1	0.00467289719626	1	0.0	0	214
0.510802469136	0.00308641975309	2	0.00925925925926	6	0.0	0	0.0	0	648
0.474947807933	0.00417536534447	4	0.0	0	0.0	0	0.0	0	958
0.56157635468	0.0	0	0.0	0	0.0	0	0.0	0	406
0.514836795252	0.00445103857567	3	0.00148367952522	1	0.0	0	0.00296735905045	2	674
0.713333333333	0.00666666666667	1	0.0	0	0.0	0	0.0	0	150
0.48079658606	0.0	0	0.0	0	0.00142247510669	1	0.0	0	703
0.481818181818	0.0012987012987	1	0.0012987012987	1	0.0012987012987	1	0.0	0	770
0.557213930348	0.0	0	0.00248756218905	1	0.0	0	0.0	0	402
0.559164733179	0.0	0	0.0046403712297	2	0.00232018561485	1	0.0	0	431
0.462406015038	0.0	0	0.0	0	0.0	0	0.0	0	532
0.510548523207	0.0042194092827	3	0.0	0	0.0	0	0.0014064697609	1	711
0.54	0.00266666666667	2	0.004	3	0.0	0	0.0	0	750
0.531111111111	0.00444444444444	2	0.0	0	0.00222222222222	1	0.0	0	450
0.523680649526	0.00270635994587	2	0.00135317997294	1	0.0	0	0.0	0	739
0.436302142052	0.0101465614431	9	0.00450958286359	4	0.00338218714769	3	0.00225479143179	2	887
0.507653061224	0.0	0	0.00255102040816	1	0.00510204081633	2	0.0	0	392
0.553505535055	0.00369003690037	1	0.0	0	0.00738007380074	2	0.0	0	271
0.63137254902	0.0078431372549	2	0.0	0	0.0	0	0.0	0	255
0.505813953488	0.00581395348837	5	0.00116279069767	1	0.00116279069767	1	0.00348837209302	3	860
0.490846681922	0.0045766590389	4	0.00686498855835	6	0.00114416475973	1	0.0	0	874
0.396305625525	0.00503778337531	6	0.000839630562552	1	0.0	0	0.0	0	1191
0.433189655172	0.00431034482759	4	0.0129310344828	12	0.0	0	0.0	0	928
0.618657937807	0.00327332242226	2	0.00163666121113	1	0.00163666121113	1	0.00163666121113	1	611
0.421402214022	0.000738007380074	1	0.00221402214022	3	0.000738007380074	1	0.0	0	1355
0.35890283589	0.00185960018596	4	0.00046490004649	1	0.00046490004649	1	0.0	0	2151
0.521256931608	0.0	0	0.0	0	0.0	0	0.0	0	541
0.537414965986	0.00170068027211	1	0.00170068027211	1	0.0	0	0.0	0	588
0.579591836735	0.0	0	0.0	0	0.0	0	0.0	0	490
0.485227272727	0.00340909090909	3	0.0	0	0.0	0	0.0	0	880
0.529661016949	0.0	0	0.0021186440678	1	0.0021186440678	1	0.0	0	472
0.441314553991	0.0	0	0.00093896713615	1	0.0	0	0.0	0	1065
0.520591341077	0.0	0	0.0	0	0.00211193241816	2	0.0	0	947
0.529590288316	0.0166919575114	11	0.0	0	0.0	0	0.00151745068285	1	659
0.378269617706	0.000670690811536	1	0.00268276324614	4	0.00201207243461	3	0.0	0	1491
0.51686746988	0.010843373494	9	0.00481927710843	4	0.00120481927711	1	0.00240963855422	2	830
0.542635658915	0.0	0	0.0	0	0.00258397932817	1	0.0	0	387
0.533073929961	0.00194552529183	1	0.00194552529183	1	0.0	0	0.0	0	514
0.614754098361	0.0	0	0.0	0	0.0	0	0.0	0	366
0.649635036496	0.0036496350365	1	0.0	0	0.0	0	0.0	0	274
0.521023765996	0.0	0	0.0018281535649	1	0.0	0	0.0	0	547
0.573059360731	0.00228310502283	1	0.0	0	0.0	0	0.0	0	438
0.516220028209	0.00846262341326	6	0.0	0	0.0	0	0.0	0	709
0.466725043783	0.000875656742557	1	0.00175131348511	2	0.000875656742557	1	0.0	0	1142
0.580796252927	0.0	0	0.0	0	0.0	0	0.0	0	427
0.420432220039	0.00196463654224	2	0.0049115913556	5	0.00294695481336	3	0.00098231827112	1	1018
0.581683168317	0.0	0	0.0	0	0.0	0	0.0	0	404
0.516377649326	0.0	0	0.0	0	0.0	0	0.0	0	519
0.469594594595	0.00112612612613	1	0.00337837837838	3	0.00225225225225	2	0.0	0	888
0.470588235294	0.0	0	0.0	0	0.0	0	0.0	0	680
0.583208395802	0.00749625187406	5	0.00449775112444	3	0.0	0	0.0	0	667
0.501412429379	0.00141242937853	1	0.00988700564972	7	0.0	0	0.0	0	708
0.527472527473	0.00732600732601	4	0.0	0	0.0	0	0.0	0	546
0.295831647106	0.00161877782274	4	0.0028328611898	7	0.0056657223796	14	0.0	0	2471
0.41820496499	0.00318268618714	5	0.00127307447486	2	0.00190961171229	3	0.0	0	1571
0.510335917313	0.00516795865633	4	0.00258397932817	2	0.00129198966408	1	0.0	0	774
0.526217228464	0.00749063670412	4	0.00187265917603	1	0.0	0	0.0	0	534
0.558912386707	0.00453172205438	3	0.0	0	0.0	0	0.0	0	662
0.422413793103	0.0051724137931	6	0.0	0	0.00258620689655	3	0.00431034482759	5	1160
0.610837438424	0.0147783251232	3	0.0	0	0.0	0	0.0	0	203
0.526666666667	0.00833333333333	5	0.00666666666667	4	0.00333333333333	2	0.00166666666667	1	600
0.282149712092	0.00697958471471	40	0.000174489617868	1	0.000523468853603	3	0.00523468853603	30	5731
0.519396551724	0.00646551724138	3	0.0	0	0.00215517241379	1	0.0	0	464
0.510022271715	0.00668151447661	3	0.0022271714922	1	0.0	0	0.0	0	449
0.442325158946	0.00544959128065	6	0.00454132606721	5	0.000908265213442	1	0.00272479564033	3	1101
0.539452495974	0.0	0	0.00322061191626	2	0.0	0	0.0	0	621
0.563461538462	0.00192307692308	1	0.00192307692308	1	0.0	0	0.0	0	520
0.546835443038	0.00253164556962	1	0.0	0	0.0	0	0.0	0	395
0.51320754717	0.00377358490566	2	0.0	0	0.0	0	0.00188679245283	1	530
0.36533559898	0.0	0	0.000849617672048	1	0.000849617672048	1	0.0	0	1177
0.318676337262	0.00634632819583	14	0.000453309156845	1	0.00090661831369	2	0.00634632819583	14	2206
0.529896907216	0.0	0	0.0	0	0.0020618556701	1	0.0	0	485
0.368808239333	0.0	0	0.000490436488475	1	0.000490436488475	1	0.0	0	2039
0.444	0.00533333333333	4	0.004	3	0.004	3	0.0	0	750
0.430656934307	0.00182481751825	2	0.00182481751825	2	0.0	0	0.000912408759124	1	1096
0.565217391304	0.0	0	0.0	0	0.0	0	0.0	0	529
0.582568807339	0.0	0	0.0045871559633	1	0.0	0	0.0	0	218
0.491875923191	0.00147710487445	1	0.00147710487445	1	0.00147710487445	1	0.0	0	677
0.878787878788	0.0	0	0.0	0	0.0	0	0.0	0	33
0.480769230769	0.0	0	0.00160256410256	1	0.0	0	0.0	0	624
0.474293059126	0.0025706940874	2	0.0025706940874	2	0.0025706940874	2	0.0	0	778
0.418063314711	0.00279329608939	3	0.00372439478585	4	0.0	0	0.0	0	1074
0.481439820022	0.00562429696288	5	0.00224971878515	2	0.0	0	0.0	0	889
0.472103004292	0.00429184549356	3	0.0071530758226	5	0.0	0	0.0	0	699
0.432721712538	0.0	0	0.0	0	0.0	0	0.0	0	654
0.62962962963	0.0	0	0.0	0	0.0	0	0.0	0	297
0.471299093656	0.00453172205438	3	0.00755287009063	5	0.00151057401813	1	0.0	0	662
0.664556962025	0.0	0	0.0126582278481	2	0.0	0	0.0	0	158
0.485561497326	0.00106951871658	1	0.0149732620321	14	0.0	0	0.0	0	935
0.536723163842	0.0	0	0.0	0	0.0	0	0.0	0	354
0.549407114625	0.00790513833992	4	0.00592885375494	3	0.0	0	0.0	0	506
0.514150943396	0.0125786163522	8	0.00943396226415	6	0.0	0	0.00157232704403	1	636
0.421944035346	0.00441826215022	6	0.00957290132548	13	0.0	0	0.0	0	1358
0.512820512821	0.002331002331	1	0.011655011655	5	0.0	0	0.0	0	429
0.665158371041	0.0	0	0.0	0	0.0	0	0.0	0	221
0.457023060797	0.0020964360587	2	0.0	0	0.00104821802935	1	0.0	0	954
0.610909090909	0.00727272727273	2	0.0	0	0.0	0	0.0	0	275
0.483177570093	0.00373831775701	4	0.00467289719626	5	0.0018691588785	2	0.0	0	1070
0.489247311828	0.00403225806452	3	0.00403225806452	3	0.0	0	0.0	0	744
0.544554455446	0.0	0	0.00247524752475	1	0.0049504950495	2	0.0	0	404
0.614561027837	0.00428265524625	2	0.0	0	0.0	0	0.0	0	467
0.390423572744	0.0073664825046	12	0.00061387354205	1	0.00061387354205	1	0.00061387354205	1	1629
0.502051983584	0.0123119015048	9	0.00273597811218	2	0.00136798905609	1	0.00273597811218	2	731
0.5682382134	0.0	0	0.00496277915633	2	0.00248138957816	1	0.0	0	403
0.676646706587	0.0	0	0.0	0	0.0	0	0.0	0	167
0.665158371041	0.0	0	0.0	0	0.0	0	0.0	0	221
0.582938388626	0.00236966824645	1	0.0	0	0.0	0	0.0	0	422
0.572674418605	0.0145348837209	5	0.00290697674419	1	0.0	0	0.0	0	344
0.683274021352	0.0	0	0.00711743772242	2	0.0	0	0.0	0	281
0.625641025641	0.0102564102564	2	0.0	0	0.0	0	0.0	0	195
0.595652173913	0.0260869565217	6	0.00434782608696	1	0.0	0	0.0	0	230
0.817518248175	0.0	0	0.0	0	0.0	0	0.0	0	137
0.562118126273	0.010183299389	5	0.0020366598778	1	0.0	0	0.0	0	491
0.54	0.0	0	0.00166666666667	1	0.00166666666667	1	0.00333333333333	2	600
0.486620416254	0.000991080277502	1	0.0	0	0.000991080277502	1	0.0	0	1009
0.637413394919	0.00461893764434	2	0.0	0	0.0	0	0.0	0	433
0.482804232804	0.0	0	0.00661375661376	5	0.00132275132275	1	0.0	0	756
0.552	0.0	0	0.002	1	0.002	1	0.0	0	500
0.589285714286	0.00255102040816	1	0.0	0	0.00255102040816	1	0.0	0	392
0.621739130435	0.0	0	0.00434782608696	1	0.0	0	0.0	0	230
0.51404494382	0.0	0	0.00280898876404	1	0.0112359550562	4	0.0	0	356
0.459898477157	0.0010152284264	1	0.00710659898477	7	0.0	0	0.0010152284264	1	985
0.462639109698	0.00635930047695	8	0.00317965023847	4	0.00317965023847	4	0.0	0	1258
0.454170957775	0.00926879505664	9	0.00308959835221	3	0.0	0	0.0	0	971
0.502276176024	0.00758725341426	5	0.00151745068285	1	0.0	0	0.00151745068285	1	659
0.657142857143	0.0142857142857	2	0.0	0	0.0	0	0.0	0	140
0.326135517498	0.000744601638124	1	0.000744601638124	1	0.00372300819062	5	0.0	0	1343
0.480392156863	0.0	0	0.00490196078431	6	0.000816993464052	1	0.0	0	1224
0.557692307692	0.0	0	0.00320512820513	1	0.0	0	0.0	0	312
0.592233009709	0.0	0	0.0	0	0.00242718446602	1	0.0	0	412
0.534852546917	0.0107238605898	8	0.00536193029491	4	0.0	0	0.0	0	746
0.491803278689	0.0109289617486	6	0.00364298724954	2	0.00182149362477	1	0.0	0	549
0.459568733154	0.0121293800539	9	0.0	0	0.0	0	0.0	0	742
0.6	0.00380952380952	2	0.0	0	0.00380952380952	2	0.00190476190476	1	525
0.561038961039	0.00519480519481	2	0.0	0	0.00519480519481	2	0.0	0	385
0.54704595186	0.00656455142232	3	0.0	0	0.0	0	0.0	0	457
0.56170212766	0.00425531914894	3	0.0113475177305	8	0.0	0	0.00141843971631	1	705
0.346681497961	0.0018539117538	5	0.00037078235076	1	0.0	0	0.0	0	2697
0.482021379981	0.00388726919339	4	0.00485908649174	5	0.0	0	0.0	0	1029
0.506510416667	0.00130208333333	1	0.00130208333333	1	0.00390625	3	0.0	0	768
0.513888888889	0.0	0	0.0	0	0.0	0	0.00198412698413	1	504
0.436422413793	0.00862068965517	8	0.00431034482759	4	0.0010775862069	1	0.0	0	928
0.460992907801	0.0150709219858	17	0.00620567375887	7	0.0	0	0.0	0	1128
0.426324503311	0.0	0	0.00331125827815	4	0.00248344370861	3	0.0	0	1208
0.525274725275	0.0	0	0.0	0	0.0	0	0.0	0	455
0.535641547862	0.0	0	0.0020366598778	1	0.0	0	0.0	0	491
0.47676161919	0.00599700149925	4	0.00299850074963	2	0.00299850074963	2	0.0	0	667
0.594005449591	0.00544959128065	2	0.00272479564033	1	0.0	0	0.0	0	367
0.563342318059	0.0	0	0.010781671159	4	0.0	0	0.0	0	371
0.50297029703	0.00990099009901	5	0.00594059405941	3	0.0	0	0.0	0	505
0.574423480084	0.0041928721174	2	0.0020964360587	1	0.0	0	0.0	0	477
0.544642857143	0.00446428571429	2	0.0	0	0.0	0	0.0	0	448
0.663212435233	0.0310880829016	6	0.0	0	0.0	0	0.0	0	193
0.603225806452	0.00967741935484	3	0.0	0	0.0	0	0.0	0	310
0.505518763797	0.0132450331126	6	0.00441501103753	2	0.0	0	0.0	0	453
0.579617834395	0.0031847133758	1	0.0031847133758	1	0.0	0	0.0	0	314
0.560975609756	0.0	0	0.0	0	0.00457317073171	3	0.0	0	656
0.531446540881	0.00157232704403	1	0.00157232704403	1	0.0	0	0.0	0	636
0.565637065637	0.0135135135135	7	0.0	0	0.0	0	0.0	0	518
0.532743362832	0.0070796460177	4	0.00176991150442	1	0.00176991150442	1	0.0	0	565
0.520161290323	0.0	0	0.0	0	0.0	0	0.0	0	744
0.547244094488	0.00262467191601	2	0.0	0	0.0	0	0.0	0	762
0.56404494382	0.00224719101124	1	0.0	0	0.0	0	0.0	0	445
0.710344827586	0.0	0	0.0	0	0.0206896551724	3	0.0	0	145
0.550675675676	0.00337837837838	1	0.00675675675676	2	0.00675675675676	2	0.0	0	296
0.538288288288	0.00225225225225	1	0.0202702702703	9	0.0	0	0.0	0	444
0.459427207637	0.0035799522673	3	0.0035799522673	3	0.00119331742243	1	0.0	0	838
0.512304250559	0.0	0	0.0	0	0.00111856823266	1	0.0	0	894
0.545454545455	0.0	0	0.0040404040404	2	0.0	0	0.0020202020202	1	495
0.615094339623	0.0	0	0.00377358490566	1	0.0	0	0.0	0	265
0.42285041225	0.00117785630153	1	0.00235571260306	2	0.0	0	0.00117785630153	1	849
0.409234661607	0.00253004427577	4	0.00189753320683	3	0.0	0	0.0	0	1581
0.499178981938	0.00164203612479	1	0.00164203612479	1	0.0	0	0.00164203612479	1	609
0.457429048414	0.000834724540902	1	0.00333889816361	4	0.000834724540902	1	0.0	0	1198
0.467248908297	0.0	0	0.00145560407569	1	0.0	0	0.0	0	687
0.601503759398	0.0	0	0.00187969924812	1	0.00187969924812	1	0.0	0	532
0.627450980392	0.0	0	0.0	0	0.0	0	0.0	0	306
0.465091299678	0.00429645542427	4	0.0	0	0.0	0	0.0	0	931
0.567164179104	0.0	0	0.0016583747927	1	0.0016583747927	1	0.0	0	603
0.52380952381	0.0015873015873	1	0.0	0	0.0015873015873	1	0.0	0	630
0.54743083004	0.00197628458498	1	0.0	0	0.0	0	0.0	0	506
0.578838174274	0.00622406639004	3	0.0	0	0.0	0	0.0	0	482
0.503211991435	0.0	0	0.00428265524625	4	0.00214132762313	2	0.0	0	934
0.555555555556	0.00173611111111	1	0.00173611111111	1	0.0	0	0.0	0	576
0.508695652174	0.00289855072464	2	0.00144927536232	1	0.0	0	0.0	0	690
0.454716981132	0.00188679245283	2	0.00377358490566	4	0.00188679245283	2	0.000943396226415	1	1060
0.597122302158	0.0	0	0.0	0	0.0	0	0.0	0	278
0.451030927835	0.0	0	0.0	0	0.00128865979381	1	0.00128865979381	1	776
0.695081967213	0.00327868852459	1	0.0	0	0.00327868852459	1	0.0	0	305
0.524962178517	0.00302571860817	2	0.0	0	0.0	0	0.0	0	661
0.653721682848	0.0	0	0.0	0	0.0	0	0.0	0	309
0.539033457249	0.0	0	0.0	0	0.0	0	0.0	0	269
0.49504950495	0.001414427157	1	0.002828854314	2	0.0	0	0.0	0	707
0.504237288136	0.0169491525424	8	0.0	0	0.0	0	0.0	0	472
0.524096385542	0.0	0	0.0	0	0.0	0	0.0	0	498
0.546853146853	0.0041958041958	3	0.00699300699301	5	0.0027972027972	2	0.0013986013986	1	715
0.371966019417	0.00182038834951	3	0.00242718446602	4	0.00667475728155	11	0.000606796116505	1	1648
0.442388561817	0.00336417157275	4	0.00252312867956	3	0.000841042893188	1	0.0	0	1189
0.460087082729	0.00435413642961	3	0.0	0	0.00145137880987	1	0.0	0	689
0.406994619523	0.00269023827825	7	0.00807071483474	21	0.00307455803228	8	0.0	0	2602
0.466863033873	0.0	0	0.00294550810015	2	0.0	0	0.0	0	679
0.355140186916	0.00155763239875	3	0.000519210799585	1	0.00259605399792	5	0.00103842159917	2	1926
0.558776167472	0.0	0	0.00322061191626	2	0.00161030595813	1	0.0	0	621
0.461871750433	0.000866551126516	1	0.000866551126516	1	0.0	0	0.0	0	1154
0.59012345679	0.00740740740741	3	0.00246913580247	1	0.00246913580247	1	0.0	0	405
0.670781893004	0.0082304526749	2	0.0	0	0.00411522633745	1	0.0	0	243
0.516746411483	0.00318979266348	2	0.00478468899522	3	0.0	0	0.0	0	627
0.50506512301	0.00868306801737	6	0.00434153400868	3	0.0	0	0.0	0	691
0.555263157895	0.0	0	0.0	0	0.0	0	0.0	0	380
0.440959409594	0.00369003690037	4	0.0119926199262	13	0.000922509225092	1	0.000922509225092	1	1084
0.515376458112	0.00212089077413	2	0.00106044538706	1	0.0	0	0.0	0	943
0.544799176107	0.0	0	0.00617919670443	6	0.0	0	0.0	0	971
0.482837528604	0.00343249427918	3	0.00343249427918	3	0.0	0	0.0	0	874
0.450031036623	0.00682805710739	11	0.00744878957169	12	0.000620732464308	1	0.0	0	1611
0.588353413655	0.0	0	0.00401606425703	2	0.0	0	0.0	0	498
0.451612903226	0.0	0	0.00600150037509	8	0.00975243810953	13	0.0	0	1333
0.525129982669	0.0	0	0.0	0	0.0	0	0.0	0	577
0.56334841629	0.0	0	0.00226244343891	1	0.0	0	0.0	0	442
0.376535985957	0.00263311878291	9	0.00731421884143	25	0.00321825629023	11	0.000292568753657	1	3418
0.351921115267	0.0	0	0.00544032641959	16	0.00714042842571	21	0.0	0	2941
0.524008350731	0.00208768267223	1	0.00417536534447	2	0.0	0	0.0	0	479
0.451515151515	0.0010101010101	1	0.0010101010101	1	0.0	0	0.0010101010101	1	990
0.439267886855	0.00166389351082	2	0.0	0	0.0	0	0.000831946755408	1	1202
0.592334494774	0.0	0	0.0	0	0.0	0	0.0	0	287
0.534090909091	0.00252525252525	2	0.00126262626263	1	0.00252525252525	2	0.00126262626263	1	792
0.563445867288	0.0011641443539	1	0.0011641443539	1	0.0	0	0.0	0	859
0.388127853881	0.00856164383562	15	0.00399543378995	7	0.0	0	0.0	0	1752
0.532879818594	0.0	0	0.00226757369615	1	0.0	0	0.0	0	441
0.431237042156	0.00691085003455	10	0.00207325501037	3	0.0	0	0.0	0	1447
0.698113207547	0.0188679245283	2	0.0	0	0.0	0	0.0	0	106
0.350453172205	0.0	0	0.00537092984223	16	0.00738502853306	22	0.0	0	2979
0.545643153527	0.0	0	0.0	0	0.0	0	0.0	0	482
0.533450704225	0.0	0	0.00176056338028	1	0.00176056338028	1	0.0	0	568
0.560723514212	0.0	0	0.00516795865633	2	0.0	0	0.0	0	387
0.51364764268	0.00248138957816	2	0.00124069478908	1	0.00124069478908	1	0.0	0	806
0.506720430108	0.00134408602151	1	0.00537634408602	4	0.00134408602151	1	0.00134408602151	1	744
0.564102564103	0.0025641025641	1	0.0025641025641	1	0.0025641025641	1	0.0	0	390
0.494992846924	0.0	0	0.0	0	0.0	0	0.0	0	699
0.752136752137	0.0	0	0.0	0	0.0	0	0.0	0	117
0.49885583524	0.00228832951945	2	0.00114416475973	1	0.0	0	0.00114416475973	1	874
0.454807692308	0.00480769230769	5	0.0	0	0.00288461538462	3	0.0	0	1040
0.6	0.0	0	0.00425531914894	1	0.0	0	0.0	0	235
0.525114155251	0.00913242009132	4	0.0	0	0.0	0	0.0	0	438
0.522540983607	0.00204918032787	1	0.0	0	0.0	0	0.0	0	488
0.49935483871	0.00258064516129	2	0.00774193548387	6	0.0	0	0.0	0	775
0.575757575758	0.012987012987	6	0.0	0	0.0	0	0.0	0	462
0.539393939394	0.00808080808081	4	0.0	0	0.0	0	0.00808080808081	4	495
0.469078179697	0.0	0	0.00116686114352	1	0.00233372228705	2	0.0	0	857
0.57805907173	0.0	0	0.0	0	0.0	0	0.0	0	237
0.543065693431	0.0014598540146	1	0.0	0	0.0014598540146	1	0.0	0	685
0.565727699531	0.0	0	0.0	0	0.00234741784038	1	0.0	0	426
0.649425287356	0.00574712643678	1	0.00574712643678	1	0.0	0	0.0	0	174
0.458333333333	0.0	0	0.0054347826087	3	0.0018115942029	1	0.0	0	552
0.714285714286	0.00892857142857	1	0.0	0	0.0	0	0.0	0	112
0.457729468599	0.0012077294686	1	0.0024154589372	2	0.0036231884058	3	0.0012077294686	1	828
0.605504587156	0.0	0	0.0	0	0.00305810397554	1	0.0	0	327
0.526636225266	0.0	0	0.00304414003044	2	0.00152207001522	1	0.0	0	657
0.443194600675	0.0	0	0.0	0	0.0	0	0.0	0	889
0.46986721144	0.00306435137896	3	0.00204290091931	2	0.0	0	0.0	0	979
0.49558390579	0.00490677134446	5	0.00883218842002	9	0.000981354268891	1	0.0	0	1019
0.483957219251	0.0	0	0.00534759358289	4	0.00267379679144	2	0.0	0	748
0.533632286996	0.00298953662182	2	0.00597907324365	4	0.00149476831091	1	0.0	0	669
0.483266398929	0.00133868808568	1	0.00133868808568	1	0.0	0	0.0	0	747
0.559288537549	0.0	0	0.0	0	0.00592885375494	3	0.0	0	506
0.541592920354	0.00884955752212	5	0.0	0	0.00530973451327	3	0.0	0	565
0.439571150097	0.00194931773879	2	0.00584795321637	6	0.00194931773879	2	0.000974658869396	1	1026
0.403714565005	0.0	0	0.0136852394917	14	0.0	0	0.0	0	1023
0.445492662474	0.0	0	0.00314465408805	3	0.0	0	0.0	0	954
0.484902309059	0.00710479573712	4	0.00355239786856	2	0.0	0	0.0	0	563
0.463547334059	0.00108813928183	1	0.00217627856366	2	0.00108813928183	1	0.0	0	919
0.616306954436	0.0119904076739	5	0.00479616306954	2	0.0	0	0.0	0	417
0.365125804564	0.00234055002926	4	0.00234055002926	4	0.0	0	0.000585137507314	1	1709
0.527812113721	0.00247218788628	2	0.0	0	0.0	0	0.00123609394314	1	809
0.427409261577	0.00438047559449	7	0.00688360450563	11	0.0	0	0.00125156445557	2	1598
0.497134670487	0.0	0	0.00286532951289	2	0.00143266475645	1	0.0	0	698
0.498392282958	0.0	0	0.0016077170418	1	0.0032154340836	2	0.0	0	622
0.460273972603	0.00365296803653	4	0.000913242009132	1	0.0	0	0.0	0	1095
0.406826568266	0.00276752767528	3	0.00553505535055	6	0.000922509225092	1	0.0	0	1084
0.532438478747	0.0	0	0.00223713646532	1	0.0	0	0.0	0	447
0.5	0.0	0	0.00121065375303	1	0.00121065375303	1	0.0	0	826
0.509803921569	0.00603318250377	4	0.0	0	0.00150829562594	1	0.0	0	663
0.603406326034	0.0170316301703	7	0.0	0	0.0	0	0.0	0	411
0.458178438662	0.0	0	0.00092936802974	1	0.0	0	0.0	0	1076
0.501515151515	0.00454545454545	3	0.0166666666667	11	0.00151515151515	1	0.00151515151515	1	660
0.458006718925	0.006718924972	6	0.00111982082867	1	0.0	0	0.0	0	893
0.569083447332	0.00273597811218	2	0.00136798905609	1	0.00273597811218	2	0.00136798905609	1	731
0.521241830065	0.0	0	0.0	0	0.0016339869281	1	0.0	0	612
0.453893442623	0.00204918032787	2	0.00614754098361	6	0.0	0	0.0	0	976
0.449680511182	0.0	0	0.0111821086262	14	0.00878594249201	11	0.0	0	1252
0.612195121951	0.0	0	0.0	0	0.0	0	0.0	0	410
0.466265060241	0.0	0	0.00361445783133	3	0.0	0	0.0	0	830
0.552688172043	0.00645161290323	3	0.00215053763441	1	0.0	0	0.0	0	465
0.536748329621	0.00445434298441	2	0.0	0	0.0	0	0.0	0	449
0.398360655738	0.00437158469945	8	0.00601092896175	11	0.00327868852459	6	0.00109289617486	2	1830
0.528517110266	0.0	0	0.0	0	0.0	0	0.0	0	526
0.504424778761	0.00126422250316	1	0.00252844500632	2	0.00252844500632	2	0.0	0	791
0.494202898551	0.0	0	0.00289855072464	2	0.0	0	0.0	0	690
0.504103165299	0.00820633059789	7	0.0	0	0.00234466588511	2	0.0	0	853
0.482882882883	0.000900900900901	1	0.000900900900901	1	0.0018018018018	2	0.0	0	1110
0.425506555423	0.0	0	0.00119189511323	1	0.0	0	0.00119189511323	1	839
0.537530266344	0.00726392251816	3	0.0	0	0.0	0	0.0	0	413
0.480697384807	0.00249066002491	2	0.0	0	0.0	0	0.0	0	803
0.532625189681	0.00303490136571	2	0.0	0	0.0	0	0.0	0	659
0.501237623762	0.00247524752475	2	0.00123762376238	1	0.00123762376238	1	0.0	0	808
0.414170233	0.00618164526866	13	0.00332857822159	7	0.000951022349025	2	0.0	0	2103
0.582644628099	0.00413223140496	2	0.00413223140496	2	0.0	0	0.0	0	484
0.582887700535	0.0	0	0.00267379679144	1	0.00267379679144	1	0.0	0	374
0.545794392523	0.00373831775701	2	0.00373831775701	2	0.0	0	0.0	0	535
0.585561497326	0.00534759358289	2	0.0	0	0.0	0	0.00267379679144	1	374
0.537102473498	0.017667844523	10	0.0017667844523	1	0.00530035335689	3	0.0	0	566
0.380029806259	0.00223546944858	3	0.00372578241431	5	0.00447093889717	6	0.000745156482861	1	1342
0.756097560976	0.0121951219512	1	0.0	0	0.0	0	0.0	0	82
0.423582995951	0.0126518218623	25	0.000506072874494	1	0.00101214574899	2	0.000506072874494	1	1976
0.508795669824	0.00135317997294	1	0.00270635994587	2	0.00676589986468	5	0.0	0	739
0.590476190476	0.0	0	0.0	0	0.0	0	0.0	0	210
0.483352468427	0.0103329506315	9	0.00344431687715	3	0.0	0	0.00114810562572	1	871
0.356864443482	0.00216543958424	5	0.0	0	0.0	0	0.0	0	2309
0.562076749436	0.00451467268623	2	0.0	0	0.0	0	0.0	0	443
0.54954954955	0.00675675675676	3	0.0135135135135	6	0.0	0	0.0	0	444
0.511904761905	0.0	0	0.0	0	0.0	0	0.0	0	840
0.785123966942	0.0	0	0.0	0	0.0	0	0.0	0	121
0.521631644005	0.00247218788628	2	0.00247218788628	2	0.0	0	0.0	0	809
0.585	0.005	2	0.01	4	0.0025	1	0.0	0	400
0.564814814815	0.00694444444444	3	0.00231481481481	1	0.0	0	0.00694444444444	3	432
0.320234604106	0.00175953079179	3	0.00058651026393	1	0.0	0	0.00058651026393	1	1705
0.452445652174	0.0108695652174	8	0.0	0	0.0	0	0.00135869565217	1	736
0.403207964602	0.00829646017699	15	0.00276548672566	5	0.00221238938053	4	0.000553097345133	1	1808
0.367723615712	0.000473260766682	1	0.00283956460009	6	0.0108849976337	23	0.000473260766682	1	2113
0.569514237856	0.00167504187605	1	0.0	0	0.0	0	0.0	0	597
0.418785310734	0.00282485875706	4	0.000706214689266	1	0.000706214689266	1	0.0021186440678	3	1416
0.573643410853	0.0077519379845	4	0.00581395348837	3	0.0	0	0.0	0	516
0.444323144105	0.0	0	0.00109170305677	1	0.00109170305677	1	0.0	0	916
0.431244153414	0.00748362956034	8	0.000935453695042	1	0.000935453695042	1	0.0	0	1069
0.469230769231	0.000769230769231	1	0.00461538461538	6	0.0	0	0.0	0	1300
0.642857142857	0.0	0	0.00793650793651	1	0.0	0	0.0	0	126
0.522962962963	0.0	0	0.00444444444444	3	0.0	0	0.0	0	675
0.464248704663	0.0020725388601	2	0.00103626943005	1	0.0	0	0.0	0	965
0.638709677419	0.00322580645161	1	0.0	0	0.00322580645161	1	0.0	0	310
0.51324828263	0.00981354268891	10	0.00196270853778	2	0.0	0	0.0	0	1019
0.58945386064	0.00188323917137	1	0.00564971751412	3	0.00376647834275	2	0.0	0	531
0.51	0.014	7	0.002	1	0.0	0	0.0	0	500
0.530985915493	0.0	0	0.0	0	0.0	0	0.0	0	710
0.408815426997	0.00110192837466	2	0.00495867768595	9	0.000550964187328	1	0.0	0	1815
