0.534360189573	0.00118483412322	1	0.0	0	0.0	0	0.0	0	844
0.646153846154	0.00659340659341	3	0.0021978021978	1	0.0021978021978	1	0.0	0	455
0.468711656442	0.00122699386503	1	0.0	0	0.00122699386503	1	0.0	0	815
0.439950980392	0.00980392156863	8	0.00245098039216	2	0.00122549019608	1	0.0	0	816
0.441571871768	0.00517063081696	5	0.00723888314374	7	0.0	0	0.0	0	967
0.470563320627	0.00296484540449	7	0.00338839474799	8	0.00211774671749	5	0.000423549343499	1	2361
0.480815347722	0.00599520383693	5	0.00119904076739	1	0.0	0	0.0	0	834
0.517094017094	0.0042735042735	4	0.0042735042735	4	0.00106837606838	1	0.0	0	936
0.53050672182	0.00310237849018	3	0.00206825232678	2	0.00103412616339	1	0.0	0	967
0.413407821229	0.00558659217877	6	0.0102420856611	11	0.00186219739292	2	0.0	0	1074
0.482718894009	0.00115207373272	1	0.00115207373272	1	0.0	0	0.0	0	868
0.436123348018	0.00293685756241	4	0.000734214390602	1	0.000734214390602	1	0.00220264317181	3	1362
0.522030651341	0.0	0	0.00095785440613	1	0.00191570881226	2	0.0	0	1044
0.487616099071	0.0077399380805	5	0.0077399380805	5	0.0	0	0.0	0	646
0.552287581699	0.0016339869281	1	0.0	0	0.0	0	0.0	0	612
0.506618531889	0.00120336943442	1	0.00601684717208	5	0.0	0	0.0	0	831
0.405558414822	0.00154400411734	3	0.00257334019557	5	0.00102933607823	2	0.0	0	1943
0.481402763018	0.00212539851222	2	0.00318809776833	3	0.00106269925611	1	0.0	0	941
0.533923303835	0.00176991150442	3	0.0	0	0.0	0	0.0	0	1695
0.554524361949	0.00696055684455	3	0.0	0	0.0	0	0.0	0	431
0.50395480226	0.0	0	0.00112994350282	1	0.0	0	0.0	0	885
0.495	0.0	0	0.003	3	0.0	0	0.0	0	1000
0.467555555556	0.00266666666667	3	0.000888888888889	1	0.0	0	0.0	0	1125
0.472413793103	0.00295566502463	6	0.00541871921182	11	0.000985221674877	2	0.0	0	2030
0.471400394477	0.00295857988166	3	0.00197238658777	2	0.0	0	0.000986193293886	1	1014
0.500992063492	0.00198412698413	2	0.000992063492063	1	0.0	0	0.0	0	1008
0.50042408821	0.00254452926209	3	0.00508905852417	6	0.0	0	0.000848176420696	1	1179
0.501131221719	0.00113122171946	1	0.00226244343891	2	0.00113122171946	1	0.0	0	884
0.53417721519	0.00379746835443	3	0.0	0	0.00253164556962	2	0.0	0	790
0.54556803995	0.00124843945069	1	0.00499375780275	4	0.0	0	0.00124843945069	1	801
0.538706256628	0.00106044538706	1	0.00106044538706	1	0.00318133616119	3	0.0	0	943
0.608562691131	0.00305810397554	1	0.00611620795107	2	0.00305810397554	1	0.00611620795107	2	327
0.424836601307	0.00653594771242	9	0.00508351488744	7	0.000726216412491	1	0.0	0	1377
0.501253132832	0.00375939849624	3	0.00375939849624	3	0.00125313283208	1	0.0	0	798
0.622083981337	0.0	0	0.0	0	0.0	0	0.0	0	643
0.468603561387	0.0	0	0.000937207122774	1	0.0	0	0.000937207122774	1	1067
0.381571509327	0.00395703787451	7	0.00339174674958	6	0.0	0	0.0	0	1769
0.463709677419	0.00672043010753	5	0.0	0	0.0	0	0.0	0	744
0.481617647059	0.00459558823529	5	0.00183823529412	2	0.00183823529412	2	0.0	0	1088
0.498172959805	0.00487210718636	4	0.00609013398295	5	0.0	0	0.00121802679659	1	821
0.535966981132	0.00235849056604	4	0.00176886792453	3	0.00117924528302	2	0.0	0	1696
0.488268156425	0.00391061452514	7	0.00223463687151	4	0.000558659217877	1	0.000558659217877	1	1790
0.405172413793	0.00287356321839	2	0.00431034482759	3	0.0	0	0.0014367816092	1	696
0.513317191283	0.0	0	0.00242130750605	2	0.0	0	0.0	0	826
0.525114155251	0.00684931506849	3	0.0	0	0.0	0	0.0	0	438
0.449193548387	0.00483870967742	6	0.00967741935484	12	0.000806451612903	1	0.0	0	1240
0.563583815029	0.00433526011561	3	0.00722543352601	5	0.0	0	0.0	0	692
0.533653846154	0.0	0	0.0	0	0.0	0	0.0	0	416
0.453947368421	0.00101214574899	2	0.00506072874494	10	0.000506072874494	1	0.0	0	1976
0.490654205607	0.00116822429907	1	0.00233644859813	2	0.00116822429907	1	0.0	0	856
0.555279503106	0.00496894409938	4	0.00993788819876	8	0.0	0	0.0	0	805
0.528614457831	0.00150602409639	1	0.00301204819277	2	0.00301204819277	2	0.0	0	664
0.480058013053	0.00145032632342	2	0.000725163161711	1	0.0	0	0.0	0	1379
0.490867579909	0.00228310502283	2	0.00228310502283	2	0.0	0	0.0	0	876
0.467943380516	0.0108243130724	13	0.00416319733555	5	0.0	0	0.0	0	1201
0.498908296943	0.00327510917031	3	0.00873362445415	8	0.0	0	0.0	0	916
0.511824324324	0.0	0	0.0168918918919	10	0.0	0	0.0	0	592
0.722826086957	0.0217391304348	4	0.0	0	0.0	0	0.0	0	184
0.46926910299	0.0	0	0.000830564784053	1	0.0	0	0.000830564784053	1	1204
0.554502369668	0.0	0	0.00315955766193	2	0.0	0	0.0	0	633
0.516036655212	0.00229095074456	4	0.00171821305842	3	0.00057273768614	1	0.00057273768614	1	1746
0.623481781377	0.00202429149798	1	0.0	0	0.0	0	0.0	0	494
0.515518148343	0.0	0	0.00105207785376	2	0.000526038926881	1	0.0	0	1901
0.492048643592	0.00280636108513	6	0.00327408793265	7	0.000467726847521	1	0.000467726847521	1	2138
0.545714285714	0.0	0	0.000952380952381	1	0.000952380952381	1	0.0	0	1050
0.551136363636	0.00378787878788	2	0.0113636363636	6	0.0	0	0.0	0	528
0.649193548387	0.0120967741935	3	0.0	0	0.0	0	0.0	0	248
0.478906999041	0.00239693192713	5	0.00191754554171	4	0.000958772770853	2	0.0	0	2086
0.455047318612	0.00157728706625	2	0.00315457413249	4	0.000788643533123	1	0.000788643533123	1	1268
0.521323997454	0.00763844684914	12	0.00127307447486	2	0.0	0	0.000636537237428	1	1571
0.342417061611	0.00236966824645	4	0.00355450236967	6	0.000592417061611	1	0.0	0	1688
0.601886792453	0.00188679245283	1	0.0	0	0.0	0	0.0	0	530
0.517441860465	0.000726744186047	1	0.00363372093023	5	0.000726744186047	1	0.0	0	1376
0.530612244898	0.00680272108844	4	0.0	0	0.00170068027211	1	0.0	0	588
0.497196261682	0.0018691588785	2	0.000934579439252	1	0.0	0	0.0	0	1070
0.541884816754	0.0065445026178	5	0.0	0	0.0	0	0.0	0	764
0.5	0.00503778337531	4	0.00251889168766	2	0.0	0	0.00125944584383	1	794
0.466485507246	0.0036231884058	4	0.000905797101449	1	0.0018115942029	2	0.000905797101449	1	1104
0.457816377171	0.00248138957816	2	0.00496277915633	4	0.0	0	0.0	0	806
0.557122708039	0.0	0	0.00141043723554	1	0.0	0	0.0	0	709
0.457457457457	0.0	0	0.001001001001	1	0.0	0	0.0	0	999
0.591176470588	0.00294117647059	1	0.0	0	0.0	0	0.0	0	340
0.500906344411	0.0012084592145	2	0.00181268882175	3	0.000604229607251	1	0.0	0	1655
0.508695652174	0.00326086956522	3	0.00108695652174	1	0.0	0	0.00108695652174	1	920
0.599236641221	0.00381679389313	2	0.00381679389313	2	0.0	0	0.0	0	524
0.527692307692	0.00153846153846	1	0.00307692307692	2	0.0	0	0.0	0	650
0.481093659104	0.00174520069808	3	0.00116346713205	2	0.000581733566027	1	0.0	0	1719
0.499400479616	0.00239808153477	4	0.00239808153477	4	0.0	0	0.000599520383693	1	1668
0.559633027523	0.0045871559633	4	0.00229357798165	2	0.00114678899083	1	0.0	0	872
0.40466562986	0.00653188180404	21	0.00528771384137	17	0.00746500777605	24	0.00217729393468	7	3215
0.436180904523	0.0	0	0.00301507537688	3	0.00100502512563	1	0.00301507537688	3	995
0.453244274809	0.00190839694656	2	0.000954198473282	1	0.000954198473282	1	0.0	0	1048
0.527104959631	0.00115340253749	1	0.0	0	0.0	0	0.0	0	867
0.507099391481	0.00405679513185	4	0.00202839756592	2	0.00101419878296	1	0.00101419878296	1	986
0.46303030303	0.00969696969697	8	0.00242424242424	2	0.0	0	0.0	0	825
0.43085106383	0.00227963525836	3	0.00531914893617	7	0.0	0	0.0	0	1316
0.463905325444	0.0	0	0.0	0	0.0	0	0.0	0	845
0.486813186813	0.0021978021978	2	0.0021978021978	2	0.0010989010989	1	0.0	0	910
0.463144963145	0.0012285012285	1	0.0036855036855	3	0.002457002457	2	0.0012285012285	1	814
0.508448540707	0.00307219662058	2	0.00460829493088	3	0.0	0	0.0	0	651
0.528521536671	0.0023282887078	2	0.0011641443539	1	0.0	0	0.0	0	859
0.568862275449	0.0	0	0.0	0	0.00299401197605	2	0.00299401197605	2	668
0.387798408488	0.00583554376658	11	0.00477453580902	9	0.00636604774536	12	0.0	0	1885
0.469680264609	0.00441014332966	4	0.0	0	0.00110253583241	1	0.00220507166483	2	907
0.529595015576	0.00155763239875	1	0.0	0	0.00155763239875	1	0.0	0	642
0.46484375	0.0029296875	3	0.0029296875	3	0.0009765625	1	0.0	0	1024
0.401960784314	0.00261437908497	4	0.00261437908497	4	0.00718954248366	11	0.00261437908497	4	1530
0.38908765653	0.00268336314848	3	0.00268336314848	3	0.000894454382826	1	0.0	0	1118
0.48381294964	0.0	0	0.0	0	0.0	0	0.0	0	556
0.59066427289	0.00179533213645	1	0.0	0	0.00538599640934	3	0.00179533213645	1	557
0.451295799821	0.00268096514745	3	0.000893655049151	1	0.000893655049151	1	0.000893655049151	1	1119
0.464615384615	0.00307692307692	3	0.0	0	0.0	0	0.0	0	975
0.497907949791	0.00627615062762	6	0.00523012552301	5	0.0010460251046	1	0.0	0	956
0.521912350598	0.0	0	0.00597609561753	3	0.0	0	0.0	0	502
0.468783638321	0.0021528525296	4	0.0021528525296	4	0.0005382131324	1	0.0005382131324	1	1858
0.416981132075	0.00283018867925	3	0.00471698113208	5	0.00377358490566	4	0.00283018867925	3	1060
0.488095238095	0.00170068027211	1	0.00340136054422	2	0.00170068027211	1	0.0	0	588
0.486486486486	0.0	0	0.002457002457	2	0.002457002457	2	0.0012285012285	1	814
0.49504950495	0.0	0	0.001100110011	1	0.0	0	0.0	0	909
0.402308326463	0.000824402308326	1	0.000824402308326	1	0.0	0	0.0	0	1213
0.479666319082	0.00625651720542	6	0.00208550573514	2	0.00104275286757	1	0.0	0	959
0.528882220555	0.00225056264066	3	0.00150037509377	2	0.000750187546887	1	0.0	0	1333
0.477979274611	0.00518134715026	4	0.00259067357513	2	0.00259067357513	2	0.00129533678756	1	772
0.526655896607	0.0	0	0.0048465266559	3	0.0016155088853	1	0.0032310177706	2	619
0.5	0.003367003367	2	0.0117845117845	7	0.0	0	0.0	0	594
0.523076923077	0.0	0	0.00355029585799	3	0.0	0	0.00236686390533	2	845
0.515960230246	0.00104657247514	2	0.00209314495029	4	0.0	0	0.0	0	1911
0.48480463097	0.00385914134105	8	0.00289435600579	6	0.000964785335263	2	0.0	0	2073
0.528260869565	0.0	0	0.0	0	0.00108695652174	1	0.0	0	920
0.409090909091	0.00776053215078	7	0.00554323725055	5	0.00110864745011	1	0.0	0	902
0.511927788524	0.00257898130239	4	0.00386847195358	6	0.000644745325596	1	0.0	0	1551
0.524358974359	0.00384615384615	3	0.0128205128205	10	0.0	0	0.0	0	780
0.494714587738	0.00369978858351	7	0.00158562367865	3	0.00105708245243	2	0.000528541226216	1	1892
0.55223880597	0.00373134328358	5	0.00298507462687	4	0.0	0	0.00149253731343	2	1340
0.514250309789	0.0	0	0.00371747211896	3	0.00123915737299	1	0.0	0	807
0.548440065681	0.00492610837438	3	0.0	0	0.0	0	0.0	0	609
0.461638491547	0.00455136540962	7	0.000650195058518	1	0.000650195058518	1	0.000650195058518	1	1538
0.505870342011	0.00204185809086	4	0.00255232261358	5	0.000510464522716	1	0.00102092904543	2	1959
0.517426273458	0.00335120643432	5	0.0	0	0.0	0	0.000670241286863	1	1492
0.5524895021	0.0	0	0.00179964007199	3	0.0	0	0.0	0	1667
0.466747279323	0.00362756952842	3	0.00483675937122	4	0.00725513905683	6	0.0	0	827
0.500494559842	0.0	0	0.00494559841741	5	0.00296735905045	3	0.000989119683482	1	1011
0.492957746479	0.000426803243705	1	0.00256081946223	6	0.00128040973111	3	0.0	0	2343
0.603539823009	0.00176991150442	1	0.0	0	0.0	0	0.0	0	565
0.525064267352	0.0	0	0.00385604113111	6	0.00192802056555	3	0.000642673521851	1	1556
0.560461956522	0.000679347826087	1	0.0	0	0.00135869565217	2	0.0	0	1472
0.461623412479	0.00110436223081	2	0.00441744892325	8	0.000552181115406	1	0.0	0	1811
0.516382699869	0.00131061598952	1	0.00131061598952	1	0.0	0	0.0	0	763
0.552154903186	0.000624609618988	1	0.00437226733292	7	0.0	0	0.0	0	1601
0.491719017704	0.00685322672758	12	0.0011422044546	2	0.000571102227299	1	0.0	0	1751
0.470839260313	0.0	0	0.00426742532006	3	0.00142247510669	1	0.0	0	703
0.550403225806	0.0	0	0.0	0	0.0	0	0.0	0	496
0.528205128205	0.00384615384615	3	0.00128205128205	1	0.0	0	0.0	0	780
0.471319311663	0.0019120458891	2	0.00860420650096	9	0.0	0	0.0	0	1046
0.514767932489	0.0105485232068	5	0.00210970464135	1	0.0	0	0.0	0	474
0.368816778789	0.0011871784725	3	0.000395726157499	1	0.000395726157499	1	0.000395726157499	1	2527
0.511013215859	0.0014684287812	1	0.0	0	0.0	0	0.0	0	681
0.541208791209	0.0	0	0.0	0	0.00137362637363	1	0.00137362637363	1	728
0.365145228216	0.00363070539419	7	0.00207468879668	4	0.0	0	0.0	0	1928
0.538461538462	0.0	0	0.0	0	0.0	0	0.0	0	403
0.612691466083	0.00437636761488	2	0.0	0	0.0	0	0.0	0	457
0.456617002629	0.00262927256792	3	0.00350569675723	4	0.00175284837862	2	0.000876424189308	1	1141
0.506302521008	0.00420168067227	2	0.00840336134454	4	0.0	0	0.0	0	476
0.49815498155	0.00553505535055	3	0.00553505535055	3	0.0	0	0.0	0	542
0.488188976378	0.010498687664	4	0.0	0	0.0	0	0.00262467191601	1	381
0.557427258806	0.0	0	0.00153139356815	1	0.00153139356815	1	0.0	0	653
0.600619195046	0.0	0	0.0	0	0.0030959752322	1	0.0	0	323
0.481042654028	0.00118483412322	1	0.0	0	0.0	0	0.00118483412322	1	844
0.52731092437	0.00105042016807	1	0.0	0	0.0	0	0.0	0	952
0.544668587896	0.0	0	0.0028818443804	2	0.0	0	0.0	0	694
0.457899716178	0.00378429517502	4	0.00189214758751	2	0.00189214758751	2	0.000946073793756	1	1057
0.494520547945	0.0013698630137	1	0.0	0	0.0	0	0.0	0	730
0.454361054767	0.00405679513185	4	0.00811359026369	8	0.00304259634888	3	0.0	0	986
0.770408163265	0.00510204081633	1	0.0	0	0.0	0	0.0	0	196
0.444444444444	0.00625978090767	4	0.0	0	0.0	0	0.0	0	639
0.310772927513	0.00240288346015	6	0.0048057669203	12	0.00120144173008	3	0.0	0	2497
0.501305483029	0.0	0	0.0	0	0.0	0	0.0	0	766
0.44195356285	0.0	0	0.00320256204964	4	0.0	0	0.00080064051241	1	1249
0.545955882353	0.00551470588235	3	0.0	0	0.0	0	0.0	0	544
0.413624604771	0.00459902270767	16	0.00028743891923	1	0.00028743891923	1	0.000574877838459	2	3479
0.425742574257	0.0	0	0.00174723354688	3	0.000582411182295	1	0.0	0	1717
0.443049327354	0.00358744394619	4	0.0	0	0.000896860986547	1	0.0	0	1115
0.49147034931	0.00487408610885	6	0.0227457351747	28	0.000812347684809	1	0.0	0	1231
0.379395945387	0.00372362432768	9	0.00786098469177	19	0.000413736036409	1	0.000413736036409	1	2417
0.553990610329	0.00093896713615	1	0.00093896713615	1	0.00093896713615	1	0.00093896713615	1	1065
0.405916187346	0.0115036976171	14	0.0	0	0.00575184880855	7	0.0	0	1217
0.528868360277	0.0080831408776	7	0.00461893764434	4	0.00115473441109	1	0.0	0	866
0.480298189563	0.0	0	0.00319488817891	3	0.0	0	0.00212992545261	2	939
0.510800508259	0.00889453621347	7	0.00381194409149	3	0.0012706480305	1	0.0	0	787
0.679577464789	0.0	0	0.0	0	0.0	0	0.0	0	284
0.443835616438	0.00639269406393	7	0.000913242009132	1	0.00182648401826	2	0.0100456621005	11	1095
0.513011152416	0.0	0	0.00092936802974	1	0.00185873605948	2	0.0	0	1076
0.480293308891	0.000916590284143	1	0.00274977085243	3	0.000916590284143	1	0.0	0	1091
0.426923076923	0.00879120879121	16	0.0043956043956	8	0.00274725274725	5	0.0	0	1820
0.4723183391	0.00346020761246	4	0.000865051903114	1	0.0	0	0.0	0	1156
0.371683440073	0.00182982616651	8	0.00182982616651	8	0.000228728270814	1	0.000228728270814	1	4372
0.491644204852	0.00269541778976	5	0.000539083557951	1	0.000539083557951	1	0.0	0	1855
0.484536082474	0.00721649484536	7	0.00103092783505	1	0.00309278350515	3	0.0	0	970
0.491675915649	0.00887902330744	8	0.0	0	0.00110987791343	1	0.0	0	901
0.493815413892	0.00380589914367	4	0.0	0	0.0	0	0.000951474785918	1	1051
0.542936288089	0.00277008310249	2	0.00415512465374	3	0.00138504155125	1	0.0	0	722
0.539664804469	0.00670391061453	6	0.00111731843575	1	0.0	0	0.0	0	895
0.459355828221	0.00230061349693	3	0.00230061349693	3	0.0	0	0.000766871165644	1	1304
0.528189910979	0.00197823936696	2	0.00296735905045	3	0.0	0	0.0	0	1011
0.479041916168	0.00239520958084	2	0.00718562874251	6	0.0	0	0.0	0	835
0.427241962775	0.00169204737733	2	0.00169204737733	2	0.000846023688663	1	0.0	0	1182
0.496993987976	0.0110220440882	11	0.0	0	0.00100200400802	1	0.0	0	998
0.474712643678	0.00344827586207	3	0.00229885057471	2	0.0	0	0.0	0	870
0.537659327926	0.00231749710313	2	0.00347624565469	3	0.0	0	0.0	0	863
0.567857142857	0.0125	7	0.00357142857143	2	0.0	0	0.00178571428571	1	560
0.505836575875	0.00129701686122	1	0.0	0	0.00259403372244	2	0.0	0	771
0.501964636542	0.00294695481336	3	0.00098231827112	1	0.00294695481336	3	0.00098231827112	1	1018
0.48401826484	0.0197869101979	13	0.0106544901065	7	0.0	0	0.0	0	657
0.52323838081	0.00899550224888	6	0.00299850074963	2	0.00149925037481	1	0.0	0	667
0.387159533074	0.00129701686122	2	0.00259403372244	4	0.00064850843061	1	0.0	0	1542
0.465415019763	0.00494071146245	5	0.00098814229249	1	0.0	0	0.0	0	1012
0.422018348624	0.00166805671393	2	0.000834028356964	1	0.00417014178482	5	0.0	0	1199
0.445019404916	0.0019404915912	3	0.0019404915912	3	0.000646830530401	1	0.0	0	1546
0.629807692308	0.00721153846154	3	0.00721153846154	3	0.00240384615385	1	0.0	0	416
0.613372093023	0.0	0	0.0	0	0.0	0	0.0	0	344
0.490306946688	0.0	0	0.0	0	0.0	0	0.0	0	1238
0.470873786408	0.0	0	0.000970873786408	1	0.0	0	0.0	0	1030
0.511949685535	0.00125786163522	1	0.0	0	0.0	0	0.0	0	795
0.497963340122	0.0010183299389	1	0.0	0	0.0	0	0.0	0	982
0.56308411215	0.00467289719626	2	0.00700934579439	3	0.00233644859813	1	0.0	0	428
0.491859468723	0.000856898029135	1	0.00171379605827	2	0.0	0	0.0	0	1167
0.41918294849	0.00177619893428	3	0.00355239786856	6	0.000592066311427	1	0.0	0	1689
0.489736070381	0.000977517106549	1	0.0019550342131	2	0.0	0	0.0	0	1023
0.516290726817	0.000835421888053	1	0.00334168755221	4	0.00417710944027	5	0.00250626566416	3	1197
0.632152588556	0.00817438692098	3	0.0	0	0.0	0	0.00272479564033	1	367
0.420156139106	0.0028388928318	4	0.0	0	0.000709723207949	1	0.0	0	1409
0.553003533569	0.0017667844523	1	0.0017667844523	1	0.0017667844523	1	0.0	0	566
0.417788461538	0.00288461538462	6	0.000480769230769	1	0.000480769230769	1	0.0	0	2080
0.456095481671	0.00170502983802	2	0.00170502983802	2	0.000852514919011	1	0.00255754475703	3	1173
0.475	0.0030303030303	4	0.00151515151515	2	0.0	0	0.0	0	1320
0.499553172475	0.000893655049151	1	0.0	0	0.0	0	0.0	0	1119
0.550420168067	0.0063025210084	3	0.0	0	0.0	0	0.0	0	476
0.548094373866	0.005444646098	3	0.00181488203267	1	0.0	0	0.0	0	551
0.525965379494	0.00399467376831	3	0.00133155792277	1	0.0	0	0.0	0	751
0.479259259259	0.0037037037037	5	0.0	0	0.0	0	0.0	0	1350
0.567796610169	0.00847457627119	3	0.0	0	0.0	0	0.0	0	354
0.544351073763	0.00840336134454	9	0.00186741363212	2	0.00093370681606	1	0.0	0	1071
0.452410383189	0.00123609394314	1	0.00247218788628	2	0.0	0	0.00123609394314	1	809
0.643391521197	0.00249376558603	1	0.0	0	0.0	0	0.0	0	401
0.512941176471	0.00235294117647	2	0.00352941176471	3	0.0	0	0.0	0	850
0.458625525947	0.0	0	0.00210378681627	3	0.00210378681627	3	0.0	0	1426
0.46936416185	0.00924855491329	8	0.00115606936416	1	0.0	0	0.0	0	865
0.445063694268	0.0	0	0.000796178343949	1	0.0	0	0.000796178343949	1	1256
0.554301833568	0.0	0	0.00423131170663	3	0.0	0	0.0	0	709
0.559454191033	0.0	0	0.00194931773879	1	0.0	0	0.0	0	513
0.511756569848	0.00138312586445	1	0.00276625172891	2	0.00691562932227	5	0.0	0	723
0.509544787078	0.0014684287812	1	0.00293685756241	2	0.0014684287812	1	0.0	0	681
0.521109770808	0.0	0	0.0	0	0.00120627261761	1	0.0	0	829
0.442396313364	0.00184331797235	2	0.00921658986175	10	0.0	0	0.0	0	1085
0.496043822276	0.0030432136336	5	0.0030432136336	5	0.0	0	0.0	0	1643
0.36482316639	0.00237360550676	10	0.00189888440541	8	0.000949442202706	4	0.0	0	4213
0.478036175711	0.00452196382429	7	0.0	0	0.0	0	0.0	0	1548
0.439516129032	0.0	0	0.0	0	0.0	0	0.00100806451613	1	992
0.587209302326	0.00581395348837	2	0.00290697674419	1	0.0	0	0.0	0	344
0.489528795812	0.00130890052356	1	0.00261780104712	2	0.0	0	0.0	0	764
0.495726495726	0.004884004884	4	0.0	0	0.0	0	0.0	0	819
0.411500449236	0.00539083557951	6	0.00179694519317	2	0.0	0	0.0	0	1113
0.502544529262	0.00508905852417	4	0.00636132315522	5	0.00508905852417	4	0.00127226463104	1	786
0.523980815348	0.00119904076739	1	0.00359712230216	3	0.00119904076739	1	0.0	0	834
0.554511278195	0.0	0	0.00187969924812	1	0.00187969924812	1	0.0	0	532
0.465477114042	0.00077579519007	1	0.00310318076028	4	0.00077579519007	1	0.00077579519007	1	1289
0.466509988249	0.00352526439483	3	0.00117508813161	1	0.0	0	0.0	0	851
0.514319809069	0.0	0	0.00119331742243	1	0.0	0	0.0	0	838
0.533404029692	0.00318133616119	3	0.0	0	0.0	0	0.0	0	943
0.422056384743	0.00497512437811	6	0.000829187396352	1	0.000829187396352	1	0.0	0	1206
0.414962593516	0.000498753117207	1	0.0	0	0.000997506234414	2	0.0	0	2005
0.53355704698	0.00111856823266	1	0.0	0	0.00223713646532	2	0.00111856823266	1	894
0.449248120301	0.00563909774436	6	0.0197368421053	21	0.0	0	0.0	0	1064
0.523389232127	0.00264783759929	3	0.0	0	0.000882612533098	1	0.0	0	1133
0.409685230024	0.00387409200969	8	0.00145278450363	3	0.00338983050847	7	0.00193704600484	4	2065
0.516206482593	0.00240096038415	2	0.00240096038415	2	0.0	0	0.0	0	833
0.492788461538	0.00841346153846	7	0.0	0	0.0	0	0.00240384615385	2	832
0.519254658385	0.00248447204969	2	0.00372670807453	3	0.0	0	0.00124223602484	1	805
0.532656023222	0.0	0	0.0	0	0.0	0	0.0	0	689
0.465095986038	0.0087260034904	10	0.0087260034904	10	0.0	0	0.0	0	1146
0.389099526066	0.0	0	0.00331753554502	7	0.000473933649289	1	0.0	0	2110
0.448028673835	0.00286738351254	4	0.00143369175627	2	0.0	0	0.0	0	1395
0.479406919275	0.0	0	0.00247116968699	3	0.0	0	0.000823723228995	1	1214
0.399339933993	0.00528052805281	8	0.00594059405941	9	0.0013201320132	2	0.000660066006601	1	1515
0.45267958951	0.00342075256556	3	0.0	0	0.0	0	0.0	0	877
0.529824561404	0.0	0	0.0105263157895	6	0.00175438596491	1	0.0	0	570
0.493736951983	0.0	0	0.00104384133612	1	0.00104384133612	1	0.0	0	958
0.499393939394	0.00606060606061	5	0.00727272727273	6	0.0	0	0.0	0	825
0.498216409037	0.00475624256837	4	0.00356718192628	3	0.0	0	0.0	0	841
0.565733672604	0.00424088210348	5	0.00169635284139	2	0.0	0	0.000848176420696	1	1179
0.425183973835	0.0	0	0.00654129190515	8	0.0	0	0.0	0	1223
0.529333333333	0.0	0	0.00266666666667	2	0.0	0	0.0	0	750
0.491712707182	0.00220994475138	2	0.00110497237569	1	0.0	0	0.00110497237569	1	905
0.424734540912	0.00124921923798	2	0.00249843847595	4	0.00187382885696	3	0.00187382885696	3	1601
0.585585585586	0.0	0	0.0	0	0.0	0	0.0	0	333
0.591966173362	0.0	0	0.00211416490486	1	0.0	0	0.0	0	473
0.496216216216	0.00432432432432	4	0.00108108108108	1	0.0	0	0.0	0	925
0.54806312769	0.0	0	0.0	0	0.00143472022956	1	0.0	0	697
0.497867803838	0.00426439232409	4	0.00106609808102	1	0.0	0	0.0	0	938
0.444227005871	0.00195694716243	2	0.000978473581213	1	0.0	0	0.000978473581213	1	1022
0.452406417112	0.00213903743316	2	0.00213903743316	2	0.0	0	0.0	0	935
0.584635416667	0.00130208333333	1	0.0	0	0.0	0	0.0	0	768
0.561834561835	0.000819000819001	1	0.000819000819001	1	0.002457002457	3	0.0	0	1221
0.430934656741	0.00496277915633	6	0.00165425971878	2	0.0	0	0.0	0	1209
0.528784648188	0.00746268656716	7	0.00426439232409	4	0.00106609808102	1	0.0	0	938
0.433392539964	0.00976909413854	11	0.0	0	0.0	0	0.0	0	1126
0.487964989059	0.00109409190372	1	0.00218818380744	2	0.00218818380744	2	0.00218818380744	2	914
0.43585077343	0.00090991810737	1	0.00181983621474	2	0.00090991810737	1	0.0	0	1099
0.485276796231	0.00353356890459	3	0.00117785630153	1	0.00235571260306	2	0.0	0	849
0.48737650933	0.00219538968167	2	0.0	0	0.0	0	0.0	0	911
0.497168030208	0.000629326620516	1	0.00440528634361	7	0.0	0	0.0	0	1589
0.486547085202	0.00560538116592	5	0.00784753363229	7	0.0	0	0.0	0	892
0.529182879377	0.00583657587549	3	0.00583657587549	3	0.0	0	0.0	0	514
0.477386934673	0.00717875089734	10	0.0021536252692	3	0.0	0	0.000717875089734	1	1393
0.551643192488	0.00704225352113	3	0.0	0	0.0	0	0.0	0	426
0.40710723192	0.00311720698254	5	0.00436408977556	7	0.0	0	0.0	0	1604
0.513481828839	0.00468933177022	4	0.00117233294256	1	0.00117233294256	1	0.0	0	853
0.502624671916	0.00131233595801	1	0.0	0	0.0	0	0.0	0	762
0.511409395973	0.0120805369128	9	0.00536912751678	4	0.0	0	0.0	0	745
0.528384279476	0.00727802037846	5	0.0	0	0.00145560407569	1	0.0	0	687
0.545929018789	0.00104384133612	1	0.00104384133612	1	0.0	0	0.0	0	958
0.535335689046	0.00353356890459	2	0.0	0	0.0	0	0.0	0	566
0.369988966532	0.00147112909158	4	0.00478116954763	13	0.000367782272894	1	0.0	0	2719
0.474226804124	0.00147275405007	1	0.00441826215022	3	0.00147275405007	1	0.0	0	679
0.542553191489	0.0	0	0.0	0	0.0	0	0.0	0	564
0.314335060449	0.00345423143351	8	0.00172711571675	4	0.00215889464594	5	0.0	0	2316
0.505392912173	0.00462249614792	3	0.00770416024653	5	0.0	0	0.0	0	649
0.552736982644	0.00267022696929	2	0.00267022696929	2	0.0	0	0.0	0	749
0.447628458498	0.00889328063241	9	0.00592885375494	6	0.00296442687747	3	0.0	0	1012
0.623728813559	0.0	0	0.00677966101695	2	0.0	0	0.00677966101695	2	295
0.594713656388	0.00220264317181	1	0.00220264317181	1	0.00220264317181	1	0.0	0	454
0.536789297659	0.00836120401338	5	0.00836120401338	5	0.0	0	0.0	0	598
0.412675018423	0.00221075902727	3	0.00147383935151	2	0.0	0	0.0	0	1357
0.520146520147	0.00610500610501	5	0.001221001221	1	0.001221001221	1	0.0	0	819
0.480994152047	0.00438596491228	3	0.0	0	0.00146198830409	1	0.0	0	684
0.593373493976	0.00301204819277	1	0.0	0	0.0	0	0.0	0	332
0.509677419355	0.00286738351254	4	0.00215053763441	3	0.0	0	0.00143369175627	2	1395
0.508196721311	0.00109289617486	1	0.00109289617486	1	0.0	0	0.0	0	915
0.506478209658	0.0	0	0.00117785630153	1	0.00117785630153	1	0.0	0	849
0.634686346863	0.00738007380074	2	0.0	0	0.0	0	0.0	0	271
0.4795221843	0.0	0	0.00682593856655	4	0.0	0	0.0	0	586
0.510382513661	0.00327868852459	3	0.00327868852459	3	0.00109289617486	1	0.0	0	915
0.495639534884	0.00436046511628	3	0.00872093023256	6	0.00145348837209	1	0.0	0	688
0.528589580686	0.00254129606099	2	0.00381194409149	3	0.0012706480305	1	0.0	0	787
0.309537407196	0.0017133066819	3	0.0	0	0.000571102227299	1	0.0	0	1751
0.625	0.00555555555556	2	0.0	0	0.0	0	0.0	0	360
0.533101045296	0.0104529616725	6	0.00696864111498	4	0.0	0	0.0	0	574
0.38503649635	0.00912408759124	10	0.000912408759124	1	0.0100364963504	11	0.00182481751825	2	1096
0.697674418605	0.0	0	0.00332225913621	1	0.00332225913621	1	0.0	0	301
0.470930232558	0.00166112956811	2	0.00166112956811	2	0.0	0	0.0	0	1204
0.496138996139	0.00579150579151	3	0.0019305019305	1	0.0	0	0.0019305019305	1	518
0.444995044599	0.00396432111001	4	0.0	0	0.0	0	0.0	0	1009
0.463963963964	0.0015015015015	2	0.0015015015015	2	0.0	0	0.000750750750751	1	1332
0.391636919939	0.00254971953085	5	0.00203977562468	4	0.0	0	0.0	0	1961
0.515688949523	0.00136425648022	1	0.00272851296044	2	0.0	0	0.00136425648022	1	733
0.5173370319	0.00277392510402	2	0.00832177531207	6	0.00416088765603	3	0.0	0	721
0.53	0.000769230769231	1	0.00538461538462	7	0.0	0	0.000769230769231	1	1300
0.468245425188	0.0043057050592	4	0.0043057050592	4	0.0032292787944	3	0.0	0	929
0.466861598441	0.000974658869396	1	0.0	0	0.0	0	0.0	0	1026
0.466403162055	0.00922266139657	7	0.0	0	0.00395256916996	3	0.00131752305665	1	759
0.482246610717	0.00129115558425	2	0.00129115558425	2	0.00129115558425	2	0.0	0	1549
0.438023450586	0.000837520938023	1	0.000837520938023	1	0.0	0	0.0	0	1194
0.570689655172	0.00689655172414	4	0.0051724137931	3	0.00172413793103	1	0.0	0	580
0.509411764706	0.00352941176471	3	0.00235294117647	2	0.0	0	0.0	0	850
0.486521181001	0.0012836970475	1	0.00641848523748	5	0.0	0	0.0	0	779
0.478260869565	0.00173913043478	1	0.0139130434783	8	0.00347826086957	2	0.0	0	575
0.304284676834	0.00629387557492	26	0.000968288549988	4	0.000242072137497	1	0.00580973129993	24	4131
0.479591836735	0.00612244897959	6	0.00102040816327	1	0.0030612244898	3	0.0	0	980
0.511428571429	0.00571428571429	2	0.00285714285714	1	0.0	0	0.0	0	350
0.523659305994	0.0	0	0.00157728706625	2	0.0	0	0.000788643533123	1	1268
0.479041916168	0.00499001996008	5	0.0	0	0.0	0	0.0	0	1002
0.495636998255	0.00523560209424	3	0.00698080279232	4	0.0	0	0.0	0	573
0.465675057208	0.0	0	0.00343249427918	3	0.0	0	0.0	0	874
0.68253968254	0.0	0	0.0	0	0.0	0	0.0	0	252
0.513221153846	0.00300480769231	5	0.00600961538462	10	0.0	0	0.00120192307692	2	1664
0.481605351171	0.00111482720178	1	0.0122630992196	11	0.0	0	0.00111482720178	1	897
0.475037821483	0.00302571860817	2	0.0	0	0.0	0	0.0	0	661
0.509677419355	0.00322580645161	5	0.00387096774194	6	0.00129032258065	2	0.0	0	1550
0.425110132159	0.00293685756241	4	0.000734214390602	1	0.000734214390602	1	0.00220264317181	3	1362
0.529069767442	0.00726744186047	5	0.00872093023256	6	0.00145348837209	1	0.0	0	688
0.520231213873	0.00578034682081	5	0.00693641618497	6	0.0	0	0.0	0	865
0.377323420074	0.0046468401487	10	0.00418215613383	9	0.0	0	0.00046468401487	1	2152
0.468267581475	0.00171526586621	2	0.00943396226415	11	0.00171526586621	2	0.0	0	1166
0.5317769131	0.00518806744488	4	0.00389105058366	3	0.0	0	0.0	0	771
0.522222222222	0.0024154589372	5	0.00193236714976	4	0.00048309178744	1	0.00048309178744	1	2070
0.515021459227	0.0	0	0.00122624156959	2	0.00122624156959	2	0.0	0	1631
0.292242759424	0.00101877455974	7	0.000145539222821	1	0.000145539222821	1	0.0	0	6871
0.458758109361	0.000926784059314	1	0.000926784059314	1	0.0	0	0.0	0	1079
0.4792147806	0.0	0	0.00461893764434	4	0.0	0	0.0	0	866
0.50084222347	0.00336889387984	6	0.00168444693992	3	0.00112296462661	2	0.0	0	1781
0.689655172414	0.0	0	0.0	0	0.0	0	0.0	0	290
0.496464646465	0.000505050505051	1	0.0020202020202	4	0.0	0	0.0010101010101	2	1980
0.411343283582	0.0089552238806	15	0.000597014925373	1	0.000597014925373	1	0.0	0	1675
0.538575667656	0.0103857566766	7	0.00593471810089	4	0.00148367952522	1	0.0	0	674
0.568742655699	0.00117508813161	1	0.00117508813161	1	0.0	0	0.0	0	851
0.524407252441	0.00836820083682	6	0.00139470013947	1	0.0	0	0.0	0	717
0.482579303172	0.00364014560582	7	0.00208008320333	4	0.000520020800832	1	0.000520020800832	1	1923
0.568149210904	0.0	0	0.00573888091822	4	0.00143472022956	1	0.00143472022956	1	697
0.522041763341	0.00116009280742	1	0.00348027842227	3	0.0	0	0.0	0	862
0.395167575994	0.00545596258769	7	0.00311769290725	4	0.0	0	0.0	0	1283
0.504663212435	0.00310880829016	3	0.0020725388601	2	0.00310880829016	3	0.00103626943005	1	965
0.464008859358	0.00221483942414	2	0.00885935769657	8	0.00221483942414	2	0.0	0	903
0.520103761349	0.00389105058366	3	0.0	0	0.0	0	0.0	0	771
0.592195121951	0.000975609756098	1	0.0	0	0.0	0	0.000975609756098	1	1025
0.5	0.00273224043716	2	0.0	0	0.0	0	0.0	0	732
0.69696969697	0.0	0	0.0	0	0.0	0	0.00606060606061	1	165
0.488628026412	0.002201027146	3	0.00366837857667	5	0.000733675715334	1	0.0	0	1363
0.639198218263	0.0	0	0.0	0	0.0	0	0.0	0	449
0.478303747535	0.00394477317554	4	0.00788954635108	8	0.0	0	0.0	0	1014
0.549222797927	0.00259067357513	1	0.0	0	0.0	0	0.0	0	386
0.512820512821	0.0080971659919	6	0.00134952766532	1	0.0	0	0.0	0	741
0.502544529262	0.0	0	0.0	0	0.0	0	0.0	0	786
0.434306569343	0.00608272506083	5	0.00243309002433	2	0.00608272506083	5	0.00121654501217	1	822
0.551143200963	0.00240673886883	2	0.00361010830325	3	0.0	0	0.0	0	831
0.515151515152	0.0	0	0.0030303030303	2	0.0	0	0.0	0	660
0.454376163873	0.00651769087523	7	0.0	0	0.000931098696462	1	0.00186219739292	2	1074
0.325067628494	0.00270513976555	6	0.0	0	0.0	0	0.0	0	2218
0.495348837209	0.00232558139535	2	0.0	0	0.00116279069767	1	0.00116279069767	1	860
0.366953877344	0.0106436898125	21	0.00405473897618	8	0.00405473897618	8	0.0	0	1973
0.494444444444	0.00555555555556	6	0.00833333333333	9	0.0037037037037	4	0.000925925925926	1	1080
0.490358126722	0.0	0	0.0	0	0.0	0	0.0	0	726
0.481343283582	0.0111940298507	12	0.00652985074627	7	0.000932835820896	1	0.0	0	1072
0.550488599349	0.00488599348534	3	0.00488599348534	3	0.00162866449511	1	0.0	0	614
0.536115569823	0.0016051364366	1	0.00642054574639	4	0.0016051364366	1	0.0016051364366	1	623
0.503169572108	0.00237717908082	3	0.00237717908082	3	0.000792393026941	1	0.00158478605388	2	1262
0.491603053435	0.00458015267176	3	0.00152671755725	1	0.0030534351145	2	0.0	0	655
0.446142093201	0.0	0	0.00152788388083	2	0.0	0	0.000763941940413	1	1309
0.716	0.004	1	0.0	0	0.004	1	0.0	0	250
0.370088719899	0.00126742712294	2	0.00570342205323	9	0.00063371356147	1	0.0	0	1578
0.546666666667	0.00666666666667	3	0.00444444444444	2	0.0	0	0.00444444444444	2	450
0.507614213198	0.00676818950931	4	0.00676818950931	4	0.00169204737733	1	0.0	0	591
0.493197278912	0.00170068027211	1	0.0	0	0.00340136054422	2	0.0	0	588
0.484112149533	0.00560747663551	6	0.0018691588785	2	0.0	0	0.0	0	1070
0.533536585366	0.0	0	0.015243902439	10	0.0030487804878	2	0.0015243902439	1	656
0.484334203655	0.00261096605744	2	0.00130548302872	1	0.0	0	0.0	0	766
0.485498108449	0.0	0	0.00252206809584	2	0.00126103404792	1	0.0	0	793
0.445623342175	0.0	0	0.000884173297966	1	0.0	0	0.0	0	1131
0.528735632184	0.0	0	0.0	0	0.0	0	0.00255427841635	2	783
0.493990384615	0.00240384615385	2	0.00480769230769	4	0.0	0	0.0	0	832
0.519480519481	0.002886002886	2	0.004329004329	3	0.002886002886	2	0.0	0	693
0.533898305085	0.00847457627119	5	0.00847457627119	5	0.0	0	0.00169491525424	1	590
0.532608695652	0.00127877237852	2	0.00255754475703	4	0.00255754475703	4	0.0	0	1564
0.501199040767	0.00599520383693	5	0.00479616306954	4	0.0	0	0.0	0	834
0.576208178439	0.00247831474597	2	0.0	0	0.0	0	0.0	0	807
0.486345903771	0.0130039011704	10	0.00390117035111	3	0.00520156046814	4	0.00260078023407	2	769
0.523052464229	0.00317965023847	2	0.0	0	0.00317965023847	2	0.00158982511924	1	629
0.397857689365	0.00841622035195	11	0.0	0	0.0	0	0.0	0	1307
0.460921843687	0.0	0	0.00200400801603	2	0.0	0	0.00100200400802	1	998
0.521263669502	0.0	0	0.00243013365735	2	0.0	0	0.0	0	823
0.391901663051	0.00433839479393	6	0.00867678958785	12	0.000723065798988	1	0.00216919739696	3	1383
0.49556400507	0.0	0	0.00380228136882	3	0.0	0	0.0	0	789
0.54958677686	0.0	0	0.00275482093664	2	0.00137741046832	1	0.0	0	726
0.53037037037	0.00296296296296	2	0.0103703703704	7	0.00148148148148	1	0.0	0	675
0.535388127854	0.0	0	0.00456621004566	4	0.0	0	0.00114155251142	1	876
0.428060768543	0.00536193029491	6	0.0017873100983	2	0.00268096514745	3	0.000893655049151	1	1119
0.516447368421	0.00877192982456	8	0.00438596491228	4	0.00109649122807	1	0.00109649122807	1	912
0.467222884386	0.0107270560191	9	0.00238379022646	2	0.0	0	0.00119189511323	1	839
0.483120780195	0.00375093773443	5	0.00225056264066	3	0.0	0	0.0	0	1333
0.504444444444	0.00111111111111	1	0.00111111111111	1	0.00111111111111	1	0.00111111111111	1	900
0.383653846154	0.00240384615385	5	0.00192307692308	4	0.0	0	0.000480769230769	1	2080
0.43059490085	0.0	0	0.000944287063267	1	0.0	0	0.0	0	1059
0.497313891021	0.00306983883346	4	0.00537221795856	7	0.00306983883346	4	0.000767459708365	1	1303
0.499276410999	0.00723589001447	5	0.00723589001447	5	0.00144717800289	1	0.0	0	691
0.526766595289	0.00214132762313	1	0.0	0	0.0	0	0.0	0	467
0.491169977925	0.00551876379691	5	0.00220750551876	2	0.0	0	0.0	0	906
0.595300261097	0.00522193211488	2	0.00783289817232	3	0.00261096605744	1	0.0	0	383
0.549929676512	0.0042194092827	3	0.0028129395218	2	0.0056258790436	4	0.0014064697609	1	711
0.566115702479	0.00413223140496	3	0.00550964187328	4	0.0	0	0.0	0	726
0.626943005181	0.00518134715026	2	0.00259067357513	1	0.00518134715026	2	0.0	0	386
0.399698340875	0.00150829562594	2	0.000754147812971	1	0.0	0	0.0	0	1326
0.471001757469	0.00439367311072	5	0.000878734622144	1	0.000878734622144	1	0.0	0	1138
0.538823529412	0.00941176470588	8	0.00235294117647	2	0.0	0	0.00117647058824	1	850
0.485111662531	0.00496277915633	4	0.0	0	0.00124069478908	1	0.00124069478908	1	806
0.463325183374	0.0134474327628	11	0.00488997555012	4	0.00122249388753	1	0.0	0	818
0.54593175853	0.00131233595801	1	0.0	0	0.00131233595801	1	0.0	0	762
0.489042675894	0.00461361014994	4	0.00576701268743	5	0.00346020761246	3	0.0	0	867
0.521246458924	0.0042492917847	3	0.0	0	0.0	0	0.0014164305949	1	706
0.509666080844	0.00527240773286	3	0.00351493848858	2	0.0	0	0.00175746924429	1	569
0.57426679281	0.00378429517502	4	0.00189214758751	2	0.0	0	0.0	0	1057
0.543147208122	0.00761421319797	3	0.00253807106599	1	0.0	0	0.00253807106599	1	394
0.449035812672	0.00367309458219	4	0.00550964187328	6	0.0	0	0.0	0	1089
0.397309881014	0.00517330574237	10	0.0139679255044	27	0.0	0	0.00103466114847	2	1933
0.529559748428	0.00251572327044	2	0.00251572327044	2	0.00251572327044	2	0.00125786163522	1	795
0.47245017585	0.00351699882767	3	0.0	0	0.00117233294256	1	0.00117233294256	1	853
0.525984251969	0.00157480314961	1	0.00629921259843	4	0.0	0	0.0	0	635
0.475546305931	0.00416233090531	4	0.0124869927159	12	0.0	0	0.0	0	961
0.482799525504	0.00948991696323	8	0.00355871886121	3	0.0	0	0.0	0	843
0.55076142132	0.00126903553299	2	0.00507614213198	8	0.000634517766497	1	0.0	0	1576
0.560801144492	0.00858369098712	6	0.0071530758226	5	0.0	0	0.0	0	699
0.458404074703	0.0	0	0.000848896434635	1	0.0	0	0.0	0	1178
0.487775061125	0.00244498777506	2	0.00611246943765	5	0.00244498777506	2	0.0	0	818
0.436447166922	0.00306278713629	4	0.00535987748851	7	0.000765696784074	1	0.000765696784074	1	1306
0.508176100629	0.00125786163522	1	0.00377358490566	3	0.00125786163522	1	0.0	0	795
0.525073746313	0.00294985250737	2	0.00589970501475	4	0.00147492625369	1	0.0	0	678
0.460477941176	0.00551470588235	6	0.000919117647059	1	0.0	0	0.0	0	1088
0.570175438596	0.0	0	0.00292397660819	1	0.0	0	0.00292397660819	1	342
0.440599769319	0.00346020761246	3	0.00692041522491	6	0.00346020761246	3	0.0	0	867
0.494905385735	0.00436681222707	3	0.00873362445415	6	0.00145560407569	1	0.0	0	687
0.562814070352	0.00502512562814	3	0.0117252931323	7	0.0	0	0.0	0	597
0.445179584121	0.00189035916824	2	0.000945179584121	1	0.000945179584121	1	0.0	0	1058
0.481363996828	0.00475812846947	6	0.00396510705789	5	0.000793021411578	1	0.000793021411578	1	1261
0.521857923497	0.00273224043716	2	0.00546448087432	4	0.0	0	0.0	0	732
0.418918918919	0.00355618776671	5	0.00640113798009	9	0.0	0	0.00142247510669	2	1406
0.403071017274	0.000959692898273	2	0.00143953934741	3	0.000479846449136	1	0.0	0	2084
0.45769540693	0.00161160354553	2	0.000805801772764	1	0.0	0	0.000805801772764	1	1241
0.526729559748	0.0	0	0.0	0	0.0	0	0.0	0	636
0.483578708947	0.00226500566251	2	0.00113250283126	1	0.0	0	0.0	0	883
0.526840490798	0.00153374233129	2	0.000766871165644	1	0.0	0	0.000766871165644	1	1304
0.448893572181	0.00737618545838	7	0.0	0	0.0	0	0.0	0	949
0.405785770133	0.00312744331509	4	0.00156372165754	2	0.000781860828772	1	0.000781860828772	1	1279
0.54469273743	0.00698324022346	5	0.0	0	0.00418994413408	3	0.00698324022346	5	716
0.450248756219	0.0149253731343	18	0.0016583747927	2	0.00248756218905	3	0.0	0	1206
0.482868525896	0.00318725099602	4	0.00239043824701	3	0.0	0	0.0	0	1255
0.435656836461	0.00268096514745	4	0.00335120643432	5	0.000670241286863	1	0.0	0	1492
0.492571428571	0.008	7	0.00457142857143	4	0.0	0	0.0	0	875
0.506279434851	0.00156985871272	2	0.00156985871272	2	0.0	0	0.0	0	1274
0.444263186514	0.00163132137031	3	0.00163132137031	3	0.0	0	0.0	0	1839
0.546703296703	0.0	0	0.000915750915751	1	0.0	0	0.0	0	1092
0.538140020899	0.00313479623824	3	0.00313479623824	3	0.00104493207941	1	0.0	0	957
0.503440366972	0.00114678899083	1	0.00229357798165	2	0.0	0	0.00114678899083	1	872
0.441301272984	0.002828854314	6	0.002357378595	5	0.001414427157	3	0.0	0	2121
0.442868400315	0.000788022064618	1	0.0	0	0.000788022064618	1	0.000788022064618	1	1269
0.470782800441	0.00330760749724	3	0.00661521499449	6	0.0	0	0.0	0	907
0.493991989319	0.00534045393858	4	0.00133511348465	1	0.0	0	0.0	0	749
0.550964187328	0.0	0	0.00137741046832	1	0.0	0	0.0	0	726
0.526315789474	0.0	0	0.000974658869396	1	0.0	0	0.000974658869396	1	1026
0.45987654321	0.00720164609053	7	0.00720164609053	7	0.00308641975309	3	0.00102880658436	1	972
0.445283018868	0.0022641509434	3	0.00377358490566	5	0.00150943396226	2	0.000754716981132	1	1325
0.392067392067	0.004563004563	13	0.002106002106	6	0.0	0	0.0	0	2849
0.511201629328	0.0081466395112	4	0.0040733197556	2	0.0	0	0.0	0	491
0.524652338812	0.00252844500632	2	0.00252844500632	2	0.0	0	0.0	0	791
0.480298189563	0.0	0	0.0010649627263	1	0.0	0	0.0	0	939
0.431629834254	0.00552486187845	8	0.00138121546961	2	0.0	0	0.00138121546961	2	1448
0.447784810127	0.000791139240506	1	0.0	0	0.0	0	0.0	0	1264
0.486631016043	0.00267379679144	3	0.00356506238859	4	0.000891265597148	1	0.000891265597148	1	1122
0.359213250518	0.00621118012422	18	0.000345065562457	1	0.0	0	0.00103519668737	3	2898
0.477975632615	0.0121836925961	13	0.0	0	0.00187441424555	2	0.000937207122774	1	1067
0.47426067908	0.00438116100767	4	0.00547645125958	5	0.00109529025192	1	0.0	0	913
0.576659038902	0.0	0	0.0	0	0.0	0	0.0	0	437
0.4175720359	0.00472366556448	10	0.000944733112896	2	0.000944733112896	2	0.000944733112896	2	2117
0.543560606061	0.00189393939394	1	0.00189393939394	1	0.0	0	0.0	0	528
0.477754237288	0.0021186440678	2	0.0010593220339	1	0.00317796610169	3	0.0010593220339	1	944
0.501302083333	0.0	0	0.0	0	0.0	0	0.0	0	768
0.431647471207	0.00300450676014	6	0.0	0	0.00050075112669	1	0.00100150225338	2	1997
0.461818181818	0.0	0	0.00272727272727	3	0.000909090909091	1	0.0	0	1100
0.398880895284	0.0119904076739	15	0.00479616306954	6	0.00159872102318	2	0.0	0	1251
0.616580310881	0.00259067357513	1	0.00259067357513	1	0.00259067357513	1	0.0	0	386
0.451664025357	0.0	0	0.000792393026941	1	0.0	0	0.0	0	1262
0.383715699505	0.00134952766532	3	0.0	0	0.000449842555106	1	0.00179937022042	4	2223
0.441509433962	0.0	0	0.00377358490566	3	0.0	0	0.0	0	795
0.52889993785	0.00248601615911	4	0.00497203231821	8	0.0	0	0.000621504039776	1	1609
0.350883392226	0.0	0	0.0017667844523	5	0.0017667844523	5	0.0	0	2830
0.497455470738	0.00254452926209	2	0.00636132315522	5	0.0	0	0.0	0	786
0.371916508539	0.00569259962049	12	0.00142314990512	3	0.00901328273245	19	0.000474383301708	1	2108
0.558441558442	0.004329004329	2	0.0021645021645	1	0.0	0	0.0	0	462
0.486166007905	0.00790513833992	8	0.0098814229249	10	0.0	0	0.00098814229249	1	1012
0.497985031664	0.00172711571675	3	0.00287852619459	5	0.00115141047784	2	0.00115141047784	2	1737
0.518881118881	0.0	0	0.0	0	0.0	0	0.0	0	715
0.5	0.011013215859	10	0.00330396475771	3	0.0	0	0.0	0	908
0.456824512535	0.00185701021356	2	0.00371402042711	4	0.00371402042711	4	0.0	0	1077
0.525360050094	0.00125234815279	2	0.00250469630557	4	0.000626174076393	1	0.000626174076393	1	1597
0.459645669291	0.00738188976378	15	0.000492125984252	1	0.0	0	0.000492125984252	1	2032
0.511336227689	0.000964785335263	2	0.00385914134105	8	0.000482392667631	1	0.000482392667631	1	2073
0.409427966102	0.00529661016949	10	0.00529661016949	10	0.00158898305085	3	0.0	0	1888
0.479166666667	0.00735294117647	6	0.00490196078431	4	0.00122549019608	1	0.0	0	816
0.489495798319	0.0	0	0.0	0	0.0	0	0.0	0	476
0.420746887967	0.00248962655602	3	0.00331950207469	4	0.00165975103734	2	0.0	0	1205
0.496272630458	0.00212992545261	2	0.0010649627263	1	0.0	0	0.0	0	939
0.543629343629	0.000772200772201	1	0.0030888030888	4	0.0015444015444	2	0.0	0	1295
0.483180428135	0.00152905198777	1	0.00152905198777	1	0.00152905198777	1	0.0	0	654
0.569282136895	0.0016694490818	2	0.0016694490818	2	0.0	0	0.0	0	1198
0.418300653595	0.00373482726424	4	0.00093370681606	1	0.0	0	0.0	0	1071
0.457317073171	0.00348432055749	4	0.00348432055749	4	0.0	0	0.0	0	1148
0.42345276873	0.00217155266015	2	0.0	0	0.00108577633008	1	0.0	0	921
0.537373737374	0.0	0	0.0	0	0.0	0	0.0010101010101	1	990
0.537037037037	0.00205761316872	3	0.00685871056241	10	0.0	0	0.0	0	1458
0.580586080586	0.0	0	0.0128205128205	7	0.003663003663	2	0.0	0	546
0.508771929825	0.00109649122807	1	0.00109649122807	1	0.0	0	0.0	0	912
0.511834319527	0.0	0	0.00197238658777	2	0.000986193293886	1	0.0	0	1014
0.556025369979	0.00105708245243	1	0.00317124735729	3	0.00317124735729	3	0.0	0	946
0.452936444087	0.00563153660499	7	0.00160901045857	2	0.00241351568785	3	0.0	0	1243
0.510379384395	0.00143163922691	2	0.00429491768074	6	0.00143163922691	2	0.0	0	1397
0.484210526316	0.00131578947368	1	0.0	0	0.0	0	0.0	0	760
0.382260596546	0.00549450549451	7	0.00392464678179	5	0.0	0	0.0	0	1274
0.441058941059	0.004995004995	10	0.0014985014985	3	0.0014985014985	3	0.0	0	2002
0.460057747834	0.00384985563041	4	0.0	0	0.0	0	0.0	0	1039
0.545893719807	0.0012077294686	1	0.0012077294686	1	0.0	0	0.0	0	828
0.551546391753	0.0	0	0.00515463917526	7	0.000736377025037	1	0.000736377025037	1	1358
0.526108927569	0.000561482313307	1	0.00168444693992	3	0.000561482313307	1	0.000561482313307	1	1781
0.440715883669	0.00223713646532	5	0.00178970917226	4	0.0	0	0.0	0	2235
0.506371191136	0.001108033241	2	0.00498614958449	9	0.000554016620499	1	0.0	0	1805
0.422982885086	0.0138549307253	17	0.00081499592502	1	0.00162999185004	2	0.00244498777506	3	1227
0.48821866164	0.0	0	0.00282752120641	3	0.00188501413761	2	0.0	0	1061
0.518739815318	0.00271591526344	5	0.00162954915807	3	0.00108636610538	2	0.0	0	1841
0.585014409222	0.0	0	0.0	0	0.0	0	0.0	0	347
0.526554404145	0.00906735751295	14	0.00388601036269	6	0.0	0	0.0	0	1544
0.470158343484	0.00730816077954	6	0.00243605359318	2	0.00243605359318	2	0.00121802679659	1	821
0.496443812233	0.00142247510669	1	0.0	0	0.00142247510669	1	0.0	0	703
0.529810298103	0.00406504065041	3	0.0	0	0.0	0	0.0	0	738
0.597523219814	0.0	0	0.0	0	0.0	0	0.0	0	323
0.516074450085	0.00338409475465	2	0.0135363790186	8	0.0	0	0.0	0	591
0.478301015697	0.00277008310249	3	0.000923361034164	1	0.000923361034164	1	0.0	0	1083
0.45390070922	0.0	0	0.00236406619385	2	0.0	0	0.0	0	846
0.41399137518	0.000958313368471	2	0.00335409678965	7	0.0	0	0.000958313368471	2	2087
0.402579769179	0.0162932790224	24	0.00678886625933	10	0.0020366598778	3	0.0	0	1473
0.537794299876	0.0	0	0.0	0	0.0	0	0.0	0	807
0.375926982316	0.00171135196805	3	0.00228180262407	4	0.000570450656018	1	0.000570450656018	1	1753
0.48904109589	0.00547945205479	4	0.0027397260274	2	0.0	0	0.0	0	730
0.459691252144	0.00600343053173	7	0.00428816466552	5	0.0	0	0.0	0	1166
0.491334488735	0.00173310225303	2	0.00173310225303	2	0.000866551126516	1	0.0	0	1154
0.545087483176	0.00672947510094	5	0.00134589502019	1	0.0	0	0.0	0	743
0.436238729068	0.0055817947617	13	0.00257621296694	6	0.000858737655646	2	0.00128810648347	3	2329
0.476612903226	0.00322580645161	4	0.0129032258065	16	0.00161290322581	2	0.00403225806452	5	1240
0.488311688312	0.0025974025974	2	0.0025974025974	2	0.0	0	0.0012987012987	1	770
0.571223021583	0.010071942446	7	0.00431654676259	3	0.00143884892086	1	0.0	0	695
0.428330522766	0.00168634064081	3	0.00505902192243	9	0.0	0	0.0	0	1779
0.407567567568	0.00972972972973	18	0.00486486486486	9	0.00324324324324	6	0.0	0	1850
0.413407821229	0.00359138068635	9	0.00319233838787	8	0.0	0	0.0	0	2506
0.300570703868	0.00665821179455	21	0.00412175015853	13	0.00126823081801	4	0.0	0	3154
0.619565217391	0.0	0	0.0036231884058	1	0.0	0	0.0	0	276
0.568578553616	0.0	0	0.00124688279302	1	0.0	0	0.00124688279302	1	802
0.494407158837	0.00223713646532	2	0.0145413870246	13	0.0	0	0.0	0	894
0.496272630458	0.0	0	0.0	0	0.0	0	0.0	0	939
0.530913978495	0.00537634408602	4	0.0120967741935	9	0.0	0	0.00134408602151	1	744
0.5	0.00316455696203	3	0.00316455696203	3	0.00105485232068	1	0.00105485232068	1	948
0.486529318542	0.00316957210777	2	0.00475435816165	3	0.0	0	0.00158478605388	1	631
0.496865203762	0.0	0	0.00626959247649	4	0.00156739811912	1	0.0	0	638
0.492391304348	0.00108695652174	1	0.0	0	0.0	0	0.0	0	920
0.422364672365	0.00356125356125	5	0.0014245014245	2	0.0	0	0.0	0	1404
0.471458773784	0.0	0	0.00105708245243	1	0.0	0	0.0	0	946
0.407594936709	0.00210970464135	5	0.00337552742616	8	0.00042194092827	1	0.00042194092827	1	2370
0.62962962963	0.003367003367	1	0.0	0	0.0	0	0.0	0	297
0.487282463186	0.00267737617135	2	0.00267737617135	2	0.0	0	0.0	0	747
0.543689320388	0.00416088765603	3	0.00277392510402	2	0.0	0	0.0	0	721
0.566069906223	0.000852514919011	1	0.000852514919011	1	0.00255754475703	3	0.000852514919011	1	1173
0.400089806915	0.00269420745397	6	0.00493938033229	11	0.0	0	0.0	0	2227
0.514156285391	0.00453001132503	4	0.00113250283126	1	0.0	0	0.0	0	883
0.389500972132	0.00648088139987	10	0.00583279325988	9	0.000648088139987	1	0.00129617627997	2	1543
0.347120843471	0.00324412003244	8	0.00202757502028	5	0.00121654501217	3	0.0	0	2466
0.47633744856	0.00411522633745	4	0.0	0	0.0	0	0.0	0	972
0.577006507592	0.00108459869848	1	0.00325379609544	3	0.0	0	0.0	0	922
0.551431601273	0.0	0	0.00212089077413	2	0.0	0	0.00106044538706	1	943
0.46208869814	0.00143061516452	2	0.00143061516452	2	0.00071530758226	1	0.00071530758226	1	1398
0.593388429752	0.00495867768595	3	0.0	0	0.00165289256198	1	0.0	0	605
0.447906523856	0.0	0	0.0	0	0.0	0	0.0	0	1027
0.407367668097	0.00214592274678	6	0.00143061516452	4	0.0	0	0.00035765379113	1	2796
0.472252448313	0.0	0	0.0	0	0.0	0	0.00108813928183	1	919
0.510096575944	0.00263388937665	3	0.0	0	0.0	0	0.000877963125549	1	1139
0.53227771011	0.00609013398295	5	0.00243605359318	2	0.00121802679659	1	0.0	0	821
0.366189719131	0.00158982511924	3	0.00370959194489	7	0.000529941706412	1	0.0	0	1887
0.445945945946	0.00259875259875	5	0.0031185031185	6	0.0	0	0.0	0	1924
0.495818399044	0.00716845878136	6	0.00716845878136	6	0.0	0	0.0	0	837
0.500959692898	0.00383877159309	2	0.00383877159309	2	0.0	0	0.0	0	521
0.762430939227	0.0165745856354	3	0.0	0	0.0	0	0.0	0	181
0.577027027027	0.0	0	0.0027027027027	2	0.00135135135135	1	0.0	0	740
0.663366336634	0.0247524752475	5	0.0	0	0.0	0	0.0	0	202
0.597826086957	0.0108695652174	3	0.0	0	0.0	0	0.0	0	276
0.482332155477	0.0159010600707	9	0.0	0	0.0	0	0.0	0	566
0.6	0.012	3	0.0	0	0.0	0	0.0	0	250
0.651428571429	0.0171428571429	3	0.0	0	0.0	0	0.0	0	175
0.449111470113	0.00969305331179	6	0.0048465266559	3	0.0	0	0.0	0	619
0.430089942764	0.00572363041701	7	0.00245298446443	3	0.0	0	0.000817661488144	1	1223
0.584090909091	0.00454545454545	2	0.0	0	0.00227272727273	1	0.0	0	440
0.508086253369	0.00404312668464	3	0.00404312668464	3	0.00134770889488	1	0.0	0	742
0.56814159292	0.00176991150442	1	0.00176991150442	1	0.0	0	0.0	0	565
0.508445945946	0.00337837837838	2	0.0	0	0.0	0	0.0	0	592
0.487354085603	0.00194552529183	2	0.00875486381323	9	0.0	0	0.000972762645914	1	1028
0.381499395405	0.00423216444982	7	0.00785973397823	13	0.00302297460701	5	0.0	0	1654
0.428332403793	0.00167317345231	3	0.00446179587284	8	0.0	0	0.0	0	1793
0.505154639175	0.00343642611684	3	0.00229095074456	2	0.0	0	0.0	0	873
0.524005486968	0.00411522633745	3	0.00548696844993	4	0.00137174211248	1	0.0	0	729
0.469505178366	0.00230149597238	2	0.0	0	0.00460299194476	4	0.00115074798619	1	869
0.449353448276	0.0150862068966	14	0.00215517241379	2	0.0	0	0.0	0	928
0.462669018225	0.00235155790711	4	0.00293944738389	5	0.000587889476778	1	0.00117577895356	2	1701
0.46632996633	0.00252525252525	3	0.0016835016835	2	0.0	0	0.0	0	1188
0.581497797357	0.00220264317181	1	0.00881057268722	4	0.0	0	0.0	0	454
0.490526315789	0.00105263157895	1	0.0168421052632	16	0.00105263157895	1	0.0	0	950
0.512649800266	0.00399467376831	3	0.00266311584554	2	0.00399467376831	3	0.0	0	751
0.443766346992	0.0052310374891	6	0.00871839581517	10	0.000871839581517	1	0.0	0	1147
0.515424164524	0.0025706940874	2	0.00514138817481	4	0.0	0	0.0012853470437	1	778
0.511627906977	0.0093023255814	8	0.00116279069767	1	0.00116279069767	1	0.0	0	860
0.529255319149	0.00132978723404	1	0.0	0	0.0	0	0.0	0	752
0.532299741602	0.0077519379845	3	0.00516795865633	2	0.00258397932817	1	0.0	0	387
0.569216757741	0.00273224043716	3	0.00182149362477	2	0.0	0	0.0	0	1098
0.459616985845	0.00416319733555	5	0.00915903413822	11	0.0	0	0.00166527893422	2	1201
0.522959183673	0.0114795918367	9	0.0	0	0.00382653061224	3	0.00127551020408	1	784
0.465583173996	0.00286806883365	3	0.00286806883365	3	0.0019120458891	2	0.00286806883365	3	1046
0.397660818713	0.00116959064327	2	0.00233918128655	4	0.00350877192982	6	0.00526315789474	9	1710
0.599469496021	0.0159151193634	6	0.0106100795756	4	0.0026525198939	1	0.0	0	377
0.420689655172	0.0051724137931	6	0.00258620689655	3	0.0	0	0.00344827586207	4	1160
0.533007334963	0.0110024449878	9	0.00366748166259	3	0.0	0	0.0	0	818
0.483516483516	0.00879120879121	8	0.0175824175824	16	0.0	0	0.0043956043956	4	910
0.524533517623	0.00207325501037	3	0.00414651002073	6	0.0	0	0.0	0	1447
0.504132231405	0.0123966942149	9	0.0	0	0.0	0	0.0	0	726
0.483467381591	0.00268096514745	3	0.00983020554066	11	0.00268096514745	3	0.0	0	1119
0.465346534653	0.0	0	0.00371287128713	3	0.00123762376238	1	0.0	0	808
0.561643835616	0.0	0	0.0117416829746	6	0.0	0	0.0	0	511
0.432357813363	0.00441744892325	8	0.00165654334622	3	0.000552181115406	1	0.0	0	1811
0.455696202532	0.00904159132007	10	0.00180831826401	2	0.0	0	0.00180831826401	2	1106
0.302865761689	0.0027149321267	9	0.00180995475113	6	0.00180995475113	6	0.00331825037707	11	3315
0.496247654784	0.00375234521576	4	0.0	0	0.00093808630394	1	0.0	0	1066
0.455976676385	0.00524781341108	9	0.000583090379009	1	0.00174927113703	3	0.000583090379009	1	1715
0.547811993517	0.0032414910859	4	0.0032414910859	4	0.00162074554295	2	0.0	0	1234
0.654069767442	0.00581395348837	2	0.0116279069767	4	0.0	0	0.0	0	344
0.531168831169	0.00649350649351	5	0.0	0	0.0	0	0.0	0	770
0.481691593605	0.00103145951521	2	0.00773594636411	15	0.00154718927282	3	0.0	0	1939
0.49853372434	0.00293255131965	2	0.00879765395894	6	0.0	0	0.0	0	682
0.496208017335	0.00216684723727	2	0.00433369447454	4	0.00108342361863	1	0.00108342361863	1	923
0.457174638487	0.00889877641824	8	0.00111234705228	1	0.0	0	0.00444938820912	4	899
0.464673913043	0.00815217391304	9	0.000905797101449	1	0.0	0	0.0	0	1104
0.498269896194	0.00519031141869	3	0.00519031141869	3	0.0	0	0.00173010380623	1	578
0.487315010571	0.00422832980973	4	0.00211416490486	2	0.0	0	0.0	0	946
0.592657342657	0.00174825174825	1	0.0	0	0.0	0	0.0	0	572
0.446348061317	0.00811541929666	9	0.00811541929666	9	0.00270513976555	3	0.000901713255185	1	1109
0.467724867725	0.0031746031746	3	0.0042328042328	4	0.0	0	0.0010582010582	1	945
0.519343493552	0.00234466588511	2	0.00117233294256	1	0.0	0	0.0	0	853
0.520393811533	0.0084388185654	6	0.0056258790436	4	0.0014064697609	1	0.0	0	711
0.479578392622	0.0144927536232	11	0.00131752305665	1	0.0	0	0.0	0	759
0.497655334115	0.000586166471278	1	0.00234466588511	4	0.000586166471278	1	0.0	0	1706
0.562841530055	0.0	0	0.0	0	0.0	0	0.0	0	549
0.548076923077	0.0	0	0.00961538461538	4	0.0	0	0.0	0	416
0.538106235566	0.0	0	0.0	0	0.0	0	0.0	0	433
0.585542168675	0.00722891566265	3	0.00722891566265	3	0.0	0	0.0	0	415
0.467544684854	0.0103480714958	11	0.00564440263405	6	0.0	0	0.0	0	1063
0.545588235294	0.00294117647059	2	0.00294117647059	2	0.0	0	0.0	0	680
0.383673469388	0.00659340659341	21	0.00376766091052	12	0.000313971742543	1	0.0	0	3185
0.506398537477	0.0	0	0.0018281535649	1	0.0018281535649	1	0.0	0	547
0.470430107527	0.00806451612903	6	0.00672043010753	5	0.00268817204301	2	0.00403225806452	3	744
0.495454545455	0.00833333333333	11	0.00378787878788	5	0.00227272727273	3	0.0	0	1320
0.540915395284	0.0	0	0.00277392510402	2	0.0	0	0.0	0	721
0.439577039275	0.00679758308157	9	0.0	0	0.000755287009063	1	0.0	0	1324
0.477178423237	0.00138312586445	2	0.00276625172891	4	0.0	0	0.0	0	1446
0.491638795987	0.00222965440357	2	0.0122630992196	11	0.00445930880713	4	0.00111482720178	1	897
0.460878885316	0.0042872454448	4	0.0021436227224	2	0.0	0	0.0010718113612	1	933
0.513141426783	0.000625782227785	1	0.000625782227785	1	0.000625782227785	1	0.0	0	1598
0.503623188406	0.0	0	0.0024154589372	2	0.0	0	0.0	0	828
0.448275862069	0.00816696914701	9	0.00816696914701	9	0.002722323049	3	0.000907441016334	1	1102
0.411518324607	0.00157068062827	3	0.000523560209424	1	0.00157068062827	3	0.0	0	1910
0.551660516605	0.00184501845018	1	0.00369003690037	2	0.0	0	0.0	0	542
0.4743892829	0.00315208825847	4	0.00236406619385	3	0.0	0	0.0	0	1269
0.514211886305	0.00602928509905	7	0.0	0	0.00172265288544	2	0.0	0	1161
0.416528008874	0.00443704936217	8	0.00166389351082	3	0.0	0	0.0	0	1803
0.515527950311	0.0	0	0.0	0	0.0	0	0.0	0	644
0.435362802335	0.00917431192661	11	0.00250208507089	3	0.0	0	0.0	0	1199
0.473328324568	0.0015026296018	2	0.0022539444027	3	0.0015026296018	2	0.000751314800902	1	1331
0.555921052632	0.00493421052632	3	0.0	0	0.00164473684211	1	0.0	0	608
0.372881355932	0.00183234081539	4	0.00320659642694	7	0.00229042601924	5	0.00137425561154	3	2183
0.43645320197	0.00295566502463	3	0.000985221674877	1	0.000985221674877	1	0.0	0	1015
0.52005730659	0.00286532951289	2	0.0	0	0.00286532951289	2	0.00143266475645	1	698
0.502114164905	0.00422832980973	4	0.00317124735729	3	0.00211416490486	2	0.00211416490486	2	946
0.519585253456	0.00345622119816	3	0.0	0	0.00345622119816	3	0.00230414746544	2	868
0.451076320939	0.00293542074364	3	0.000978473581213	1	0.0	0	0.0	0	1022
0.632075471698	0.00754716981132	4	0.0	0	0.0	0	0.0	0	530
0.499481865285	0.0020725388601	2	0.00103626943005	1	0.0	0	0.0	0	965
0.604444444444	0.00222222222222	1	0.0	0	0.0	0	0.0	0	450
0.583333333333	0.0	0	0.0	0	0.0	0	0.0	0	204
0.514687882497	0.00244798041616	4	0.00367197062424	6	0.0	0	0.0	0	1634
0.677272727273	0.0	0	0.00909090909091	2	0.0	0	0.0	0	220
0.523542600897	0.00336322869955	3	0.0156950672646	14	0.00112107623318	1	0.0	0	892
0.429475015813	0.00442757748261	7	0.00316255534472	5	0.00316255534472	5	0.000632511068944	1	1581
0.42041015625	0.0029296875	6	0.00146484375	3	0.00146484375	3	0.0	0	2048
0.461607142857	0.000892857142857	1	0.00178571428571	2	0.0	0	0.0	0	1120
0.416901408451	0.0123943661972	22	0.00225352112676	4	0.0	0	0.0	0	1775
0.525821596244	0.00352112676056	3	0.00234741784038	2	0.0	0	0.00469483568075	4	852
0.60989010989	0.00549450549451	2	0.0	0	0.00274725274725	1	0.0	0	364
0.5672823219	0.00263852242744	1	0.0	0	0.00263852242744	1	0.00263852242744	1	379
0.522343594836	0.0	0	0.00198609731877	2	0.0	0	0.0	0	1007
0.528169014085	0.00469483568075	2	0.0	0	0.0	0	0.0	0	426
0.372778500217	0.00823580407456	19	0.00346770697876	8	0.000433463372345	1	0.0	0	2307
0.707317073171	0.0	0	0.0	0	0.0	0	0.0	0	123
0.53317535545	0.00473933649289	4	0.00473933649289	4	0.00236966824645	2	0.00118483412322	1	844
0.520146520147	0.001221001221	1	0.0	0	0.0	0	0.0	0	819
0.379951980792	0.00300120048019	5	0.00900360144058	15	0.00180072028812	3	0.0	0	1666
0.521967213115	0.00196721311475	3	0.00131147540984	2	0.0	0	0.000655737704918	1	1525
0.380601596071	0.00675260896255	11	0.00798035604665	13	0.0024554941682	4	0.0	0	1629
0.436701509872	0.00348432055749	3	0.0	0	0.0	0	0.0	0	861
0.490547263682	0.000995024875622	1	0.00398009950249	4	0.000995024875622	1	0.0	0	1005
0.545634920635	0.00198412698413	3	0.00330687830688	5	0.0	0	0.0	0	1512
0.451134380454	0.00087260034904	1	0.0	0	0.0	0	0.0	0	1146
0.522952853598	0.00248138957816	4	0.00124069478908	2	0.00124069478908	2	0.0	0	1612
0.369878183832	0.00332225913621	6	0.00110741971207	2	0.00110741971207	2	0.00110741971207	2	1806
0.510294117647	0.0	0	0.00441176470588	3	0.0	0	0.0	0	680
0.543720190779	0.00794912559618	5	0.0	0	0.0	0	0.0	0	629
0.552459016393	0.00819672131148	5	0.00655737704918	4	0.0	0	0.0	0	610
0.540750323415	0.00388098318241	3	0.0	0	0.0012936610608	1	0.0	0	773
0.560407569141	0.00582241630277	4	0.00291120815138	2	0.00291120815138	2	0.00145560407569	1	687
0.539163498099	0.00228136882129	3	0.00304182509506	4	0.00152091254753	2	0.0	0	1315
0.567647058824	0.00294117647059	2	0.00147058823529	1	0.0	0	0.00147058823529	1	680
0.578158458244	0.00214132762313	2	0.00107066381156	1	0.0	0	0.00107066381156	1	934
0.495395948435	0.00184162062615	1	0.00184162062615	1	0.0	0	0.0	0	543
0.483422459893	0.00427807486631	4	0.00106951871658	1	0.0	0	0.00106951871658	1	935
0.510680907877	0.00133511348465	2	0.000667556742323	1	0.000667556742323	1	0.0	0	1498
0.505319148936	0.0031914893617	3	0.00106382978723	1	0.0	0	0.0	0	940
0.467908902692	0.00103519668737	1	0.00724637681159	7	0.00103519668737	1	0.0	0	966
0.425488180884	0.00102774922919	1	0.0	0	0.00308324768756	3	0.0	0	973
0.529411764706	0.00255754475703	2	0.00255754475703	2	0.0	0	0.0	0	782
0.408184679958	0.00524658971668	5	0.00629590766002	6	0.0	0	0.0	0	953
0.507494646681	0.00107066381156	1	0.00107066381156	1	0.0	0	0.00107066381156	1	934
0.526475037821	0.00151285930408	1	0.0	0	0.0	0	0.0	0	661
0.511083743842	0.0012315270936	2	0.00184729064039	3	0.0012315270936	2	0.0	0	1624
0.550484094053	0.00207468879668	3	0.0	0	0.00138312586445	2	0.0	0	1446
0.4646397885	0.00264375413087	4	0.00594844679445	9	0.0	0	0.0	0	1513
0.523148148148	0.00115740740741	1	0.00462962962963	4	0.0	0	0.0	0	864
0.471385542169	0.00602409638554	4	0.00602409638554	4	0.0	0	0.0	0	664
0.489784649365	0.00110436223081	2	0.00331308669244	6	0.00110436223081	2	0.0	0	1811
0.539944903581	0.0	0	0.00275482093664	1	0.0	0	0.0	0	363
0.52068617558	0.00100908173562	1	0.0	0	0.00100908173562	1	0.0	0	991
0.686832740214	0.0	0	0.00355871886121	1	0.0	0	0.0	0	281
0.498812351544	0.0249406175772	21	0.00356294536817	3	0.00118764845606	1	0.0	0	842
0.587112171838	0.00238663484487	1	0.0	0	0.00238663484487	1	0.0	0	419
0.539152759949	0.0012836970475	1	0.0	0	0.0	0	0.0	0	779
0.44798583444	0.000885347498893	2	0.00309871624613	7	0.0	0	0.000442673749447	1	2259
0.490924092409	0.00577557755776	7	0.0016501650165	2	0.0	0	0.0	0	1212
0.457115009747	0.00292397660819	3	0.00487329434698	5	0.0	0	0.0	0	1026
0.553273427471	0.00256739409499	2	0.0	0	0.0012836970475	1	0.0	0	779
0.468988030468	0.0076169749728	7	0.00108813928183	1	0.00217627856366	2	0.00652883569097	6	919
0.499027237354	0.00291828793774	3	0.00194552529183	2	0.0	0	0.0	0	1028
0.514705882353	0.00122549019608	1	0.0	0	0.0	0	0.00122549019608	1	816
0.537414965986	0.00340136054422	2	0.00850340136054	5	0.0	0	0.0	0	588
0.566866267465	0.00399201596806	2	0.0	0	0.0	0	0.0	0	501
0.487025948104	0.0059880239521	3	0.0	0	0.00199600798403	1	0.0059880239521	3	501
0.541114058355	0.0	0	0.0	0	0.0026525198939	2	0.00132625994695	1	754
0.566852367688	0.00696378830084	5	0.0	0	0.00139275766017	1	0.0	0	718
0.447269303202	0.00188323917137	2	0.00470809792844	5	0.0	0	0.0	0	1062
0.497502497502	0.001998001998	2	0.003996003996	4	0.000999000999001	1	0.0	0	1001
0.4874749499	0.00150300601202	3	0.00200400801603	4	0.000501002004008	1	0.0	0	1996
0.473392461197	0.00443458980044	4	0.00443458980044	4	0.0	0	0.0	0	902
0.513414634146	0.00365853658537	3	0.00121951219512	1	0.00243902439024	2	0.0	0	820
0.500414937759	0.00497925311203	6	0.00746887966805	9	0.00746887966805	9	0.000829875518672	1	1205
0.565400843882	0.0042194092827	2	0.0	0	0.0	0	0.0	0	474
0.363770794824	0.00517560073937	14	0.0	0	0.000739371534196	2	0.0	0	2705
0.533665835411	0.0	0	0.00124688279302	1	0.0	0	0.0	0	802
0.533602150538	0.00134408602151	1	0.00403225806452	3	0.00134408602151	1	0.0	0	744
0.448753462604	0.0	0	0.0	0	0.0	0	0.0	0	1083
0.50622406639	0.00553250345781	4	0.00968188105118	7	0.0	0	0.00276625172891	2	723
0.422912858013	0.0	0	0.0018281535649	3	0.0	0	0.0	0	1641
0.529715762274	0.00516795865633	2	0.0	0	0.0	0	0.0	0	387
0.417553191489	0.00886524822695	10	0.00443262411348	5	0.00354609929078	4	0.0	0	1128
0.519480519481	0.0047225501771	4	0.00236127508855	2	0.0	0	0.0	0	847
0.55	0.00365853658537	3	0.00243902439024	2	0.0	0	0.00243902439024	2	820
0.313143927568	0.000936621916953	3	0.00218545113956	7	0.000936621916953	3	0.0	0	3203
0.520408163265	0.0	0	0.00226757369615	2	0.0	0	0.0	0	882
0.463302752294	0.00152905198777	2	0.00688073394495	9	0.0	0	0.0	0	1308
0.424657534247	0.00421496311907	8	0.00105374077977	2	0.0	0	0.000526870389884	1	1898
0.474525474525	0.002997002997	3	0.0	0	0.0	0	0.000999000999001	1	1001
0.413056036973	0.00173310225303	3	0.00751010976314	13	0.000577700751011	1	0.0	0	1731
0.511821974965	0.00139082058414	1	0.00556328233658	4	0.0	0	0.0	0	719
0.462544589774	0.00594530321046	5	0.0	0	0.00237812128419	2	0.0	0	841
0.576	0.00533333333333	2	0.0	0	0.00266666666667	1	0.00266666666667	1	375
0.569105691057	0.00813008130081	3	0.00813008130081	3	0.0	0	0.0	0	369
0.478902953586	0.00738396624473	7	0.00105485232068	1	0.00105485232068	1	0.00105485232068	1	948
0.491803278689	0.00351288056206	3	0.0105386416862	9	0.00117096018735	1	0.00117096018735	1	854
0.423529411765	0.00196078431373	2	0.00686274509804	7	0.0	0	0.00196078431373	2	1020
0.5	0.00351288056206	3	0.00117096018735	1	0.0	0	0.0	0	854
0.518232044199	0.00331491712707	3	0.0	0	0.0	0	0.0	0	905
0.550947867299	0.00829383886256	7	0.00118483412322	1	0.0	0	0.0	0	844
0.306603773585	0.00399129172714	11	0.0010885341074	3	0.0	0	0.000362844702467	1	2756
0.501915708812	0.00191570881226	2	0.00095785440613	1	0.0	0	0.0	0	1044
0.554195804196	0.00174825174825	1	0.0	0	0.0	0	0.0	0	572
0.517467248908	0.00109170305677	1	0.00327510917031	3	0.0	0	0.0	0	916
0.485714285714	0.00228571428571	2	0.00342857142857	3	0.0	0	0.0	0	875
0.494186046512	0.0046511627907	4	0.00581395348837	5	0.0	0	0.0	0	860
0.504189944134	0.00837988826816	6	0.00139664804469	1	0.00139664804469	1	0.0	0	716
0.47859922179	0.00389105058366	3	0.00129701686122	1	0.00259403372244	2	0.00129701686122	1	771
0.481651376147	0.0103211009174	9	0.00344036697248	3	0.00114678899083	1	0.00344036697248	3	872
0.522332506203	0.00496277915633	4	0.00248138957816	2	0.0	0	0.0	0	806
0.406005221932	0.00130548302872	3	0.00130548302872	3	0.000870322019147	2	0.0	0	2298
0.427740058196	0.00290979631426	3	0.0126091173618	13	0.0	0	0.0	0	1031
0.519174041298	0.00884955752212	6	0.0117994100295	8	0.00147492625369	1	0.0	0	678
0.554720133668	0.00167084377611	2	0.00167084377611	2	0.0	0	0.0	0	1197
0.381964388283	0.00287191269385	5	0.00459506031017	8	0.00172314761631	3	0.0	0	1741
0.393790044357	0.00344997535732	7	0.00344997535732	7	0.0	0	0.0	0	2029
0.434675431389	0.00164338537387	2	0.0	0	0.000821692686935	1	0.0	0	1217
0.552835051546	0.00257731958763	4	0.000644329896907	1	0.0	0	0.0	0	1552
0.58865248227	0.0	0	0.00354609929078	1	0.00709219858156	2	0.0	0	282
0.462529274005	0.00234192037471	2	0.0	0	0.00234192037471	2	0.00585480093677	5	854
0.518309859155	0.00985915492958	7	0.00140845070423	1	0.0	0	0.00140845070423	1	710
0.468028419183	0.00355239786856	4	0.00266429840142	3	0.00088809946714	1	0.0	0	1126
0.52741774676	0.0	0	0.00299102691924	3	0.000997008973081	1	0.000997008973081	1	1003
0.481215027978	0.000799360511591	1	0.00559552358114	7	0.0	0	0.0	0	1251
0.543316831683	0.00123762376238	1	0.00123762376238	1	0.0049504950495	4	0.0	0	808
0.492350486787	0.0	0	0.0	0	0.0	0	0.00556328233658	4	719
0.497810218978	0.0043795620438	3	0.00729927007299	5	0.0029197080292	2	0.0	0	685
0.432612312812	0.00249584026622	3	0.000831946755408	1	0.0	0	0.0	0	1202
0.44546776539	0.00339311682016	7	0.00193892389724	4	0.0	0	0.000969461948619	2	2063
0.514003294893	0.00658978583196	4	0.0	0	0.0	0	0.0	0	607
0.420175438596	0.0105263157895	12	0.0166666666667	19	0.00175438596491	2	0.0	0	1140
0.5	0.00666666666667	4	0.0166666666667	10	0.0	0	0.0	0	600
0.527896995708	0.0	0	0.0071530758226	5	0.0	0	0.00286123032904	2	699
0.494915254237	0.00225988700565	2	0.0045197740113	4	0.0	0	0.0	0	885
0.518833535844	0.0048602673147	4	0.00121506682868	1	0.0	0	0.0	0	823
0.469589041096	0.00109589041096	2	0.0027397260274	5	0.000547945205479	1	0.0	0	1825
0.595149253731	0.00186567164179	1	0.00373134328358	2	0.0	0	0.0	0	536
0.513119533528	0.0131195335277	9	0.0116618075802	8	0.0	0	0.0	0	686
0.514117647059	0.00470588235294	4	0.00117647058824	1	0.00235294117647	2	0.0	0	850
0.499460625674	0.00215749730313	2	0.00431499460626	4	0.0	0	0.0	0	927
0.576490924806	0.00172860847018	2	0.00172860847018	2	0.0	0	0.0	0	1157
0.518364518365	0.001386001386	2	0.002772002772	4	0.0	0	0.0	0	1443
0.436662606577	0.0	0	0.00304506699147	5	0.0	0	0.0	0	1642
0.574324324324	0.00337837837838	2	0.0	0	0.0	0	0.0	0	592
0.542772861357	0.000983284169125	1	0.0	0	0.0	0	0.00196656833825	2	1017
0.379283489097	0.00272585669782	7	0.0035046728972	9	0.00233644859813	6	0.0	0	2568
0.502096436059	0.0020964360587	2	0.00314465408805	3	0.0	0	0.00104821802935	1	954
0.585062240664	0.00829875518672	2	0.0124481327801	3	0.0	0	0.0	0	241
0.401501766784	0.00353356890459	8	0.00662544169611	15	0.000441696113074	1	0.0	0	2264
0.390977443609	0.00231347599769	4	0.00404858299595	7	0.0	0	0.0	0	1729
0.565104166667	0.00260416666667	2	0.00130208333333	1	0.0	0	0.0	0	768
0.515864892528	0.0	0	0.0	0	0.0	0	0.00102354145343	1	977
0.427370387669	0.00186828584773	4	0.00186828584773	4	0.000467071461934	1	0.0	0	2141
0.521052631579	0.0	0	0.00263157894737	4	0.0	0	0.000657894736842	1	1520
0.473415132924	0.0040899795501	4	0.00204498977505	2	0.00306748466258	3	0.00102249488753	1	978
0.475806451613	0.0151209677419	15	0.00302419354839	3	0.0	0	0.0	0	992
0.461434370771	0.00541271989175	4	0.0	0	0.00270635994587	2	0.00405953991881	3	739
0.343387470998	0.0162412993039	21	0.0030935808198	4	0.0	0	0.0	0	1293
0.451930977814	0.000821692686935	1	0.000821692686935	1	0.00246507806081	3	0.0	0	1217
0.480256663376	0.00197433366239	4	0.00394866732478	8	0.000987166831194	2	0.0	0	2026
0.494884221863	0.0032310177706	6	0.00215401184707	4	0.00107700592353	2	0.0	0	1857
0.490877497828	0.0	0	0.000868809730669	1	0.000868809730669	1	0.0	0	1151
0.433162892622	0.00292184075968	4	0.00073046018992	1	0.0	0	0.0	0	1369
0.479377431907	0.00544747081712	7	0.00311284046693	4	0.0	0	0.0	0	1285
0.48149975333	0.000493339911199	1	0.00394671928959	8	0.0014800197336	3	0.0	0	2027
0.472103004292	0.00286123032904	2	0.0	0	0.0	0	0.0	0	699
0.383565707505	0.00355977454761	12	0.00266983091071	9	0.000296647878968	1	0.0	0	3371
0.53911205074	0.00211416490486	2	0.00211416490486	2	0.00105708245243	1	0.0	0	946
0.388471177945	0.00401002506266	8	0.0015037593985	3	0.00100250626566	2	0.0	0	1995
0.523121387283	0.0014450867052	2	0.0028901734104	4	0.0	0	0.0	0	1384
0.540261527873	0.000688231245699	1	0.00412938747419	6	0.000688231245699	1	0.000688231245699	1	1453
0.529411764706	0.00147058823529	1	0.0	0	0.0	0	0.0	0	680
0.528936742934	0.00134589502019	2	0.00336473755047	5	0.0	0	0.0	0	1486
0.50751653638	0.00180396873121	3	0.00420926037282	7	0.00120264582081	2	0.0	0	1663
0.439692044482	0.00342172797263	4	0.000855431993157	1	0.000855431993157	1	0.0	0	1169
0.539659006672	0.00222386953299	3	0.00296515937732	4	0.000741289844329	1	0.0	0	1349
0.482681564246	0.0	0	0.00111731843575	1	0.00111731843575	1	0.00111731843575	1	895
0.494680851064	0.0	0	0.0	0	0.0	0	0.00132978723404	1	752
0.510887772194	0.0	0	0.0	0	0.0	0	0.0	0	597
0.471622300352	0.00401808136615	8	0.00150678051231	3	0.0	0	0.000502260170768	1	1991
0.539288112827	0.00201477501679	3	0.00335795836132	5	0.000671591672263	1	0.0	0	1489
0.640138408304	0.00692041522491	2	0.0	0	0.0	0	0.0	0	289
0.461794019934	0.00398671096346	6	0.00265780730897	4	0.0	0	0.000664451827243	1	1505
0.510638297872	0.00327332242226	2	0.00327332242226	2	0.0	0	0.00327332242226	2	611
0.487777777778	0.00777777777778	7	0.0	0	0.00222222222222	2	0.00222222222222	2	900
0.341628959276	0.000848416289593	3	0.00282805429864	10	0.000565610859729	2	0.0	0	3536
0.490023942538	0.0023942537909	3	0.00399042298484	5	0.0	0	0.0	0	1253
0.516255605381	0.000560538116592	1	0.000560538116592	1	0.000560538116592	1	0.0	0	1784
0.485815602837	0.0	0	0.00709219858156	6	0.0	0	0.0	0	846
0.506802721088	0.00510204081633	3	0.0102040816327	6	0.0	0	0.0	0	588
0.578294573643	0.0062015503876	4	0.0031007751938	2	0.0	0	0.0	0	645
0.431106471816	0.00939457202505	9	0.0	0	0.00104384133612	1	0.00104384133612	1	958
0.55295735901	0.00137551581843	1	0.00687757909216	5	0.0	0	0.0	0	727
0.481707317073	0.0020325203252	2	0.0030487804878	3	0.0010162601626	1	0.0	0	984
0.560194174757	0.0	0	0.000970873786408	1	0.0	0	0.0	0	1030
0.582802547771	0.0015923566879	1	0.00477707006369	3	0.0	0	0.0	0	628
0.496881496881	0.00623700623701	12	0.00155925155925	3	0.0010395010395	2	0.000519750519751	1	1924
0.508816120907	0.0	0	0.00251889168766	2	0.0	0	0.0	0	794
0.532216494845	0.00257731958763	2	0.0	0	0.0	0	0.0	0	776
0.496316141996	0.0040187541862	6	0.0020093770931	3	0.0	0	0.0	0	1493
0.464406779661	0.0177966101695	21	0.00338983050847	4	0.0	0	0.0	0	1180
0.526485788114	0.00322997416021	5	0.00258397932817	4	0.000645994832041	1	0.0	0	1548
0.537078651685	0.00224719101124	1	0.00224719101124	1	0.0	0	0.0	0	445
0.543352601156	0.00346820809249	3	0.0	0	0.0	0	0.0	0	865
0.412432432432	0.000540540540541	1	0.00486486486486	9	0.000540540540541	1	0.0	0	1850
0.408743169399	0.0016393442623	3	0.00382513661202	7	0.000546448087432	1	0.0	0	1830
0.545961002786	0.00139275766017	1	0.00557103064067	4	0.0	0	0.00139275766017	1	718
0.624390243902	0.00243902439024	1	0.00487804878049	2	0.0	0	0.0	0	410
0.478723404255	0.00354609929078	2	0.00177304964539	1	0.00531914893617	3	0.0	0	564
0.466777408638	0.0	0	0.0	0	0.0	0	0.0	0	1204
0.468208092486	0.0115606936416	12	0.0028901734104	3	0.0	0	0.000963391136802	1	1038
0.456284153005	0.000910746812386	1	0.00819672131148	9	0.0	0	0.0	0	1098
0.546144121365	0.00884955752212	7	0.00252844500632	2	0.0063211125158	5	0.00126422250316	1	791
0.611267605634	0.0	0	0.0	0	0.0140845070423	5	0.0	0	355
0.4407239819	0.00180995475113	2	0.00180995475113	2	0.0	0	0.0	0	1105
0.486308871851	0.0120481927711	11	0.00219058050383	2	0.0	0	0.0065717415115	6	913
0.564225690276	0.0	0	0.00120048019208	1	0.0	0	0.0	0	833
0.493421052632	0.00394736842105	3	0.00263157894737	2	0.0	0	0.00131578947368	1	760
0.581967213115	0.0102459016393	5	0.00409836065574	2	0.0	0	0.0	0	488
0.349576271186	0.0116525423729	22	0.00953389830508	18	0.0010593220339	2	0.0	0	1888
0.484218629715	0.000769822940724	1	0.00615858352579	8	0.000769822940724	1	0.0	0	1299
0.506849315068	0.00210748155954	2	0.00526870389884	5	0.00105374077977	1	0.0	0	949
0.520485584219	0.00151745068285	2	0.0	0	0.0	0	0.0	0	1318
0.353260869565	0.00349378881988	9	0.0042701863354	11	0.00116459627329	3	0.000388198757764	1	2576
0.476151315789	0.0115131578947	14	0.00164473684211	2	0.0	0	0.0	0	1216
0.549242424242	0.0	0	0.0132575757576	7	0.0	0	0.0	0	528
0.495597484277	0.00377358490566	3	0.011320754717	9	0.0	0	0.0	0	795
0.544605809129	0.00103734439834	1	0.00207468879668	2	0.00103734439834	1	0.00103734439834	1	964
0.556213017751	0.00591715976331	3	0.0177514792899	9	0.00197238658777	1	0.0	0	507
0.537067545305	0.00329489291598	2	0.00164744645799	1	0.0	0	0.0	0	607
0.481628599801	0.00297914597815	3	0.000993048659384	1	0.000993048659384	1	0.000993048659384	1	1007
0.253802044378	0.00324108701072	13	0.00149588631264	6	0.00199451508352	8	0.00099725754176	4	4011
0.516788321168	0.0043795620438	3	0.0102189781022	7	0.0029197080292	2	0.0	0	685
0.489318413021	0.00508646998983	5	0.0	0	0.00101729399797	1	0.0	0	983
0.531855955679	0.00277008310249	2	0.00277008310249	2	0.00138504155125	1	0.00277008310249	2	722
0.416436845008	0.003861003861	7	0.00275785990072	5	0.0	0	0.0	0	1813
0.532924961715	0.0	0	0.0	0	0.00153139356815	1	0.0	0	653
0.516853932584	0.0	0	0.0140449438202	10	0.0	0	0.00140449438202	1	712
0.507608695652	0.00434782608696	4	0.00978260869565	9	0.0	0	0.0	0	920
0.492903225806	0.00387096774194	3	0.00387096774194	3	0.0	0	0.0	0	775
0.532345013477	0.00134770889488	1	0.00404312668464	3	0.00673854447439	5	0.0	0	742
0.472286374134	0.0080831408776	7	0.00115473441109	1	0.0	0	0.0	0	866
0.59872611465	0.00212314225053	1	0.00636942675159	3	0.0	0	0.0	0	471
0.481120584653	0.00974421437272	8	0.00487210718636	4	0.0	0	0.0	0	821
0.472502805836	0.00448933782267	4	0.003367003367	3	0.0	0	0.0	0	891
0.409638554217	0.00144578313253	3	0.00192771084337	4	0.000481927710843	1	0.000481927710843	1	2075
0.514822134387	0.00296442687747	3	0.00098814229249	1	0.0	0	0.0	0	1012
0.494212962963	0.00173611111111	3	0.00115740740741	2	0.00115740740741	2	0.0	0	1728
0.461538461538	0.002997002997	3	0.003996003996	4	0.000999000999001	1	0.002997002997	3	1001
0.532835820896	0.0	0	0.00149253731343	1	0.0	0	0.0	0	670
0.439446366782	0.0	0	0.000865051903114	1	0.0	0	0.0	0	1156
0.492476060192	0.00273597811218	2	0.0	0	0.00410396716826	3	0.00273597811218	2	731
0.58244111349	0.00214132762313	1	0.0214132762313	10	0.0	0	0.00428265524625	2	467
0.595174262735	0.0	0	0.0	0	0.0	0	0.00268096514745	1	373
0.308042488619	0.00101163378857	6	0.000505816894284	3	0.0	0	0.000168605631428	1	5931
0.279123414072	0.000576701268743	4	0.000432525951557	3	0.000144175317186	1	0.0	0	6936
0.57421875	0.0078125	4	0.00390625	2	0.001953125	1	0.0	0	512
0.404330312185	0.00100704934542	2	0.00151057401813	3	0.0	0	0.0	0	1986
0.40428677014	0.019955654102	27	0.0	0	0.000739098300074	1	0.00147819660015	2	1353
0.520325203252	0.0	0	0.0	0	0.0	0	0.0	0	615
0.492785793563	0.003884572697	7	0.00443951165372	8	0.00110987791343	2	0.0	0	1802
0.484412470024	0.00479616306954	4	0.0083932853717	7	0.0	0	0.0	0	834
0.541158536585	0.00457317073171	3	0.0015243902439	1	0.0	0	0.0	0	656
0.40442804428	0.00221402214022	3	0.00590405904059	8	0.000738007380074	1	0.0	0	1355
0.437855402112	0.00487408610885	6	0.00243704305443	3	0.00406173842405	5	0.000812347684809	1	1231
0.485611510791	0.00119904076739	1	0.00359712230216	3	0.00359712230216	3	0.00239808153477	2	834
0.534574468085	0.00132978723404	1	0.0	0	0.0	0	0.0	0	752
0.532903225806	0.00645161290323	5	0.0	0	0.00129032258065	1	0.0	0	775
0.526018099548	0.012443438914	11	0.00113122171946	1	0.0	0	0.00113122171946	1	884
0.485411140584	0.0079575596817	6	0.00132625994695	1	0.00132625994695	1	0.00132625994695	1	754
0.48544973545	0.00132275132275	1	0.00529100529101	4	0.00132275132275	1	0.00132275132275	1	756
0.467303453343	0.00955180014695	13	0.00146950771492	2	0.0	0	0.00146950771492	2	1361
0.433088235294	0.00294117647059	4	0.0	0	0.000735294117647	1	0.0	0	1360
0.491461100569	0.00379506641366	4	0.00284629981025	3	0.00569259962049	6	0.000948766603416	1	1054
0.447876447876	0.003861003861	6	0.001287001287	2	0.0	0	0.0	0	1554
0.495854063018	0.00829187396352	10	0.000829187396352	1	0.0	0	0.000829187396352	1	1206
0.540669856459	0.00159489633174	1	0.00797448165869	5	0.0	0	0.0	0	627
0.506878306878	0.00952380952381	9	0.0010582010582	1	0.0	0	0.00740740740741	7	945
0.536067892504	0.001414427157	1	0.0	0	0.0	0	0.0	0	707
0.529107373868	0.00517464424321	4	0.00776196636481	6	0.0012936610608	1	0.0012936610608	1	773
0.557404326123	0.00831946755408	5	0.00665557404326	4	0.0	0	0.0	0	601
0.485981308411	0.00534045393858	4	0.00534045393858	4	0.0	0	0.0	0	749
0.53381294964	0.0	0	0.00431654676259	3	0.00143884892086	1	0.00143884892086	1	695
0.46273830156	0.0051993067591	3	0.00693240901213	4	0.00173310225303	1	0.0	0	577
0.477356181151	0.00244798041616	2	0.0122399020808	10	0.00244798041616	2	0.0	0	817
0.573913043478	0.00144927536232	1	0.00289855072464	2	0.00289855072464	2	0.0	0	690
0.481843575419	0.000698324022346	1	0.00628491620112	9	0.000698324022346	1	0.0	0	1432
0.483720930233	0.00279069767442	3	0.00279069767442	3	0.0	0	0.0	0	1075
0.675572519084	0.0	0	0.00381679389313	1	0.0	0	0.00381679389313	1	262
0.470104974897	0.000456412596988	1	0.0	0	0.000456412596988	1	0.0	0	2191
0.364470842333	0.00323974082073	6	0.00323974082073	6	0.0	0	0.0	0	1852
0.418924922257	0.00177698800533	4	0.00177698800533	4	0.000444247001333	1	0.0	0	2251
0.497788697789	0.000982800982801	2	0.002457002457	5	0.0004914004914	1	0.0	0	2035
0.46963562753	0.00134952766532	1	0.00269905533063	2	0.00134952766532	1	0.0	0	741
0.489795918367	0.00120048019208	1	0.00360144057623	3	0.0	0	0.0	0	833
0.475737392959	0.000951474785918	1	0.000951474785918	1	0.0	0	0.0	0	1051
0.495128939828	0.000573065902579	1	0.00458452722063	8	0.00286532951289	5	0.000573065902579	1	1745
0.509684560044	0.00332042058661	6	0.00387382401771	7	0.000553403431101	1	0.0	0	1807
0.413793103448	0.00147783251232	3	0.0	0	0.000492610837438	1	0.000492610837438	1	2030
0.557165861514	0.0	0	0.00402576489533	5	0.000805152979066	1	0.0	0	1242
0.453133985049	0.00115008625647	2	0.0	0	0.0	0	0.0	0	1739
0.479387514723	0.00235571260306	2	0.00117785630153	1	0.00353356890459	3	0.0	0	849
0.572759856631	0.00286738351254	4	0.00215053763441	3	0.000716845878136	1	0.0	0	1395
0.5303514377	0.00159744408946	1	0.0	0	0.0	0	0.0	0	626
0.409416581372	0.00102354145343	1	0.00102354145343	1	0.0	0	0.00102354145343	1	977
0.527210884354	0.00113378684807	1	0.00226757369615	2	0.0	0	0.0	0	882
0.488793103448	0.00344827586207	4	0.00344827586207	4	0.00344827586207	4	0.000862068965517	1	1160
0.486068111455	0.0	0	0.0	0	0.0015479876161	1	0.0	0	646
0.512994350282	0.00169491525424	3	0.00282485875706	5	0.0	0	0.0	0	1770
0.456790123457	0.00102880658436	1	0.00308641975309	3	0.00205761316872	2	0.0	0	972
0.509001636661	0.00218221494817	4	0.00272776868522	5	0.0	0	0.0	0	1833
0.51676300578	0.00693641618497	6	0.00115606936416	1	0.00115606936416	1	0.0	0	865
0.514112903226	0.00100806451613	1	0.0	0	0.00100806451613	1	0.00100806451613	1	992
0.390266299357	0.00229568411387	5	0.00229568411387	5	0.0	0	0.0	0	2178
0.608988764045	0.0	0	0.00224719101124	1	0.0	0	0.00224719101124	1	445
0.473273942094	0.00556792873051	5	0.00445434298441	4	0.0	0	0.0	0	898
0.504	0.00533333333333	4	0.02	15	0.00133333333333	1	0.0	0	750
0.497993981946	0.000501504513541	1	0.00100300902708	2	0.00100300902708	2	0.000501504513541	1	1994
0.54303030303	0.00484848484848	4	0.00121212121212	1	0.0	0	0.0	0	825
0.561128526646	0.00156739811912	1	0.00156739811912	1	0.0	0	0.0	0	638
0.42827784628	0.00164406083025	4	0.00164406083025	4	0.0	0	0.0	0	2433
0.479532163743	0.0116959064327	8	0.00146198830409	1	0.0	0	0.0	0	684
0.446654611212	0.00180831826401	3	0.00301386377336	5	0.000602772754671	1	0.0	0	1659
0.476086956522	0.00326086956522	3	0.00108695652174	1	0.0	0	0.0	0	920
0.441287878788	0.00315656565657	5	0.00189393939394	3	0.0	0	0.0	0	1584
0.444636678201	0.0060553633218	7	0.00173010380623	2	0.0	0	0.0	0	1156
0.522597071929	0.004455760662	7	0.00509229789943	8	0.000636537237428	1	0.0	0	1571
0.508910891089	0.0026402640264	4	0.0026402640264	4	0.000660066006601	1	0.0	0	1515
0.372133275638	0.00173085244483	4	0.00173085244483	4	0.000432713111207	1	0.000432713111207	1	2311
0.460784313725	0.00326797385621	3	0.00653594771242	6	0.0	0	0.0	0	918
0.453854505972	0.00542888165038	5	0.00542888165038	5	0.00325732899023	3	0.00217155266015	2	921
0.465277777778	0.000868055555556	1	0.00260416666667	3	0.00173611111111	2	0.00173611111111	2	1152
0.464661654135	0.00300751879699	2	0.0015037593985	1	0.0015037593985	1	0.0	0	665
0.478504672897	0.000934579439252	1	0.0	0	0.0	0	0.0	0	1070
0.529307282416	0.0	0	0.00177619893428	2	0.0	0	0.0	0	1126
0.438997821351	0.0	0	0.00272331154684	5	0.0	0	0.0016339869281	3	1836
0.507471980075	0.000622665006227	1	0.00311332503113	5	0.000622665006227	1	0.0	0	1606
0.491035280509	0.000578368999422	1	0.00289184499711	5	0.0	0	0.0	0	1729
0.63025210084	0.0	0	0.00420168067227	1	0.0	0	0.0	0	238
0.519379844961	0.00516795865633	6	0.0	0	0.0	0	0.000861326442722	1	1161
0.549344978166	0.0061135371179	7	0.000873362445415	1	0.0	0	0.0	0	1145
0.514348785872	0.0	0	0.00220750551876	2	0.0	0	0.00110375275938	1	906
0.454413892909	0.00868306801737	6	0.00144717800289	1	0.0	0	0.0	0	691
0.363937138131	0.00165425971878	2	0.00827129859388	10	0.000827129859388	1	0.0	0	1209
0.567430025445	0.0101781170483	4	0.00254452926209	1	0.0	0	0.0	0	393
0.496010638298	0.00265957446809	2	0.00132978723404	1	0.0	0	0.0	0	752
0.427698574338	0.0	0	0.0020366598778	2	0.0	0	0.0010183299389	1	982
0.498117942284	0.00250941028858	2	0.00125470514429	1	0.0	0	0.00125470514429	1	797
0.599571734475	0.00214132762313	1	0.0	0	0.0	0	0.00214132762313	1	467
0.521393034826	0.000995024875622	1	0.000995024875622	1	0.0	0	0.0	0	1005
0.555803571429	0.0	0	0.0	0	0.0	0	0.0	0	896
0.503619441572	0.00310237849018	3	0.0	0	0.00103412616339	1	0.0	0	967
0.504978662873	0.00568990042674	4	0.0	0	0.0	0	0.0	0	703
0.45201793722	0.0	0	0.000896860986547	1	0.0	0	0.0	0	1115
0.401349072513	0.00758853288364	9	0.0	0	0.000843170320405	1	0.0	0	1186
0.503791982665	0.00758396533044	7	0.00108342361863	1	0.0	0	0.0	0	923
0.496842105263	0.00631578947368	6	0.00210526315789	2	0.00105263157895	1	0.0	0	950
0.493710691824	0.00314465408805	2	0.0	0	0.00314465408805	2	0.0	0	636
0.503972758229	0.0	0	0.0	0	0.0	0	0.0	0	881
0.501457725948	0.00145772594752	1	0.00145772594752	1	0.0	0	0.0	0	686
