0.842519685039	0.0	0	0.0	0	0.0	0	0.0	0	127
0.621513944223	0.0	0	0.0	0	0.00398406374502	1	0.0	0	251
0.533146067416	0.000561797752809	1	0.00112359550562	2	0.000561797752809	1	0.0	0	1780
0.520080321285	0.0	0	0.00401606425703	2	0.0	0	0.0	0	498
0.571052631579	0.0	0	0.00789473684211	3	0.00263157894737	1	0.0	0	380
0.592741935484	0.0	0	0.00604838709677	3	0.0	0	0.0	0	496
0.620817843866	0.00743494423792	2	0.00743494423792	2	0.0	0	0.0	0	269
0.76582278481	0.00632911392405	1	0.00632911392405	1	0.0	0	0.0	0	158
0.662393162393	0.0	0	0.0	0	0.0	0	0.0	0	234
0.533665835411	0.00374064837905	3	0.00124688279302	1	0.00124688279302	1	0.0	0	802
0.560563380282	0.0	0	0.0056338028169	2	0.0	0	0.0	0	355
0.712328767123	0.00684931506849	1	0.0	0	0.0	0	0.0	0	146
0.582554517134	0.0	0	0.00623052959502	2	0.0	0	0.00311526479751	1	321
0.607798165138	0.0	0	0.00229357798165	1	0.0	0	0.0	0	436
0.459901800327	0.00327332242226	2	0.00327332242226	2	0.00327332242226	2	0.0	0	611
0.7125	0.0	0	0.0	0	0.0	0	0.0	0	160
0.550264550265	0.00529100529101	2	0.0	0	0.0	0	0.0	0	378
0.546610169492	0.0021186440678	1	0.0	0	0.0021186440678	1	0.0	0	472
0.498233215548	0.0017667844523	1	0.00530035335689	3	0.0017667844523	1	0.0	0	566
0.516819571865	0.0	0	0.00152905198777	1	0.0	0	0.0	0	654
0.533665835411	0.00374064837905	3	0.00124688279302	1	0.00124688279302	1	0.0	0	802
0.682926829268	0.0	0	0.00487804878049	1	0.0	0	0.0	0	205
0.589965397924	0.0	0	0.00173010380623	1	0.0	0	0.00173010380623	1	578
0.734513274336	0.00884955752212	1	0.0	0	0.0	0	0.0	0	113
0.742857142857	0.0047619047619	1	0.0	0	0.0047619047619	1	0.0	0	210
0.41404805915	0.00462107208872	5	0.00554528650647	6	0.0	0	0.0	0	1082
0.734513274336	0.00884955752212	1	0.0	0	0.0	0	0.0	0	113
0.558086560364	0.0	0	0.00227790432802	1	0.0	0	0.0	0	439
0.670391061453	0.00279329608939	1	0.0	0	0.00279329608939	1	0.0	0	358
0.615384615385	0.0	0	0.00307692307692	1	0.0	0	0.0	0	325
0.311572700297	0.003815175922	18	0.000847816871556	4	0.0	0	0.0	0	4718
0.535353535354	0.0	0	0.003367003367	2	0.00673400673401	4	0.0	0	594
0.410299003322	0.00913621262458	11	0.00249169435216	3	0.000830564784053	1	0.0	0	1204
0.394622093023	0.00145348837209	2	0.00581395348837	8	0.0	0	0.000726744186047	1	1376
0.718367346939	0.0	0	0.0	0	0.0	0	0.0	0	245
0.571090047393	0.00236966824645	1	0.0	0	0.0	0	0.0	0	422
0.548098434004	0.0	0	0.00223713646532	1	0.0	0	0.0	0	447
0.490043710539	0.000485672656629	1	0.00291403593978	6	0.000485672656629	1	0.000485672656629	1	2059
0.698039215686	0.00392156862745	1	0.0	0	0.0	0	0.0	0	255
0.458722741433	0.0	0	0.00233644859813	3	0.0	0	0.0	0	1284
0.536036036036	0.0045045045045	2	0.0	0	0.0	0	0.0	0	444
0.625	0.0	0	0.0113636363636	3	0.00378787878788	1	0.0	0	264
0.564755838641	0.00424628450106	2	0.0	0	0.0	0	0.0	0	471
0.677852348993	0.00671140939597	1	0.0	0	0.0	0	0.0	0	149
0.664835164835	0.010989010989	2	0.0	0	0.0	0	0.0	0	182
0.578171091445	0.00589970501475	2	0.0117994100295	4	0.0	0	0.00294985250737	1	339
0.591792656587	0.00647948164147	3	0.00215982721382	1	0.0	0	0.0	0	463
0.677165354331	0.0	0	0.0	0	0.0	0	0.0	0	254
0.767857142857	0.00892857142857	1	0.0	0	0.0	0	0.0	0	112
0.677165354331	0.0	0	0.0	0	0.0	0	0.0	0	254
0.787037037037	0.00925925925926	1	0.0	0	0.00925925925926	1	0.0	0	108
0.585227272727	0.00284090909091	1	0.0	0	0.0	0	0.0	0	352
0.680272108844	0.0	0	0.00680272108844	1	0.0	0	0.0	0	147
0.440693858415	0.0028129395218	6	0.00187529301453	4	0.000468823253633	1	0.000937646507267	2	2133
0.459980713597	0.00192864030858	2	0.00867888138862	9	0.0	0	0.0	0	1037
0.674698795181	0.00401606425703	1	0.00401606425703	1	0.0	0	0.0	0	249
0.539877300613	0.00306748466258	1	0.00306748466258	1	0.00306748466258	1	0.0	0	326
0.569863013699	0.0191780821918	7	0.0027397260274	1	0.0	0	0.0	0	365
0.63523573201	0.00248138957816	1	0.00744416873449	3	0.00248138957816	1	0.0	0	403
0.674825174825	0.0	0	0.0034965034965	1	0.0	0	0.0	0	286
0.549738219895	0.00261780104712	1	0.00785340314136	3	0.0	0	0.0	0	382
0.638961038961	0.0	0	0.0025974025974	1	0.0025974025974	1	0.0	0	385
0.518573551263	0.0	0	0.0	0	0.0	0	0.0	0	673
0.573770491803	0.0	0	0.0	0	0.00273224043716	1	0.00273224043716	1	366
0.662790697674	0.0	0	0.0	0	0.0	0	0.0	0	172
0.770992366412	0.0	0	0.0	0	0.0	0	0.0	0	131
0.592079207921	0.0019801980198	1	0.0	0	0.0	0	0.0	0	505
0.733990147783	0.00492610837438	1	0.0	0	0.0	0	0.0	0	203
0.706666666667	0.0	0	0.0	0	0.0	0	0.0	0	225
0.694915254237	0.0	0	0.0	0	0.0	0	0.0	0	236
0.703703703704	0.0	0	0.0	0	0.0	0	0.0	0	243
0.583969465649	0.0	0	0.0	0	0.0	0	0.0	0	262
0.564748201439	0.00179856115108	1	0.0	0	0.00359712230216	2	0.0	0	556
0.789473684211	0.0	0	0.0	0	0.0	0	0.0	0	76
0.585271317829	0.0077519379845	2	0.0	0	0.0	0	0.0	0	258
0.784722222222	0.0	0	0.0	0	0.0138888888889	2	0.0	0	144
0.558739255014	0.0	0	0.0	0	0.0	0	0.0	0	349
0.581967213115	0.00273224043716	1	0.0	0	0.0	0	0.0	0	366
0.524752475248	0.0	0	0.0	0	0.0	0	0.0	0	303
0.80612244898	0.0	0	0.0	0	0.0	0	0.0	0	98
0.603389830508	0.0	0	0.00338983050847	1	0.0	0	0.0	0	295
0.746268656716	0.0	0	0.0	0	0.0	0	0.0	0	134
0.717741935484	0.0	0	0.0	0	0.0	0	0.0	0	248
0.601713062099	0.00214132762313	1	0.0	0	0.0	0	0.0	0	467
0.682926829268	0.0	0	0.0	0	0.0	0	0.0	0	123
0.490952955368	0.0	0	0.00603136308806	5	0.00120627261761	1	0.0	0	829
0.636363636364	0.0	0	0.00717703349282	3	0.0	0	0.0	0	418
0.642570281124	0.0	0	0.0	0	0.0	0	0.0	0	249
0.629392971246	0.0	0	0.0	0	0.0	0	0.0	0	313
0.551587301587	0.0	0	0.0	0	0.0	0	0.0	0	252
0.598746081505	0.0	0	0.0	0	0.0	0	0.0	0	319
0.57855361596	0.0	0	0.00249376558603	1	0.00249376558603	1	0.0	0	401
0.824074074074	0.0	0	0.0	0	0.0	0	0.0	0	108
0.7625	0.0	0	0.0125	1	0.0	0	0.0	0	80
0.628140703518	0.00753768844221	3	0.0	0	0.00251256281407	1	0.00251256281407	1	398
0.512422360248	0.00465838509317	3	0.00310559006211	2	0.00621118012422	4	0.0	0	644
0.56711409396	0.0234899328859	7	0.0	0	0.0	0	0.0	0	298
0.686666666667	0.00666666666667	1	0.0	0	0.0	0	0.0	0	150
0.658653846154	0.0	0	0.0	0	0.0	0	0.0	0	208
0.520220588235	0.00551470588235	3	0.0	0	0.0	0	0.0	0	544
0.557734204793	0.0	0	0.00217864923747	1	0.0	0	0.0	0	459
0.575949367089	0.00210970464135	1	0.0105485232068	5	0.00210970464135	1	0.0	0	474
0.668202764977	0.0	0	0.00460829493088	1	0.0	0	0.0	0	217
0.626038781163	0.0	0	0.0	0	0.0	0	0.0	0	361
0.610759493671	0.0	0	0.0	0	0.00316455696203	1	0.0	0	316
0.661596958175	0.0	0	0.0	0	0.0	0	0.0	0	263
0.574112734864	0.00417536534447	2	0.0	0	0.0	0	0.0	0	479
0.638888888889	0.0	0	0.0	0	0.0	0	0.0	0	252
0.647435897436	0.0	0	0.00641025641026	1	0.0	0	0.0	0	156
0.558139534884	0.00845665961945	4	0.0	0	0.0	0	0.00211416490486	1	473
0.618101545254	0.0	0	0.00883002207506	4	0.00220750551876	1	0.0	0	453
0.636363636364	0.00699300699301	2	0.0034965034965	1	0.0	0	0.0	0	286
0.596977329975	0.00503778337531	2	0.00251889168766	1	0.0	0	0.0	0	397
0.6875	0.00446428571429	1	0.0	0	0.0	0	0.0	0	224
0.687258687259	0.003861003861	1	0.0	0	0.003861003861	1	0.0	0	259
0.63981042654	0.0	0	0.00473933649289	1	0.0	0	0.0	0	211
0.660714285714	0.0	0	0.0	0	0.0	0	0.00255102040816	1	392
0.459134615385	0.00240384615385	2	0.00120192307692	1	0.00120192307692	1	0.0	0	832
0.583180987203	0.0	0	0.0036563071298	2	0.0036563071298	2	0.0036563071298	2	547
0.661111111111	0.0	0	0.0	0	0.0	0	0.0	0	180
0.664473684211	0.0	0	0.00657894736842	1	0.0	0	0.0	0	152
0.582245430809	0.0	0	0.0	0	0.0	0	0.0	0	383
0.649546827795	0.00151057401813	1	0.00151057401813	1	0.0	0	0.0	0	662
0.557480314961	0.0	0	0.00157480314961	1	0.0	0	0.0	0	635
0.666666666667	0.00320512820513	1	0.0	0	0.0	0	0.0	0	312
0.553246753247	0.0103896103896	4	0.0	0	0.0	0	0.0	0	385
0.682080924855	0.0	0	0.0	0	0.0	0	0.0	0	173
0.543933054393	0.0	0	0.00209205020921	1	0.0	0	0.0	0	478
0.57358490566	0.00754716981132	2	0.0	0	0.0	0	0.0	0	265
0.704697986577	0.0	0	0.0	0	0.00671140939597	1	0.0	0	149
0.909090909091	0.0	0	0.0	0	0.0	0	0.0	0	33
0.645714285714	0.00857142857143	3	0.0	0	0.00285714285714	1	0.0	0	350
0.648535564854	0.00418410041841	1	0.0	0	0.0	0	0.0	0	239
0.694174757282	0.0	0	0.00485436893204	1	0.0	0	0.0	0	206
0.60487804878	0.0	0	0.0	0	0.0	0	0.0	0	205
0.803278688525	0.0	0	0.0	0	0.0	0	0.0	0	122
0.621399176955	0.0	0	0.0123456790123	3	0.0	0	0.0	0	243
0.741721854305	0.00662251655629	1	0.0	0	0.0	0	0.0	0	151
0.650442477876	0.00442477876106	1	0.0	0	0.0	0	0.0	0	226
0.736111111111	0.0	0	0.0	0	0.0	0	0.0	0	72
0.627450980392	0.0	0	0.0	0	0.0	0	0.0	0	306
0.646706586826	0.0059880239521	2	0.0	0	0.0	0	0.0	0	334
0.711206896552	0.0	0	0.0	0	0.0	0	0.0	0	232
0.578431372549	0.0	0	0.0	0	0.0	0	0.0	0	510
0.664772727273	0.0113636363636	2	0.0	0	0.0	0	0.0	0	176
0.678260869565	0.00434782608696	1	0.0	0	0.0	0	0.0	0	230
0.566990291262	0.00776699029126	4	0.00194174757282	1	0.0	0	0.00194174757282	1	515
0.652892561983	0.0	0	0.00275482093664	1	0.0	0	0.0	0	363
0.867647058824	0.00735294117647	1	0.0	0	0.0	0	0.0	0	136
0.691176470588	0.0	0	0.0	0	0.0	0	0.0	0	204
0.693069306931	0.0049504950495	1	0.00990099009901	2	0.0	0	0.0	0	202
0.70325203252	0.0	0	0.0	0	0.0	0	0.0	0	246
0.617424242424	0.0	0	0.0	0	0.0	0	0.0	0	264
0.647286821705	0.0	0	0.00387596899225	1	0.0	0	0.0	0	258
0.740963855422	0.0120481927711	2	0.00602409638554	1	0.0	0	0.0	0	166
0.662921348315	0.0	0	0.00561797752809	1	0.0	0	0.0	0	178
0.687969924812	0.0	0	0.0	0	0.0	0	0.0	0	266
0.650385604113	0.0025706940874	1	0.0025706940874	1	0.00514138817481	2	0.0	0	389
0.583569405099	0.0028328611898	1	0.0056657223796	2	0.0	0	0.0	0	353
0.538235294118	0.0	0	0.00294117647059	1	0.0	0	0.0	0	340
0.717514124294	0.0	0	0.0	0	0.0	0	0.0	0	177
0.75	0.0	0	0.0	0	0.0	0	0.0	0	92
0.689075630252	0.00420168067227	1	0.00420168067227	1	0.0	0	0.0	0	238
0.630769230769	0.0	0	0.00384615384615	1	0.0	0	0.0	0	260
0.635135135135	0.00900900900901	2	0.0	0	0.0	0	0.0	0	222
0.504322766571	0.0	0	0.0	0	0.0014409221902	1	0.0	0	694
0.586894586895	0.019943019943	7	0.002849002849	1	0.0	0	0.0	0	351
0.564814814815	0.00555555555556	3	0.00740740740741	4	0.0	0	0.0	0	540
0.780701754386	0.0	0	0.0	0	0.0	0	0.0	0	114
0.530693069307	0.0039603960396	2	0.0019801980198	1	0.0	0	0.0	0	505
0.648936170213	0.0	0	0.00531914893617	2	0.0	0	0.0	0	376
0.670833333333	0.0	0	0.0	0	0.00416666666667	1	0.0	0	240
0.715189873418	0.0	0	0.0126582278481	2	0.0	0	0.0	0	158
0.571065989848	0.0	0	0.0	0	0.0	0	0.00253807106599	1	394
0.591836734694	0.00291545189504	1	0.0116618075802	4	0.00291545189504	1	0.0	0	343
0.639830508475	0.00847457627119	2	0.0	0	0.0	0	0.00423728813559	1	236
0.585055643879	0.00158982511924	1	0.0	0	0.00158982511924	1	0.0	0	629
0.63679245283	0.0	0	0.00471698113208	1	0.0	0	0.0	0	212
0.58310626703	0.00272479564033	1	0.00272479564033	1	0.0	0	0.0	0	367
0.631578947368	0.0	0	0.00277008310249	1	0.0	0	0.00277008310249	1	361
0.57358490566	0.00754716981132	2	0.0	0	0.0	0	0.0	0	265
0.514863258026	0.00118906064209	1	0.00237812128419	2	0.00118906064209	1	0.0	0	841
0.628048780488	0.0	0	0.0	0	0.0	0	0.0	0	164
0.490706319703	0.0	0	0.00557620817844	3	0.00557620817844	3	0.0	0	538
0.66091954023	0.0	0	0.0	0	0.0	0	0.0	0	174
0.597647058824	0.0	0	0.00235294117647	1	0.0	0	0.0	0	425
0.675471698113	0.0	0	0.0	0	0.0	0	0.0	0	265
0.531413612565	0.0104712041885	4	0.0	0	0.00261780104712	1	0.00523560209424	2	382
0.733333333333	0.0	0	0.0	0	0.0	0	0.0	0	135
0.535050071531	0.00143061516452	1	0.00143061516452	1	0.0	0	0.0	0	699
0.6015625	0.0	0	0.0	0	0.0	0	0.0	0	256
0.58981233244	0.0	0	0.0	0	0.0	0	0.0	0	373
0.634615384615	0.00480769230769	1	0.00961538461538	2	0.0	0	0.0	0	208
0.58981233244	0.0	0	0.0	0	0.0	0	0.0	0	373
0.587020648968	0.00589970501475	2	0.00884955752212	3	0.0	0	0.0	0	339
0.582089552239	0.0089552238806	3	0.00597014925373	2	0.00298507462687	1	0.0	0	335
0.541108986616	0.0019120458891	1	0.0152963671128	8	0.0	0	0.0	0	523
0.552364864865	0.0	0	0.00168918918919	1	0.0	0	0.0	0	592
0.611295681063	0.0	0	0.0	0	0.00332225913621	1	0.0	0	301
0.557251908397	0.00254452926209	2	0.00127226463104	1	0.0	0	0.0	0	786
0.647540983607	0.0	0	0.0	0	0.0	0	0.0	0	244
0.798913043478	0.0	0	0.0	0	0.0	0	0.0	0	184
0.618181818182	0.0	0	0.0	0	0.0	0	0.0	0	385
0.528746465598	0.00377002827521	4	0.00282752120641	3	0.0	0	0.0	0	1061
0.575	0.00357142857143	2	0.0214285714286	12	0.00178571428571	1	0.0	0	560
0.647540983607	0.0	0	0.0	0	0.0	0	0.0	0	244
0.46028708134	0.0114832535885	12	0.00191387559809	2	0.0	0	0.0	0	1045
0.777777777778	0.0	0	0.0	0	0.0	0	0.0	0	90
0.611825192802	0.0	0	0.0	0	0.0025706940874	1	0.0	0	389
0.606060606061	0.0030303030303	1	0.00909090909091	3	0.0	0	0.0	0	330
0.590759075908	0.003300330033	1	0.0	0	0.0	0	0.0	0	303
0.566315789474	0.00210526315789	1	0.0	0	0.0	0	0.0	0	475
0.581395348837	0.00332225913621	1	0.0	0	0.00332225913621	1	0.0	0	301
0.592672413793	0.0	0	0.0	0	0.0	0	0.00215517241379	1	464
0.586797066015	0.00244498777506	1	0.0	0	0.0	0	0.0	0	409
0.455837563452	0.00406091370558	4	0.0	0	0.0	0	0.0	0	985
0.673228346457	0.00393700787402	1	0.00393700787402	1	0.0	0	0.0	0	254
0.518817204301	0.00134408602151	1	0.00403225806452	3	0.0	0	0.0	0	744
0.661538461538	0.0	0	0.0	0	0.0	0	0.0	0	260
0.56374501992	0.00199203187251	1	0.0	0	0.0	0	0.0	0	502
0.674528301887	0.0	0	0.0	0	0.0	0	0.0	0	212
0.63687150838	0.0	0	0.00279329608939	1	0.00279329608939	1	0.0	0	358
0.647286821705	0.0	0	0.0	0	0.0	0	0.0	0	258
0.644808743169	0.0	0	0.0	0	0.0	0	0.0	0	183
0.567676767677	0.00808080808081	4	0.0161616161616	8	0.0020202020202	1	0.0	0	495
0.673366834171	0.0100502512563	2	0.0	0	0.0	0	0.0	0	199
0.560578661844	0.0	0	0.0	0	0.0	0	0.00180831826401	1	553
0.628440366972	0.0045871559633	2	0.00229357798165	1	0.00229357798165	1	0.0	0	436
0.43328100471	0.00313971742543	6	0.000523286237572	1	0.0	0	0.0	0	1911
0.538261997406	0.00129701686122	1	0.00129701686122	1	0.00129701686122	1	0.0	0	771
0.694444444444	0.0	0	0.0	0	0.0	0	0.0	0	252
0.677824267782	0.0	0	0.0	0	0.0	0	0.0	0	239
0.52738336714	0.0	0	0.0	0	0.0	0	0.0	0	493
0.639423076923	0.0	0	0.0	0	0.0	0	0.0	0	208
0.532258064516	0.00230414746544	1	0.0	0	0.0	0	0.0	0	434
0.751677852349	0.0	0	0.0	0	0.0	0	0.00671140939597	1	149
0.682403433476	0.00429184549356	1	0.0	0	0.0	0	0.0	0	233
0.621276595745	0.0	0	0.00425531914894	1	0.0	0	0.0	0	235
0.621026894866	0.00733496332518	3	0.0	0	0.0	0	0.0	0	409
0.731543624161	0.0	0	0.0	0	0.0	0	0.0	0	149
0.618644067797	0.00423728813559	1	0.0	0	0.0	0	0.0	0	236
0.575221238938	0.0	0	0.0132743362832	3	0.0	0	0.0	0	226
0.600638977636	0.00319488817891	1	0.0191693290735	6	0.00319488817891	1	0.0	0	313
0.813953488372	0.0	0	0.0	0	0.0	0	0.0	0	86
0.513888888889	0.00757575757576	6	0.00252525252525	2	0.0	0	0.0	0	792
0.711267605634	0.0140845070423	2	0.0211267605634	3	0.0	0	0.0	0	142
0.588888888889	0.0	0	0.0	0	0.0	0	0.0	0	360
0.704663212435	0.0	0	0.0	0	0.00518134715026	1	0.0	0	193
0.574774774775	0.00540540540541	3	0.0	0	0.0	0	0.0	0	555
0.488448844884	0.0	0	0.0016501650165	1	0.0	0	0.0016501650165	1	606
0.588888888889	0.0111111111111	3	0.0	0	0.0	0	0.0	0	270
0.560640732265	0.0	0	0.00686498855835	3	0.0	0	0.0045766590389	2	437
0.565934065934	0.0	0	0.0	0	0.0	0	0.0	0	364
0.746753246753	0.0	0	0.0	0	0.0	0	0.0	0	154
0.70202020202	0.0	0	0.0	0	0.0	0	0.0	0	198
0.689473684211	0.0	0	0.0105263157895	2	0.0	0	0.0	0	190
0.604863221884	0.0	0	0.00607902735562	2	0.0	0	0.0	0	329
0.615384615385	0.0115384615385	3	0.00384615384615	1	0.0	0	0.0	0	260
0.72	0.0	0	0.0	0	0.0	0	0.008	1	125
0.515439429929	0.0	0	0.00475059382423	2	0.0	0	0.0	0	421
0.623376623377	0.004329004329	1	0.0	0	0.0	0	0.0	0	231
0.697674418605	0.0046511627907	1	0.0	0	0.0	0	0.0	0	215
0.598130841121	0.00467289719626	1	0.0	0	0.0	0	0.0	0	214
0.714285714286	0.0	0	0.0	0	0.0	0	0.0	0	126
0.547619047619	0.00420168067227	3	0.00140056022409	1	0.0	0	0.0	0	714
0.635514018692	0.0	0	0.00467289719626	1	0.0	0	0.0	0	214
0.564179104478	0.0	0	0.0	0	0.0	0	0.0	0	335
0.76875	0.0	0	0.0	0	0.0	0	0.0	0	160
0.631578947368	0.0	0	0.0	0	0.0	0	0.0	0	171
0.657718120805	0.0	0	0.0	0	0.0	0	0.0	0	149
0.546762589928	0.00719424460432	3	0.00719424460432	3	0.0	0	0.0	0	417
0.68345323741	0.0107913669065	3	0.00359712230216	1	0.0	0	0.0	0	278
0.558375634518	0.00253807106599	1	0.0	0	0.00507614213198	2	0.0	0	394
0.634146341463	0.00348432055749	1	0.0	0	0.0	0	0.0	0	287
0.628342245989	0.00534759358289	2	0.0	0	0.0	0	0.00267379679144	1	374
0.495378927911	0.00184842883549	1	0.00924214417745	5	0.0	0	0.0	0	541
0.587692307692	0.00923076923077	3	0.0	0	0.0	0	0.0	0	325
0.637860082305	0.0	0	0.0	0	0.00411522633745	1	0.0	0	243
0.503546099291	0.00283687943262	2	0.00283687943262	2	0.0	0	0.0	0	705
0.562264150943	0.0	0	0.0	0	0.00377358490566	1	0.0	0	265
0.560578661844	0.00180831826401	1	0.0	0	0.0	0	0.0	0	553
0.708920187793	0.00469483568075	1	0.0	0	0.0	0	0.0	0	213
0.556640625	0.001953125	2	0.0009765625	1	0.0	0	0.0009765625	1	1024
0.545842217484	0.00426439232409	2	0.00639658848614	3	0.0	0	0.00213219616205	1	469
0.640306122449	0.00255102040816	1	0.00510204081633	2	0.0	0	0.0	0	392
0.624489795918	0.0	0	0.0	0	0.0	0	0.0	0	245
0.650519031142	0.0	0	0.00346020761246	1	0.00346020761246	1	0.0	0	289
0.534246575342	0.00821917808219	3	0.0	0	0.0	0	0.0	0	365
0.590804597701	0.0	0	0.0	0	0.00229885057471	1	0.0	0	435
0.497916666667	0.00208333333333	1	0.00625	3	0.00416666666667	2	0.0	0	480
0.497645211931	0.00470957613815	3	0.00627943485086	4	0.00156985871272	1	0.0	0	637
0.7	0.0	0	0.0	0	0.0	0	0.0	0	140
0.75	0.0	0	0.0	0	0.0	0	0.0	0	116
0.541935483871	0.0	0	0.0	0	0.0	0	0.0	0	310
0.605177993528	0.0	0	0.0	0	0.00323624595469	1	0.0	0	309
0.378778135048	0.00064308681672	2	0.00257234726688	8	0.0016077170418	5	0.0	0	3110
0.922330097087	0.0	0	0.0	0	0.0	0	0.0	0	103
0.704225352113	0.0	0	0.0140845070423	2	0.0	0	0.00704225352113	1	142
0.712	0.0	0	0.0	0	0.0	0	0.0	0	125
0.468562874251	0.0	0	0.00449101796407	3	0.0	0	0.0	0	668
0.605381165919	0.0	0	0.0	0	0.0	0	0.0	0	223
0.658653846154	0.0	0	0.00480769230769	1	0.0	0	0.0	0	208
0.579234972678	0.00273224043716	1	0.0	0	0.0	0	0.0	0	366
0.541935483871	0.0	0	0.0	0	0.0	0	0.0	0	310
0.796610169492	0.0	0	0.0	0	0.0	0	0.0	0	59
0.732558139535	0.0	0	0.0	0	0.0	0	0.0	0	172
0.468562874251	0.0	0	0.00449101796407	3	0.0	0	0.0	0	668
0.595015576324	0.0	0	0.00311526479751	1	0.00311526479751	1	0.0	0	321
0.551401869159	0.0140186915888	6	0.0	0	0.00233644859813	1	0.0	0	428
0.635555555556	0.0133333333333	3	0.0	0	0.0	0	0.00444444444444	1	225
0.596923076923	0.00615384615385	2	0.00615384615385	2	0.0	0	0.0	0	325
0.667820069204	0.0103806228374	3	0.0	0	0.0	0	0.0	0	289
0.681034482759	0.00431034482759	1	0.0	0	0.0	0	0.0	0	232
0.680497925311	0.0	0	0.00414937759336	1	0.0	0	0.00414937759336	1	241
0.604982206406	0.0	0	0.0	0	0.0	0	0.0	0	281
0.791208791209	0.010989010989	1	0.0	0	0.0	0	0.0	0	91
0.622093023256	0.0116279069767	2	0.0	0	0.0	0	0.0	0	172
0.775510204082	0.0	0	0.0	0	0.0	0	0.0	0	98
0.722891566265	0.0	0	0.0	0	0.0	0	0.0	0	249
0.585139318885	0.0030959752322	1	0.0	0	0.0061919504644	2	0.0	0	323
0.566298342541	0.0	0	0.00276243093923	1	0.0	0	0.0	0	362
0.461746174617	0.002700270027	3	0.00630063006301	7	0.001800180018	2	0.0	0	1111
0.694444444444	0.00396825396825	1	0.015873015873	4	0.0	0	0.0	0	252
0.569518716578	0.00267379679144	1	0.0	0	0.0	0	0.0	0	374
0.672897196262	0.0	0	0.0	0	0.0	0	0.0	0	214
0.641509433962	0.0062893081761	2	0.0	0	0.0	0	0.0	0	318
0.633928571429	0.0133928571429	3	0.0	0	0.0	0	0.0	0	224
0.653333333333	0.00333333333333	1	0.0	0	0.0	0	0.0	0	300
0.659400544959	0.00272479564033	1	0.0	0	0.00272479564033	1	0.0	0	367
0.658064516129	0.00645161290323	2	0.0	0	0.0	0	0.0	0	310
0.571106094808	0.0	0	0.0	0	0.0	0	0.00225733634312	1	443
0.562326869806	0.0	0	0.00554016620499	2	0.00277008310249	1	0.0	0	361
0.638392857143	0.0	0	0.0	0	0.0	0	0.0	0	224
0.642045454545	0.0	0	0.00284090909091	1	0.0	0	0.0	0	352
0.577348066298	0.0	0	0.0	0	0.00276243093923	1	0.0	0	362
0.630522088353	0.00401606425703	1	0.0	0	0.0	0	0.0	0	249
0.544494720965	0.00603318250377	4	0.00754147812971	5	0.0	0	0.0	0	663
0.665517241379	0.00344827586207	1	0.00344827586207	1	0.00344827586207	1	0.0	0	290
0.552845528455	0.0	0	0.00271002710027	1	0.0	0	0.00271002710027	1	369
0.744318181818	0.0	0	0.0	0	0.0	0	0.0	0	176
0.711462450593	0.00395256916996	1	0.00395256916996	1	0.0	0	0.0	0	253
0.755555555556	0.0	0	0.0	0	0.0	0	0.0	0	45
0.81914893617	0.0212765957447	2	0.0	0	0.0	0	0.0	0	94
0.75652173913	0.0173913043478	2	0.0	0	0.0	0	0.0	0	115
0.509054325956	0.0	0	0.00201207243461	1	0.0	0	0.0	0	497
0.55	0.00172413793103	1	0.00172413793103	1	0.0	0	0.0	0	580
0.614243323442	0.00296735905045	1	0.00593471810089	2	0.0	0	0.0	0	337
0.590778097983	0.0028818443804	1	0.0028818443804	1	0.0	0	0.0028818443804	1	347
0.75	0.0	0	0.0	0	0.0	0	0.0	0	124
0.696721311475	0.0	0	0.00409836065574	1	0.0	0	0.0	0	244
0.590643274854	0.0	0	0.0	0	0.0	0	0.0	0	342
0.730158730159	0.00793650793651	1	0.0	0	0.0	0	0.0	0	126
0.672588832487	0.00253807106599	1	0.0	0	0.0	0	0.0	0	394
0.769230769231	0.0	0	0.0	0	0.00549450549451	1	0.0	0	182
0.491329479769	0.0019267822736	1	0.0	0	0.0	0	0.0	0	519
0.566079295154	0.0176211453744	8	0.0	0	0.0	0	0.0	0	454
0.665178571429	0.00446428571429	1	0.00892857142857	2	0.0	0	0.0	0	224
0.611793611794	0.0	0	0.0	0	0.0	0	0.0	0	407
0.63961038961	0.0	0	0.0	0	0.0	0	0.0	0	308
0.735294117647	0.0	0	0.00588235294118	1	0.0	0	0.0	0	170
0.657657657658	0.00900900900901	2	0.0045045045045	1	0.0	0	0.0	0	222
0.625615763547	0.00492610837438	1	0.00985221674877	2	0.0	0	0.0	0	203
0.707547169811	0.0	0	0.00943396226415	1	0.0	0	0.0	0	106
0.733333333333	0.0	0	0.0	0	0.0	0	0.0	0	135
0.615384615385	0.0144230769231	3	0.00961538461538	2	0.0	0	0.0	0	208
0.686084142395	0.0	0	0.0	0	0.0	0	0.0	0	309
0.728	0.008	1	0.0	0	0.0	0	0.0	0	125
0.483033932136	0.00199600798403	1	0.00199600798403	1	0.0	0	0.0	0	501
0.626623376623	0.00324675324675	1	0.0	0	0.0	0	0.0	0	308
0.678787878788	0.0	0	0.0	0	0.0	0	0.0	0	165
0.714285714286	0.00840336134454	2	0.0	0	0.0	0	0.0	0	238
0.765432098765	0.0	0	0.0	0	0.0	0	0.0	0	162
0.615384615385	0.00480769230769	1	0.0	0	0.0	0	0.0	0	208
0.722891566265	0.0	0	0.0	0	0.0	0	0.0	0	166
0.763513513514	0.0202702702703	3	0.0	0	0.0	0	0.0	0	148
0.643356643357	0.0034965034965	1	0.0034965034965	1	0.0	0	0.0	0	286
0.599514563107	0.00970873786408	4	0.0	0	0.0	0	0.0	0	412
0.719806763285	0.0	0	0.0	0	0.0	0	0.0	0	207
0.625	0.00290697674419	1	0.0	0	0.0	0	0.0	0	344
0.670731707317	0.00609756097561	1	0.0	0	0.0	0	0.0	0	164
0.590291262136	0.00388349514563	2	0.0	0	0.0	0	0.0	0	515
0.597173144876	0.0141342756184	4	0.0	0	0.0	0	0.0	0	283
0.831168831169	0.0	0	0.0	0	0.0	0	0.0	0	77
0.571856287425	0.00299401197605	1	0.0	0	0.0	0	0.0	0	334
0.592511013216	0.00220264317181	1	0.0	0	0.0	0	0.0	0	454
0.662962962963	0.0	0	0.0037037037037	1	0.0	0	0.0	0	270
0.790476190476	0.0	0	0.0	0	0.0	0	0.0	0	105
0.633928571429	0.0	0	0.0	0	0.0	0	0.0	0	336
0.608695652174	0.0	0	0.0048309178744	1	0.0	0	0.0	0	207
0.525667351129	0.0	0	0.0	0	0.0	0	0.0	0	487
0.507530120482	0.00602409638554	4	0.0	0	0.00753012048193	5	0.0	0	664
0.622881355932	0.0	0	0.0	0	0.00423728813559	1	0.0	0	236
0.763779527559	0.0	0	0.0	0	0.0	0	0.0	0	127
0.651234567901	0.00308641975309	1	0.0	0	0.0	0	0.0	0	324
0.540772532189	0.0128755364807	6	0.00429184549356	2	0.0	0	0.0	0	466
0.638783269962	0.0	0	0.00380228136882	1	0.0	0	0.0	0	263
0.575079872204	0.0	0	0.00958466453674	3	0.0	0	0.0	0	313
0.499197431782	0.00481540930979	3	0.0	0	0.0	0	0.0	0	623
0.503008423586	0.00120336943442	1	0.0	0	0.0	0	0.0	0	831
0.691489361702	0.0	0	0.0	0	0.0	0	0.0	0	188
0.554852320675	0.00210970464135	1	0.00210970464135	1	0.0	0	0.0	0	474
0.704225352113	0.0	0	0.0	0	0.00469483568075	1	0.0	0	213
0.715151515152	0.0121212121212	2	0.0	0	0.0	0	0.0	0	165
0.702586206897	0.0	0	0.00431034482759	1	0.0	0	0.0	0	232
0.645631067961	0.0	0	0.00485436893204	1	0.00485436893204	1	0.0	0	206
0.546783625731	0.00292397660819	1	0.0	0	0.00292397660819	1	0.0	0	342
0.784810126582	0.0	0	0.0	0	0.0	0	0.0	0	79
0.648780487805	0.0	0	0.0	0	0.0	0	0.0	0	205
0.597101449275	0.0	0	0.00289855072464	1	0.0	0	0.0	0	345
0.707006369427	0.0127388535032	2	0.0	0	0.0	0	0.0	0	157
0.673306772908	0.0	0	0.0	0	0.0	0	0.0	0	251
0.65625	0.0	0	0.0	0	0.0	0	0.0	0	288
0.655555555556	0.0037037037037	1	0.0	0	0.0	0	0.0	0	270
0.540389972145	0.0	0	0.0	0	0.0	0	0.0	0	359
0.7	0.00666666666667	1	0.0	0	0.0	0	0.0	0	150
0.476112026359	0.00494233937397	6	0.00247116968699	3	0.0	0	0.0	0	1214
0.495798319328	0.00210084033613	1	0.00420168067227	2	0.0	0	0.0	0	476
0.572265625	0.001953125	1	0.0078125	4	0.0	0	0.0	0	512
0.498316498316	0.00505050505051	3	0.0016835016835	1	0.003367003367	2	0.0	0	594
0.663636363636	0.00454545454545	1	0.0	0	0.0	0	0.0	0	220
0.75	0.0113636363636	1	0.0	0	0.0	0	0.0	0	88
0.692307692308	0.0	0	0.0	0	0.0	0	0.0	0	143
0.824175824176	0.010989010989	1	0.0	0	0.0	0	0.0	0	91
0.668571428571	0.00571428571429	1	0.0	0	0.0	0	0.0	0	175
0.557803468208	0.0	0	0.00867052023121	3	0.0	0	0.0	0	346
0.58357771261	0.0	0	0.0	0	0.0	0	0.0	0	341
0.655963302752	0.0	0	0.0045871559633	1	0.0	0	0.0	0	218
0.71144278607	0.0	0	0.0	0	0.0	0	0.0	0	201
0.651898734177	0.0	0	0.0	0	0.0	0	0.0	0	316
0.692307692308	0.00769230769231	1	0.0	0	0.0	0	0.0	0	130
0.744186046512	0.0	0	0.0	0	0.0	0	0.0	0	86
0.653465346535	0.00990099009901	2	0.0	0	0.0	0	0.0	0	202
0.7	0.0	0	0.0	0	0.0	0	0.0	0	90
0.448145344436	0.00529901589705	7	0.00151400454201	2	0.000757002271007	1	0.0	0	1321
0.695833333333	0.00833333333333	2	0.0	0	0.0	0	0.0	0	240
0.544927536232	0.0	0	0.0	0	0.0	0	0.0	0	345
0.654205607477	0.0	0	0.0	0	0.00934579439252	2	0.0	0	214
0.624338624339	0.0	0	0.0	0	0.0	0	0.0	0	378
0.581395348837	0.0	0	0.0077519379845	2	0.00387596899225	1	0.0	0	258
0.499032882012	0.00193423597679	1	0.0	0	0.0	0	0.0	0	517
0.729411764706	0.0	0	0.00588235294118	1	0.0	0	0.0	0	170
0.7625	0.0	0	0.0	0	0.0	0	0.0	0	80
0.665369649805	0.00389105058366	1	0.00389105058366	1	0.00389105058366	1	0.0	0	257
0.622222222222	0.0111111111111	3	0.0	0	0.0037037037037	1	0.0	0	270
0.455180442375	0.0023282887078	2	0.0023282887078	2	0.0011641443539	1	0.0	0	859
0.808988764045	0.0	0	0.0	0	0.0	0	0.0	0	89
0.609929078014	0.00354609929078	1	0.00354609929078	1	0.0	0	0.0	0	282
0.748663101604	0.0160427807487	3	0.0	0	0.0	0	0.0	0	187
0.727272727273	0.0	0	0.00757575757576	1	0.0	0	0.0	0	132
0.65991902834	0.0	0	0.00404858299595	1	0.0	0	0.0	0	247
0.727272727273	0.00649350649351	1	0.012987012987	2	0.0	0	0.0	0	154
0.616326530612	0.0	0	0.00408163265306	1	0.0	0	0.0	0	245
0.568345323741	0.0	0	0.0	0	0.0	0	0.00719424460432	2	278
0.636815920398	0.0	0	0.0	0	0.0	0	0.0	0	201
0.394430379747	0.00253164556962	5	0.00151898734177	3	0.000506329113924	1	0.000506329113924	1	1975
0.616724738676	0.0	0	0.0	0	0.0	0	0.0	0	287
0.616326530612	0.0	0	0.00408163265306	1	0.0	0	0.0	0	245
0.502377179081	0.0	0	0.00158478605388	1	0.00316957210777	2	0.0	0	631
0.625	0.0	0	0.0	0	0.0	0	0.0	0	312
0.613636363636	0.0	0	0.0	0	0.00324675324675	1	0.00324675324675	1	308
0.504908835905	0.0	0	0.0	0	0.00280504908836	2	0.0	0	713
0.615160349854	0.00291545189504	1	0.00291545189504	1	0.0	0	0.0	0	343
0.670833333333	0.00833333333333	2	0.0	0	0.0	0	0.0	0	240
0.577878103837	0.0	0	0.00225733634312	1	0.0	0	0.0	0	443
0.518292682927	0.00243902439024	2	0.00121951219512	1	0.0	0	0.0	0	820
0.62331838565	0.0	0	0.0	0	0.0	0	0.0	0	223
0.514900662252	0.00331125827815	2	0.00165562913907	1	0.0	0	0.0	0	604
0.611675126904	0.0	0	0.00507614213198	2	0.0	0	0.0	0	394
0.519867549669	0.0	0	0.0165562913907	5	0.00331125827815	1	0.0	0	302
0.674911660777	0.0	0	0.00353356890459	1	0.00353356890459	1	0.0	0	283
0.506108202443	0.00349040139616	2	0.00174520069808	1	0.0	0	0.0	0	573
0.761467889908	0.00917431192661	1	0.0	0	0.0	0	0.0	0	109
0.563798219585	0.0	0	0.00296735905045	1	0.0	0	0.0	0	337
0.652996845426	0.0	0	0.00315457413249	1	0.0	0	0.0	0	317
0.452749140893	0.00343642611684	4	0.0120274914089	14	0.0	0	0.0	0	1164
0.506108202443	0.00349040139616	2	0.00174520069808	1	0.0	0	0.0	0	573
0.615571776156	0.00243309002433	1	0.0	0	0.0	0	0.0	0	411
0.705882352941	0.0	0	0.0	0	0.0	0	0.0	0	238
0.597510373444	0.0	0	0.0	0	0.0	0	0.0	0	241
0.513192612137	0.0065963060686	5	0.00131926121372	1	0.00131926121372	1	0.00131926121372	1	758
0.542410714286	0.00669642857143	3	0.0	0	0.00223214285714	1	0.0	0	448
0.662379421222	0.0	0	0.0032154340836	1	0.0	0	0.0	0	311
0.486968449931	0.00137174211248	1	0.0	0	0.0	0	0.0	0	729
0.427645788337	0.00107991360691	1	0.00323974082073	3	0.00215982721382	2	0.0	0	926
0.57619047619	0.0	0	0.0	0	0.00238095238095	1	0.0	0	420
0.564102564103	0.00213675213675	1	0.0	0	0.0	0	0.00213675213675	1	468
0.708333333333	0.0	0	0.00833333333333	2	0.00416666666667	1	0.0	0	240
0.683848797251	0.0103092783505	3	0.00687285223368	2	0.00343642611684	1	0.0	0	291
0.682098765432	0.00617283950617	2	0.00925925925926	3	0.00308641975309	1	0.0	0	324
0.724137931034	0.0	0	0.0	0	0.0	0	0.0	0	145
0.63184079602	0.0	0	0.0	0	0.00248756218905	1	0.00248756218905	1	402
0.741935483871	0.0	0	0.0	0	0.0	0	0.0	0	217
0.575697211155	0.00199203187251	1	0.00597609561753	3	0.00398406374502	2	0.00199203187251	1	502
0.499319727891	0.00272108843537	2	0.0	0	0.0	0	0.0	0	735
0.637837837838	0.0	0	0.0	0	0.0	0	0.0	0	370
0.486932599725	0.00137551581843	1	0.00275103163686	2	0.00275103163686	2	0.0	0	727
0.689655172414	0.0	0	0.00492610837438	1	0.0	0	0.0	0	203
0.530066815145	0.0133630289532	6	0.0	0	0.0	0	0.0	0	449
0.759124087591	0.0	0	0.0	0	0.0	0	0.0	0	137
0.594594594595	0.00600600600601	2	0.0	0	0.003003003003	1	0.0	0	333
0.564159292035	0.00221238938053	1	0.0	0	0.0	0	0.00221238938053	1	452
0.720524017467	0.00436681222707	1	0.0	0	0.0	0	0.0	0	229
0.673640167364	0.0125523012552	3	0.0	0	0.00418410041841	1	0.0	0	239
0.623222748815	0.0	0	0.00236966824645	1	0.0	0	0.0	0	422
0.556756756757	0.00810810810811	3	0.0162162162162	6	0.0	0	0.0	0	370
0.731481481481	0.0277777777778	3	0.0	0	0.0	0	0.0	0	108
0.658767772512	0.0	0	0.00473933649289	1	0.0	0	0.0	0	211
0.60625	0.0	0	0.0	0	0.0	0	0.0	0	320
0.583529411765	0.00470588235294	2	0.00235294117647	1	0.0	0	0.0	0	425
0.604519774011	0.00564971751412	2	0.00282485875706	1	0.0	0	0.0	0	354
0.678733031674	0.0	0	0.0	0	0.00452488687783	1	0.0	0	221
0.594736842105	0.00526315789474	2	0.00263157894737	1	0.0105263157895	4	0.0	0	380
0.59649122807	0.00701754385965	2	0.0	0	0.00350877192982	1	0.0	0	285
0.537091988131	0.0	0	0.0	0	0.00148367952522	1	0.0	0	674
0.609756097561	0.00487804878049	1	0.0	0	0.00487804878049	1	0.0	0	205
0.686507936508	0.00396825396825	1	0.0	0	0.0	0	0.0	0	252
0.60625	0.009375	3	0.0	0	0.0	0	0.0	0	320
0.486772486772	0.00529100529101	4	0.00661375661376	5	0.0026455026455	2	0.0	0	756
0.641025641026	0.00732600732601	2	0.0	0	0.0	0	0.0	0	273
0.602941176471	0.00245098039216	1	0.0	0	0.0	0	0.0	0	408
0.715083798883	0.0	0	0.0167597765363	3	0.0	0	0.0	0	179
0.677215189873	0.00632911392405	2	0.00316455696203	1	0.0	0	0.0	0	316
0.683870967742	0.00645161290323	1	0.0	0	0.0	0	0.0	0	155
0.609677419355	0.00645161290323	2	0.0	0	0.0	0	0.0	0	310
0.730538922156	0.0	0	0.0	0	0.0	0	0.0	0	167
0.514093959732	0.0	0	0.00268456375839	2	0.0	0	0.0	0	745
0.617957746479	0.0	0	0.0	0	0.0	0	0.0	0	568
0.623693379791	0.0	0	0.00348432055749	1	0.0	0	0.0	0	287
0.682692307692	0.0	0	0.0	0	0.0	0	0.0	0	208
0.520304568528	0.00761421319797	3	0.0	0	0.0	0	0.0	0	394
0.609375	0.0	0	0.0	0	0.0	0	0.0	0	384
0.743243243243	0.0045045045045	1	0.0	0	0.00900900900901	2	0.0	0	222
0.605577689243	0.0	0	0.0	0	0.0	0	0.0	0	251
0.520153550864	0.00575815738964	3	0.0	0	0.00191938579655	1	0.0	0	521
0.593085106383	0.0	0	0.00265957446809	1	0.0	0	0.0	0	376
0.629090909091	0.0	0	0.0	0	0.0	0	0.0	0	275
0.515447154472	0.00487804878049	3	0.0	0	0.00162601626016	1	0.0	0	615
0.682432432432	0.0135135135135	2	0.0	0	0.0	0	0.0	0	148
0.628318584071	0.0	0	0.0	0	0.0	0	0.0	0	226
0.640495867769	0.0	0	0.0	0	0.0	0	0.0	0	242
0.662100456621	0.0	0	0.0	0	0.0	0	0.0	0	219
0.617142857143	0.0	0	0.00285714285714	1	0.00285714285714	1	0.0	0	350
0.525974025974	0.00324675324675	2	0.00324675324675	2	0.0	0	0.0	0	616
0.668	0.012	3	0.004	1	0.0	0	0.0	0	250
0.731707317073	0.0	0	0.0	0	0.0	0	0.0	0	123
0.792452830189	0.00943396226415	1	0.0	0	0.00943396226415	1	0.0	0	106
0.557203389831	0.0	0	0.0	0	0.0	0	0.0	0	472
0.543981481481	0.0	0	0.0	0	0.0	0	0.0	0	432
0.581005586592	0.0	0	0.0	0	0.0	0	0.0	0	358
0.6336996337	0.0	0	0.0	0	0.0	0	0.0	0	273
0.541266794626	0.0	0	0.0	0	0.0	0	0.0	0	521
0.629533678756	0.0	0	0.0	0	0.0	0	0.00259067357513	1	386
0.740740740741	0.0	0	0.0	0	0.0	0	0.0	0	162
0.540145985401	0.0	0	0.0170316301703	7	0.0	0	0.0	0	411
0.691358024691	0.0	0	0.0	0	0.0	0	0.0	0	162
0.520153550864	0.00575815738964	3	0.0	0	0.00191938579655	1	0.0	0	521
0.721739130435	0.0	0	0.00434782608696	1	0.0	0	0.0	0	230
0.664473684211	0.00657894736842	1	0.0	0	0.0	0	0.0	0	152
0.726530612245	0.0	0	0.0	0	0.0	0	0.0	0	245
0.650746268657	0.0	0	0.0	0	0.0	0	0.0	0	335
0.527950310559	0.00621118012422	3	0.00207039337474	1	0.00207039337474	1	0.0	0	483
0.48785046729	0.00373831775701	2	0.0	0	0.0	0	0.0	0	535
0.540983606557	0.0	0	0.0	0	0.00546448087432	2	0.0	0	366
0.650862068966	0.0	0	0.0	0	0.0	0	0.0	0	232
0.588588588589	0.00600600600601	2	0.0	0	0.0	0	0.003003003003	1	333
0.694915254237	0.00423728813559	1	0.0	0	0.0	0	0.0	0	236
0.623376623377	0.00649350649351	2	0.00649350649351	2	0.0	0	0.00324675324675	1	308
0.481412639405	0.00185873605948	1	0.00557620817844	3	0.00185873605948	1	0.0	0	538
0.663865546218	0.0	0	0.00420168067227	1	0.0	0	0.0	0	238
0.719806763285	0.0048309178744	1	0.0	0	0.0	0	0.0	0	207
0.649769585253	0.0	0	0.00460829493088	1	0.0	0	0.0	0	217
0.571759259259	0.0	0	0.0	0	0.0	0	0.0	0	432
0.831168831169	0.0	0	0.0	0	0.0	0	0.0	0	77
0.774509803922	0.0	0	0.0	0	0.0	0	0.0	0	102
0.645914396887	0.00389105058366	1	0.0	0	0.0	0	0.0	0	257
0.596638655462	0.00560224089636	2	0.0	0	0.0	0	0.0	0	357
0.641221374046	0.0	0	0.00763358778626	2	0.0	0	0.0	0	262
0.700507614213	0.0	0	0.0	0	0.0	0	0.0	0	197
0.5	0.00122249388753	1	0.0110024449878	9	0.0	0	0.0	0	818
0.611510791367	0.0	0	0.00359712230216	1	0.0	0	0.0	0	278
0.657258064516	0.0	0	0.0	0	0.0	0	0.0	0	248
0.770833333333	0.0	0	0.0	0	0.0	0	0.0	0	144
0.532679738562	0.0016339869281	1	0.0130718954248	8	0.0016339869281	1	0.0	0	612
0.578488372093	0.0	0	0.0	0	0.0	0	0.0	0	344
0.698529411765	0.0	0	0.0	0	0.0	0	0.0	0	136
0.673913043478	0.0	0	0.0	0	0.0	0	0.0	0	138
0.590277777778	0.00347222222222	1	0.0	0	0.0	0	0.0	0	288
0.71144278607	0.0	0	0.0	0	0.0	0	0.0	0	201
0.629343629344	0.0	0	0.0	0	0.0	0	0.0	0	259
0.582236842105	0.0	0	0.0	0	0.0	0	0.0	0	304
0.577181208054	0.00447427293065	2	0.0	0	0.0	0	0.0	0	447
0.923076923077	0.0153846153846	1	0.0	0	0.0	0	0.0	0	65
0.576923076923	0.00549450549451	2	0.0	0	0.00274725274725	1	0.0	0	364
0.678787878788	0.0	0	0.0	0	0.0	0	0.0	0	165
0.821917808219	0.013698630137	1	0.0	0	0.0	0	0.0	0	73
0.608579088472	0.00268096514745	1	0.0	0	0.0	0	0.0	0	373
0.778947368421	0.0210526315789	2	0.0	0	0.0	0	0.0	0	95
0.525423728814	0.0	0	0.00154083204931	1	0.0	0	0.0	0	649
0.452316076294	0.00181653042688	2	0.000908265213442	1	0.000908265213442	1	0.0	0	1101
0.683908045977	0.0	0	0.00574712643678	1	0.0	0	0.0	0	174
0.664835164835	0.010989010989	2	0.0	0	0.0	0	0.0	0	182
0.619918699187	0.00406504065041	2	0.0020325203252	1	0.0020325203252	1	0.0	0	492
0.621287128713	0.0173267326733	7	0.0	0	0.0	0	0.0	0	404
0.629343629344	0.0	0	0.0	0	0.0	0	0.0	0	259
0.48244473342	0.00390117035111	3	0.0	0	0.00520156046814	4	0.00130039011704	1	769
0.623955431755	0.0	0	0.00278551532033	1	0.0	0	0.0	0	359
0.527306967985	0.00376647834275	2	0.00564971751412	3	0.0	0	0.0	0	531
0.546583850932	0.00414078674948	2	0.0	0	0.0	0	0.0	0	483
0.491461100569	0.00189753320683	1	0.00189753320683	1	0.0	0	0.0	0	527
0.613981762918	0.0	0	0.0	0	0.0	0	0.0	0	329
0.477093206951	0.00473933649289	3	0.0	0	0.0	0	0.0	0	633
0.569086651054	0.0	0	0.0	0	0.0	0	0.0	0	427
0.614754098361	0.00409836065574	1	0.0	0	0.0	0	0.0	0	244
0.438848920863	0.00089928057554	1	0.00269784172662	3	0.0	0	0.0	0	1112
0.792792792793	0.0	0	0.0	0	0.0	0	0.0	0	111
0.640692640693	0.0	0	0.0	0	0.0	0	0.0	0	231
0.62331838565	0.0	0	0.0	0	0.0	0	0.0	0	223
0.623955431755	0.0	0	0.00278551532033	1	0.0	0	0.0	0	359
0.527306967985	0.00376647834275	2	0.00564971751412	3	0.0	0	0.0	0	531
0.611510791367	0.0	0	0.0	0	0.0	0	0.0	0	278
0.571847507331	0.0	0	0.0	0	0.0	0	0.0	0	341
0.737226277372	0.0	0	0.0	0	0.0	0	0.0	0	137
0.556451612903	0.0181451612903	9	0.0100806451613	5	0.0	0	0.0	0	496
0.62331838565	0.0	0	0.0	0	0.0	0	0.0	0	223
0.682389937107	0.0	0	0.0	0	0.0	0	0.0	0	318
0.631016042781	0.0	0	0.0	0	0.0	0	0.0	0	374
0.724358974359	0.0	0	0.0	0	0.0	0	0.0	0	156
0.747572815534	0.0	0	0.0	0	0.0	0	0.0	0	103
0.733333333333	0.0	0	0.0	0	0.0	0	0.0	0	180
0.779069767442	0.0	0	0.0	0	0.0	0	0.0	0	86
0.532679738562	0.0016339869281	1	0.0130718954248	8	0.0016339869281	1	0.0	0	612
0.608108108108	0.00337837837838	1	0.0	0	0.00337837837838	1	0.0	0	296
0.575757575758	0.0	0	0.0	0	0.00131752305665	1	0.0	0	759
0.576699029126	0.0	0	0.00388349514563	2	0.0	0	0.0	0	515
0.423687423687	0.003663003663	3	0.001221001221	1	0.001221001221	1	0.0	0	819
0.561170212766	0.00531914893617	2	0.00797872340426	3	0.0	0	0.0	0	376
0.62331838565	0.0	0	0.0	0	0.0	0	0.0	0	223
0.906976744186	0.0	0	0.0	0	0.0	0	0.0	0	43
0.604294478528	0.0	0	0.0	0	0.0	0	0.0	0	326
0.665198237885	0.0	0	0.0	0	0.0	0	0.0	0	227
0.692913385827	0.0	0	0.0	0	0.0	0	0.0	0	127
0.762711864407	0.00847457627119	1	0.0	0	0.0	0	0.0	0	118
0.776470588235	0.0	0	0.0	0	0.0	0	0.0	0	85
0.7	0.0	0	0.0105263157895	2	0.0	0	0.0	0	190
0.704545454545	0.0113636363636	2	0.0	0	0.0	0	0.0	0	176
0.788732394366	0.0	0	0.00704225352113	1	0.0	0	0.0	0	142
0.601307189542	0.0	0	0.0	0	0.00326797385621	1	0.0	0	306
0.595	0.005	1	0.01	2	0.0	0	0.0	0	200
0.702857142857	0.0	0	0.0	0	0.0	0	0.0	0	175
0.762711864407	0.00847457627119	1	0.0	0	0.0	0	0.0	0	118
0.793103448276	0.0	0	0.0	0	0.0114942528736	1	0.0	0	87
0.766304347826	0.0	0	0.0108695652174	2	0.0	0	0.0054347826087	1	184
0.682926829268	0.0	0	0.0030487804878	1	0.0	0	0.0	0	328
0.715517241379	0.0129310344828	3	0.0	0	0.0	0	0.0	0	232
0.673684210526	0.0105263157895	2	0.0	0	0.0	0	0.0	0	190
0.645768025078	0.0	0	0.0	0	0.0	0	0.0	0	319
0.686746987952	0.0	0	0.00602409638554	1	0.00602409638554	1	0.0	0	166
0.55910543131	0.0	0	0.00319488817891	1	0.0	0	0.0	0	313
0.659574468085	0.0	0	0.0	0	0.0	0	0.0	0	94
0.563583815029	0.0	0	0.0173410404624	6	0.0	0	0.0	0	346
0.688461538462	0.0	0	0.00384615384615	1	0.0	0	0.0	0	260
0.657303370787	0.0	0	0.0112359550562	2	0.0	0	0.0	0	178
0.786516853933	0.0	0	0.0224719101124	2	0.0	0	0.0	0	89
0.807142857143	0.00714285714286	1	0.00714285714286	1	0.0	0	0.0	0	140
0.780303030303	0.00757575757576	1	0.0	0	0.0	0	0.0	0	132
0.760736196319	0.0	0	0.00613496932515	1	0.0	0	0.0	0	163
0.62890625	0.0	0	0.0	0	0.0	0	0.0	0	256
0.695852534562	0.00460829493088	1	0.00460829493088	1	0.0	0	0.0	0	217
0.755555555556	0.0	0	0.0	0	0.0	0	0.0	0	45
0.790697674419	0.0	0	0.0	0	0.0	0	0.0	0	86
0.686868686869	0.010101010101	2	0.0	0	0.0	0	0.0	0	198
0.753164556962	0.0	0	0.0	0	0.0	0	0.0	0	158
0.606741573034	0.0	0	0.00842696629213	3	0.00561797752809	2	0.0	0	356
0.78313253012	0.0481927710843	4	0.0	0	0.0	0	0.0	0	83
0.636678200692	0.0	0	0.0	0	0.0	0	0.0	0	289
0.683098591549	0.0	0	0.0	0	0.0	0	0.0	0	142
0.854838709677	0.0	0	0.0	0	0.0	0	0.0	0	62
0.542274052478	0.00291545189504	1	0.0	0	0.0	0	0.0	0	343
0.624390243902	0.0	0	0.0	0	0.0	0	0.0	0	205
0.761904761905	0.0	0	0.0	0	0.0	0	0.0	0	105
0.632508833922	0.00353356890459	1	0.0	0	0.0	0	0.00353356890459	1	283
0.622710622711	0.0	0	0.0	0	0.003663003663	1	0.0	0	273
0.72	0.0	0	0.0	0	0.0	0	0.0	0	200
0.801526717557	0.0	0	0.0	0	0.0	0	0.0	0	131
0.664556962025	0.0	0	0.0	0	0.0	0	0.0	0	158
0.657894736842	0.0	0	0.0	0	0.0	0	0.0	0	304
0.64347826087	0.00869565217391	2	0.0	0	0.0	0	0.0	0	230
0.551984877127	0.00378071833648	2	0.00189035916824	1	0.0	0	0.0	0	529
0.786666666667	0.0133333333333	2	0.0	0	0.0	0	0.0	0	150
0.461538461538	0.00114810562572	1	0.00229621125144	2	0.0	0	0.00114810562572	1	871
0.387171561051	0.00231839258114	3	0.000772797527048	1	0.000772797527048	1	0.0	0	1294
0.600928074246	0.0	0	0.0139211136891	6	0.0	0	0.0	0	431
0.564102564103	0.00213675213675	1	0.0	0	0.0	0	0.00213675213675	1	468
0.702857142857	0.00571428571429	1	0.0	0	0.0	0	0.0	0	175
0.578294573643	0.0015503875969	1	0.0	0	0.0	0	0.0	0	645
0.42681678608	0.00511770726714	5	0.00204708290686	2	0.00102354145343	1	0.0	0	977
0.565843621399	0.0	0	0.00205761316872	1	0.0	0	0.0	0	486
0.646048109966	0.00687285223368	2	0.00343642611684	1	0.0	0	0.0	0	291
0.582491582492	0.003367003367	1	0.0	0	0.0	0	0.0	0	297
0.695340501792	0.00716845878136	2	0.0	0	0.0	0	0.0	0	279
0.584302325581	0.0116279069767	4	0.0	0	0.0	0	0.00581395348837	2	344
0.8	0.0	0	0.0	0	0.0	0	0.0	0	75
0.497637795276	0.00787401574803	5	0.00157480314961	1	0.0	0	0.0	0	635
0.772357723577	0.0	0	0.0162601626016	2	0.0	0	0.0	0	123
0.643097643098	0.003367003367	1	0.0	0	0.003367003367	1	0.0	0	297
0.622837370242	0.0	0	0.0	0	0.0	0	0.0	0	289
0.614754098361	0.00409836065574	1	0.0	0	0.0	0	0.0	0	244
0.6	0.00540540540541	1	0.0	0	0.0	0	0.0	0	185
0.458015267176	0.000954198473282	1	0.00954198473282	10	0.00190839694656	2	0.0	0	1048
0.5	0.00135135135135	1	0.00135135135135	1	0.0	0	0.0	0	740
0.773722627737	0.0	0	0.0	0	0.0	0	0.0	0	137
0.520388349515	0.0	0	0.00194174757282	1	0.00388349514563	2	0.0	0	515
0.643171806167	0.00881057268722	2	0.0	0	0.0	0	0.0	0	227
0.622950819672	0.0	0	0.0	0	0.0	0	0.0	0	183
0.603260869565	0.0	0	0.00271739130435	1	0.0	0	0.0	0	368
0.611979166667	0.0	0	0.00520833333333	2	0.00260416666667	1	0.0	0	384
0.715151515152	0.00606060606061	1	0.00606060606061	1	0.0	0	0.0	0	165
0.608571428571	0.0	0	0.0	0	0.0	0	0.0	0	350
0.618055555556	0.0	0	0.0173611111111	5	0.00347222222222	1	0.0	0	288
0.630350194553	0.00389105058366	1	0.00389105058366	1	0.0	0	0.0	0	257
0.465857359636	0.0136570561457	9	0.0	0	0.00151745068285	1	0.0	0	659
0.581395348837	0.0	0	0.0077519379845	2	0.00387596899225	1	0.0	0	258
0.903225806452	0.0	0	0.0	0	0.0	0	0.0	0	31
0.515970515971	0.002457002457	2	0.002457002457	2	0.0	0	0.0	0	814
0.60706401766	0.00220750551876	1	0.00220750551876	1	0.00220750551876	1	0.0	0	453
0.588628762542	0.00334448160535	1	0.0	0	0.0	0	0.0	0	299
0.648514851485	0.0049504950495	1	0.0	0	0.0	0	0.0	0	202
0.697986577181	0.0	0	0.0	0	0.0	0	0.0	0	149
0.584558823529	0.0	0	0.00367647058824	1	0.0	0	0.0	0	272
0.659722222222	0.0	0	0.0	0	0.0	0	0.0	0	144
0.671052631579	0.0	0	0.0	0	0.0	0	0.0	0	152
0.657243816254	0.00353356890459	1	0.0	0	0.0	0	0.0	0	283
0.555729984301	0.0	0	0.00156985871272	1	0.00156985871272	1	0.00156985871272	1	637
0.857142857143	0.0	0	0.0	0	0.0	0	0.0	0	63
0.522834645669	0.00157480314961	1	0.00157480314961	1	0.00157480314961	1	0.0	0	635
0.515384615385	0.0	0	0.0	0	0.0	0	0.0	0	520
0.695035460993	0.0	0	0.0	0	0.0	0	0.0	0	141
0.664739884393	0.0	0	0.00578034682081	1	0.0	0	0.0	0	173
0.651685393258	0.0	0	0.0	0	0.0	0	0.0	0	356
0.768292682927	0.0	0	0.0121951219512	1	0.0	0	0.0	0	82
0.714285714286	0.00571428571429	1	0.0	0	0.0	0	0.0	0	175
0.629032258065	0.0	0	0.0	0	0.0	0	0.0	0	372
0.608108108108	0.00337837837838	1	0.0	0	0.00337837837838	1	0.0	0	296
0.53249475891	0.0	0	0.0062893081761	3	0.0	0	0.0	0	477
0.510608203678	0.001414427157	1	0.0	0	0.0	0	0.0	0	707
0.738461538462	0.0	0	0.0	0	0.0	0	0.0	0	130
0.790476190476	0.0	0	0.0	0	0.0	0	0.0	0	105
0.516423357664	0.00547445255474	3	0.0	0	0.0	0	0.0	0	548
0.594713656388	0.00440528634361	1	0.00881057268722	2	0.0	0	0.0	0	227
0.600558659218	0.0	0	0.00279329608939	1	0.0	0	0.0	0	358
0.507530120482	0.00602409638554	4	0.0	0	0.00753012048193	5	0.0	0	664
0.513157894737	0.00187969924812	1	0.00375939849624	2	0.0	0	0.0	0	532
0.456994818653	0.0020725388601	2	0.00621761658031	6	0.0	0	0.0	0	965
0.546762589928	0.0	0	0.0143884892086	6	0.00239808153477	1	0.00239808153477	1	417
0.391188251001	0.000667556742323	1	0.00333778371162	5	0.00133511348465	2	0.0	0	1498
0.540958268934	0.00618238021638	4	0.0	0	0.00463678516229	3	0.0	0	647
0.774468085106	0.0	0	0.0	0	0.0	0	0.0	0	235
0.627118644068	0.00847457627119	3	0.0	0	0.0	0	0.0	0	354
0.566473988439	0.00578034682081	2	0.0	0	0.0	0	0.0	0	346
0.757062146893	0.0112994350282	2	0.0	0	0.0	0	0.0	0	177
0.620567375887	0.0	0	0.0	0	0.0	0	0.0	0	282
0.664335664336	0.0	0	0.00699300699301	1	0.0	0	0.0	0	143
0.559670781893	0.00617283950617	3	0.00205761316872	1	0.0	0	0.0	0	486
0.664835164835	0.010989010989	2	0.0	0	0.0	0	0.0	0	182
0.463249516441	0.000967117988395	1	0.0	0	0.000967117988395	1	0.0	0	1034
0.624137931034	0.00344827586207	1	0.00344827586207	1	0.0	0	0.0	0	290
0.383608815427	0.00068870523416	1	0.00619834710744	9	0.0	0	0.0	0	1452
0.658878504673	0.0	0	0.0	0	0.0	0	0.0	0	214
0.734693877551	0.0	0	0.0	0	0.0	0	0.0	0	147
0.61797752809	0.00280898876404	1	0.00561797752809	2	0.0	0	0.0	0	356
0.587121212121	0.0113636363636	3	0.00378787878788	1	0.0	0	0.0	0	264
0.77868852459	0.0	0	0.0	0	0.0	0	0.0	0	122
0.709459459459	0.0	0	0.0	0	0.0	0	0.0	0	148
0.51404494382	0.00561797752809	2	0.00280898876404	1	0.0	0	0.0	0	356
0.680672268908	0.00840336134454	2	0.00420168067227	1	0.0	0	0.0	0	238
0.633663366337	0.0	0	0.003300330033	1	0.0	0	0.0	0	303
0.522788203753	0.00536193029491	2	0.00804289544236	3	0.0	0	0.00268096514745	1	373
0.775	0.0	0	0.0	0	0.0	0	0.0	0	160
0.63430420712	0.00323624595469	1	0.00323624595469	1	0.0	0	0.0	0	309
0.626923076923	0.0	0	0.00384615384615	1	0.0	0	0.0	0	260
0.58282208589	0.0081799591002	4	0.0	0	0.0	0	0.0	0	489
0.625498007968	0.0	0	0.0	0	0.0	0	0.0	0	251
0.631868131868	0.00274725274725	1	0.00274725274725	1	0.00274725274725	1	0.0	0	364
0.58064516129	0.00248138957816	1	0.00744416873449	3	0.0	0	0.0	0	403
0.604606525912	0.0	0	0.0	0	0.0	0	0.0	0	521
0.509339975093	0.00124533001245	1	0.0	0	0.0	0	0.0	0	803
0.666666666667	0.0	0	0.0	0	0.0	0	0.0	0	186
0.753968253968	0.0	0	0.0	0	0.0	0	0.0	0	126
0.818181818182	0.0	0	0.0	0	0.0	0	0.0	0	77
0.512073272273	0.00249791840133	3	0.00166527893422	2	0.00166527893422	2	0.0	0	1201
0.575257731959	0.00412371134021	2	0.0020618556701	1	0.0	0	0.0	0	485
0.583606557377	0.0131147540984	4	0.00327868852459	1	0.0	0	0.0	0	305
0.448640483384	0.0105740181269	7	0.00302114803625	2	0.0	0	0.0	0	662
0.619528619529	0.00673400673401	2	0.0	0	0.0	0	0.0	0	297
0.583535108959	0.0121065375303	5	0.00726392251816	3	0.0	0	0.0	0	413
0.628336755647	0.0041067761807	2	0.0	0	0.00205338809035	1	0.0	0	487
0.655319148936	0.00425531914894	1	0.0	0	0.0	0	0.0	0	235
