0.372783505155	0.00371134020619	9	0.00123711340206	3	0.000412371134021	1	0.0	0	2425
0.474019088017	0.00636267232238	6	0.0	0	0.0	0	0.0	0	943
0.471004243281	0.0	0	0.004243281471	3	0.0	0	0.0	0	707
0.480213903743	0.00320855614973	3	0.00106951871658	1	0.00106951871658	1	0.0	0	935
0.557471264368	0.00383141762452	2	0.0	0	0.0	0	0.00191570881226	1	522
0.586497890295	0.00210970464135	1	0.0	0	0.0	0	0.00210970464135	1	474
0.464596273292	0.00496894409938	4	0.00621118012422	5	0.00124223602484	1	0.00124223602484	1	805
0.675373134328	0.00373134328358	1	0.0	0	0.0	0	0.0	0	268
0.537735849057	0.0	0	0.0	0	0.00235849056604	1	0.0	0	424
0.438709677419	0.00645161290323	8	0.00967741935484	12	0.00161290322581	2	0.000806451612903	1	1240
0.496653279786	0.00133868808568	1	0.0	0	0.0	0	0.0	0	747
0.531746031746	0.0	0	0.0	0	0.0	0	0.0	0	378
0.498789346247	0.00484261501211	2	0.00726392251816	3	0.00242130750605	1	0.0	0	413
0.509459459459	0.00810810810811	6	0.0027027027027	2	0.00135135135135	1	0.0027027027027	2	740
0.479452054795	0.0117416829746	6	0.00782778864971	4	0.0	0	0.0	0	511
0.550847457627	0.0	0	0.0021186440678	1	0.0	0	0.0	0	472
0.517441860465	0.00193798449612	1	0.00193798449612	1	0.0	0	0.00387596899225	2	516
0.523006134969	0.00613496932515	4	0.0	0	0.0	0	0.0	0	652
0.484550561798	0.00702247191011	5	0.00280898876404	2	0.00140449438202	1	0.00140449438202	1	712
0.481338481338	0.00514800514801	4	0.001287001287	1	0.0	0	0.0	0	777
0.494366197183	0.0	0	0.0056338028169	4	0.0	0	0.0	0	710
0.486968449931	0.0082304526749	6	0.00411522633745	3	0.00274348422497	2	0.0	0	729
0.497227356747	0.00184842883549	1	0.00184842883549	1	0.0	0	0.0	0	541
0.622568093385	0.00778210116732	2	0.00389105058366	1	0.0	0	0.0	0	257
0.478873239437	0.00201207243461	2	0.00301810865191	3	0.0010060362173	1	0.0	0	994
0.511299435028	0.0	0	0.0	0	0.0	0	0.0	0	354
0.482683982684	0.0021645021645	1	0.0	0	0.0	0	0.0	0	462
0.574074074074	0.0148148148148	4	0.0037037037037	1	0.0	0	0.0	0	270
0.436469447139	0.0106692531523	11	0.00581959262852	6	0.0	0	0.000969932104753	1	1031
0.458333333333	0.00925925925926	8	0.00347222222222	3	0.0	0	0.00231481481481	2	864
0.488847583643	0.0	0	0.00371747211896	2	0.0	0	0.0	0	538
0.466437177281	0.0103270223752	6	0.00516351118761	3	0.0	0	0.0	0	581
0.55205811138	0.0121065375303	5	0.00242130750605	1	0.0	0	0.0	0	413
0.524	0.00133333333333	1	0.00133333333333	1	0.00266666666667	2	0.0	0	750
0.548128342246	0.0	0	0.0133689839572	5	0.0	0	0.0	0	374
0.504098360656	0.00409836065574	2	0.00819672131148	4	0.0	0	0.00204918032787	1	488
0.542553191489	0.00425531914894	2	0.0	0	0.0	0	0.0	0	470
0.46408045977	0.00431034482759	3	0.00431034482759	3	0.0	0	0.0	0	696
0.549234135667	0.00218818380744	1	0.0	0	0.0	0	0.0	0	457
0.50701754386	0.00701754385965	4	0.00175438596491	1	0.00350877192982	2	0.00175438596491	1	570
0.522727272727	0.00619834710744	3	0.00206611570248	1	0.0	0	0.0	0	484
0.521367521368	0.00569800569801	2	0.002849002849	1	0.002849002849	1	0.002849002849	1	351
0.591666666667	0.0	0	0.0	0	0.0	0	0.0	0	240
0.486686390533	0.0103550295858	7	0.00147928994083	1	0.0	0	0.0	0	676
0.435467980296	0.00591133004926	6	0.00295566502463	3	0.000985221674877	1	0.0	0	1015
0.490413723512	0.00100908173562	1	0.00100908173562	1	0.0	0	0.0	0	991
0.539170506912	0.00460829493088	2	0.0	0	0.0	0	0.0	0	434
0.51756440281	0.0117096018735	5	0.0	0	0.0	0	0.0	0	427
0.472164948454	0.00618556701031	6	0.00412371134021	4	0.0020618556701	2	0.00103092783505	1	970
0.545634920635	0.00198412698413	1	0.0	0	0.0	0	0.0	0	504
0.501154734411	0.0	0	0.00346420323326	3	0.0	0	0.0	0	866
0.465944272446	0.0015479876161	1	0.0015479876161	1	0.0	0	0.0	0	646
0.432086614173	0.000984251968504	1	0.00688976377953	7	0.0	0	0.0	0	1016
0.55614973262	0.00267379679144	1	0.0	0	0.00267379679144	1	0.0	0	374
0.469135802469	0.00112233445567	1	0.003367003367	3	0.0	0	0.0	0	891
0.492487479132	0.00500834724541	3	0.0016694490818	1	0.0	0	0.0	0	599
0.584775086505	0.0	0	0.00346020761246	1	0.0	0	0.0	0	289
0.556650246305	0.0	0	0.00164203612479	1	0.0	0	0.0	0	609
0.536170212766	0.00212765957447	1	0.0063829787234	3	0.0	0	0.00425531914894	2	470
0.515217391304	0.0	0	0.0	0	0.0	0	0.0	0	460
0.317680540733	0.00213447171825	6	0.00177872643187	5	0.00071149057275	2	0.0	0	2811
0.469304229195	0.00545702592087	4	0.0	0	0.0	0	0.00272851296044	2	733
0.53667953668	0.003861003861	2	0.0	0	0.0	0	0.0	0	518
0.481561822126	0.00216919739696	2	0.00216919739696	2	0.00108459869848	1	0.0	0	922
0.529880478088	0.0199203187251	5	0.00398406374502	1	0.0	0	0.0	0	251
0.456865127582	0.00121506682868	1	0.00121506682868	1	0.00121506682868	1	0.00243013365735	2	823
0.492063492063	0.01221001221	10	0.001221001221	1	0.0	0	0.002442002442	2	819
0.448735019973	0.00266311584554	2	0.0	0	0.0	0	0.0	0	751
0.544554455446	0.00848656294201	6	0.0	0	0.0	0	0.001414427157	1	707
0.630996309963	0.00738007380074	2	0.00369003690037	1	0.0	0	0.0	0	271
0.435814455232	0.00323624595469	3	0.00862998921251	8	0.00107874865156	1	0.0	0	927
0.569739952719	0.00236406619385	1	0.0	0	0.0	0	0.00709219858156	3	423
0.535836177474	0.0	0	0.00170648464164	1	0.0	0	0.0	0	586
0.490230905861	0.00532859680284	3	0.0	0	0.0	0	0.00355239786856	2	563
0.5	0.00936768149883	8	0.00468384074941	4	0.0	0	0.0	0	854
0.444625407166	0.00407166123779	5	0.00488599348534	6	0.0	0	0.0	0	1228
0.543820224719	0.0	0	0.00674157303371	3	0.00449438202247	2	0.0	0	445
0.556722689076	0.0	0	0.00210084033613	1	0.0	0	0.0	0	476
0.576036866359	0.0	0	0.00230414746544	1	0.00230414746544	1	0.0	0	434
0.53164556962	0.00506329113924	2	0.0	0	0.0	0	0.00253164556962	1	395
0.567415730337	0.0	0	0.00561797752809	2	0.0	0	0.00280898876404	1	356
0.415831663327	0.0130260521042	13	0.00300601202405	3	0.00200400801603	2	0.00501002004008	5	998
0.386470896696	0.00367068694284	7	0.00157315154693	3	0.0	0	0.0	0	1907
0.487450462351	0.00132100396301	1	0.00132100396301	1	0.0	0	0.00132100396301	1	757
0.487714987715	0.0012285012285	1	0.0036855036855	3	0.0012285012285	1	0.0012285012285	1	814
0.506493506494	0.00371057513915	2	0.00371057513915	2	0.00185528756957	1	0.00371057513915	2	539
0.390817469205	0.00223964165733	4	0.001679731243	3	0.0	0	0.0	0	1786
0.478371501272	0.00508905852417	4	0.0	0	0.0	0	0.0	0	786
0.441317776253	0.00137268359643	2	0.00274536719286	4	0.000686341798216	1	0.0	0	1457
0.560606060606	0.0194805194805	9	0.0	0	0.0	0	0.0	0	462
0.533195020747	0.00414937759336	2	0.00622406639004	3	0.00207468879668	1	0.0	0	482
0.399274047187	0.00241984271022	4	0.00120992135511	2	0.000604960677556	1	0.0	0	1653
0.469604863222	0.00607902735562	4	0.00607902735562	4	0.0	0	0.0	0	658
0.540476190476	0.0154761904762	13	0.00238095238095	2	0.0	0	0.0	0	840
0.514754098361	0.0	0	0.0	0	0.0016393442623	1	0.0016393442623	1	610
0.479500891266	0.00356506238859	4	0.00267379679144	3	0.0	0	0.000891265597148	1	1122
0.510288065844	0.00411522633745	3	0.00548696844993	4	0.00548696844993	4	0.0	0	729
0.432098765432	0.00448933782267	8	0.00448933782267	8	0.0	0	0.0	0	1782
0.432525951557	0.00173010380623	2	0.0	0	0.0	0	0.0	0	1156
0.427221172023	0.00378071833648	4	0.000945179584121	1	0.0	0	0.0	0	1058
0.50138121547	0.00276243093923	2	0.00552486187845	4	0.00138121546961	1	0.0	0	724
0.56301369863	0.00958904109589	7	0.0013698630137	1	0.0013698630137	1	0.0	0	730
0.646551724138	0.0	0	0.0	0	0.0	0	0.0	0	232
0.43592142189	0.000935453695042	1	0.00187090739008	2	0.0	0	0.0	0	1069
0.537290715373	0.00608828006088	4	0.00152207001522	1	0.00152207001522	1	0.0	0	657
0.523517382413	0.00613496932515	3	0.0	0	0.0	0	0.0	0	489
0.506369426752	0.0015923566879	1	0.0	0	0.0	0	0.0	0	628
0.459521094641	0.00114025085519	1	0.00114025085519	1	0.0	0	0.0	0	877
0.583333333333	0.00416666666667	2	0.00416666666667	2	0.0	0	0.0	0	480
0.485815602837	0.00709219858156	6	0.0	0	0.00236406619385	2	0.00472813238771	4	846
0.477333333333	0.004	3	0.0	0	0.0	0	0.0	0	750
0.444289693593	0.00557103064067	4	0.0	0	0.00139275766017	1	0.0	0	718
0.504516129032	0.0	0	0.0	0	0.0	0	0.0	0	775
0.400576368876	0.00576368876081	4	0.0028818443804	2	0.0	0	0.0	0	694
0.410179640719	0.00199600798403	2	0.000998003992016	1	0.00199600798403	2	0.0	0	1002
0.411575562701	0.0032154340836	3	0.0117899249732	11	0.0	0	0.0	0	933
0.429280397022	0.00124069478908	3	0.000413564929694	1	0.0	0	0.0	0	2418
0.496682464455	0.000947867298578	1	0.0	0	0.0	0	0.0	0	1055
0.554817275748	0.00996677740864	6	0.00166112956811	1	0.0	0	0.0	0	602
0.408314773571	0.0014847809948	2	0.0	0	0.0022271714922	3	0.0	0	1347
0.392561983471	0.00578512396694	7	0.00247933884298	3	0.0	0	0.000826446280992	1	1210
0.456859971711	0.001414427157	1	0.002828854314	2	0.0	0	0.0	0	707
0.540963855422	0.00481927710843	4	0.00120481927711	1	0.0	0	0.0	0	830
0.635135135135	0.0	0	0.0	0	0.0	0	0.0	0	222
0.612648221344	0.00395256916996	1	0.0	0	0.0	0	0.0	0	253
0.553333333333	0.00285714285714	3	0.0	0	0.0	0	0.0	0	1050
0.539215686275	0.00588235294118	3	0.00392156862745	2	0.0	0	0.0	0	510
0.506634499397	0.00241254523522	2	0.00120627261761	1	0.0	0	0.0	0	829
0.649006622517	0.00662251655629	1	0.0	0	0.0	0	0.0	0	151
0.373540856031	0.00129701686122	1	0.00259403372244	2	0.00259403372244	2	0.0	0	771
0.586805555556	0.00173611111111	1	0.00173611111111	1	0.0	0	0.0	0	576
0.321132259639	0.00292825768668	6	0.00341630063446	7	0.000976085895559	2	0.0	0	2049
0.654731457801	0.00255754475703	1	0.00511508951407	2	0.0	0	0.0	0	391
0.389402859546	0.00504625735913	6	0.0100925147183	12	0.0	0	0.0	0	1189
0.666666666667	0.0	0	0.0	0	0.0	0	0.0	0	108
0.446411012783	0.00196656833825	2	0.000983284169125	1	0.000983284169125	1	0.0	0	1017
0.46013986014	0.0041958041958	3	0.0013986013986	1	0.0013986013986	1	0.0	0	715
0.328021978022	0.00274725274725	5	0.00274725274725	5	0.0010989010989	2	0.0	0	1820
0.541666666667	0.0	0	0.0	0	0.0	0	0.0	0	336
0.438317757009	0.00841121495327	9	0.000934579439252	1	0.0	0	0.0	0	1070
0.377911993097	0.00431406384814	5	0.00258843830889	3	0.0	0	0.000862812769629	1	1159
0.488461538462	0.0	0	0.0115384615385	6	0.00192307692308	1	0.00192307692308	1	520
0.488955823293	0.00200803212851	2	0.00100401606426	1	0.0	0	0.00100401606426	1	996
0.419965576592	0.00344234079174	4	0.00344234079174	4	0.00172117039587	2	0.0	0	1162
0.426614481409	0.00293542074364	3	0.000978473581213	1	0.0	0	0.0	0	1022
0.432304038005	0.00316706254949	4	0.00237529691211	3	0.0	0	0.0	0	1263
0.511627906977	0.00166112956811	1	0.0	0	0.0	0	0.00166112956811	1	602
0.495750708215	0.0042492917847	3	0.0	0	0.0	0	0.0014164305949	1	706
0.425750394945	0.00552922590837	7	0.00157977883096	2	0.0	0	0.0	0	1266
0.666666666667	0.0	0	0.0	0	0.0	0	0.0	0	189
0.415973377704	0.00332778702163	2	0.0	0	0.00332778702163	2	0.00166389351082	1	601
0.569506726457	0.00149476831091	1	0.0	0	0.0	0	0.0	0	669
0.475067996374	0.00271985494107	3	0.00362647325476	4	0.00090661831369	1	0.0	0	1103
0.702127659574	0.00709219858156	1	0.0	0	0.0212765957447	3	0.00709219858156	1	141
0.497716894977	0.00456621004566	3	0.0	0	0.00152207001522	1	0.0	0	657
0.41127694859	0.0016583747927	2	0.00414593698176	5	0.0	0	0.0	0	1206
0.433846153846	0.00153846153846	1	0.0	0	0.00307692307692	2	0.00153846153846	1	650
0.642857142857	0.0	0	0.0	0	0.0	0	0.00375939849624	1	266
0.607894736842	0.00526315789474	2	0.00263157894737	1	0.0	0	0.00263157894737	1	380
0.492957746479	0.0	0	0.0	0	0.0	0	0.0	0	497
0.506666666667	0.0	0	0.00380952380952	2	0.00190476190476	1	0.0	0	525
0.432015429122	0.00578592092575	6	0.00578592092575	6	0.000964320154291	1	0.0	0	1037
0.558064516129	0.00806451612903	5	0.00161290322581	1	0.0	0	0.0	0	620
0.618644067797	0.0	0	0.0	0	0.0	0	0.0	0	118
0.507446808511	0.00425531914894	4	0.00106382978723	1	0.0	0	0.0	0	940
0.461340206186	0.00128865979381	1	0.00644329896907	5	0.00257731958763	2	0.0	0	776
0.375209380235	0.0100502512563	18	0.000558347292016	1	0.0	0	0.000558347292016	1	1791
0.463414634146	0.00853658536585	7	0.00853658536585	7	0.0	0	0.0	0	820
0.651041666667	0.0208333333333	4	0.0	0	0.0	0	0.0	0	192
0.665217391304	0.0	0	0.00434782608696	1	0.0	0	0.0	0	230
0.474452554745	0.00312825860271	3	0.00312825860271	3	0.0	0	0.00208550573514	2	959
0.407407407407	0.000536768652711	1	0.00107353730542	2	0.0	0	0.000536768652711	1	1863
0.392326732673	0.00247524752475	2	0.00371287128713	3	0.0049504950495	4	0.0	0	808
0.616279069767	0.00581395348837	1	0.0	0	0.0	0	0.0	0	172
0.384364820847	0.00130293159609	2	0.00325732899023	5	0.0	0	0.0	0	1535
0.46201743462	0.00996264009963	8	0.00124533001245	1	0.0	0	0.00124533001245	1	803
0.518796992481	0.00300751879699	2	0.0225563909774	15	0.0	0	0.0	0	665
0.327749860413	0.00390843104411	7	0.0	0	0.000558347292016	1	0.0	0	1791
0.53919239905	0.00237529691211	1	0.0	0	0.00237529691211	1	0.0	0	421
0.137193468699	0.00210881484606	35	0.0043381333976	72	0.00126528890763	21	0.000120503705489	2	16597
0.546153846154	0.00769230769231	3	0.0	0	0.0	0	0.0	0	390
0.492721164614	0.00111982082867	1	0.00447928331467	4	0.0	0	0.0	0	893
0.499453551913	0.00437158469945	4	0.0	0	0.0	0	0.00218579234973	2	915
0.535508637236	0.00191938579655	1	0.00191938579655	1	0.0	0	0.0	0	521
0.464412811388	0.0	0	0.0106761565836	12	0.000889679715302	1	0.0	0	1124
0.510961214165	0.00505902192243	3	0.00337268128162	2	0.00168634064081	1	0.0	0	593
0.459815546772	0.00263504611331	2	0.00395256916996	3	0.00131752305665	1	0.0	0	759
0.498172959805	0.00852618757613	7	0.0	0	0.00121802679659	1	0.00121802679659	1	821
0.614785992218	0.00778210116732	2	0.0	0	0.0	0	0.0	0	257
0.428079571538	0.000765110941086	2	0.0	0	0.0	0	0.0	0	2614
0.576982892691	0.00155520995334	1	0.0	0	0.0	0	0.00155520995334	1	643
0.478118161926	0.00437636761488	4	0.0	0	0.0	0	0.00109409190372	1	914
0.522546419098	0.00132625994695	1	0.0026525198939	2	0.0	0	0.0	0	754
0.486739469579	0.00780031201248	5	0.0	0	0.0	0	0.0	0	641
0.47985004686	0.00281162136832	3	0.00281162136832	3	0.000937207122774	1	0.0	0	1067
0.551330798479	0.00380228136882	1	0.0	0	0.0	0	0.0	0	263
0.50305997552	0.00734394124847	6	0.00244798041616	2	0.0	0	0.00122399020808	1	817
0.482240437158	0.00409836065574	3	0.00409836065574	3	0.0	0	0.0	0	732
0.424880382775	0.00478468899522	5	0.00191387559809	2	0.0	0	0.00287081339713	3	1045
0.493699885452	0.0	0	0.00229095074456	2	0.00114547537228	1	0.0	0	873
0.501196172249	0.00478468899522	4	0.0	0	0.0011961722488	1	0.0011961722488	1	836
0.456331877729	0.00109170305677	1	0.00109170305677	1	0.00109170305677	1	0.0	0	916
0.444034440344	0.00246002460025	2	0.0	0	0.00123001230012	1	0.0	0	813
0.43871399866	0.00937709310114	14	0.00267916945747	4	0.0	0	0.0	0	1493
0.437915742794	0.00776053215078	7	0.00221729490022	2	0.00221729490022	2	0.0	0	902
0.437537358039	0.0011954572624	2	0.00298864315601	5	0.00298864315601	5	0.0	0	1673
0.352264557872	0.00287562904385	4	0.000718907260963	1	0.000718907260963	1	0.0	0	1391
0.512796208531	0.00758293838863	8	0.0	0	0.00189573459716	2	0.000947867298578	1	1055
0.48984565394	0.00243704305443	3	0.0	0	0.000812347684809	1	0.000812347684809	1	1231
0.638888888889	0.0	0	0.0	0	0.0	0	0.0	0	252
0.533577533578	0.001221001221	1	0.0	0	0.001221001221	1	0.0	0	819
0.466057441253	0.00261096605744	2	0.00522193211488	4	0.00130548302872	1	0.00391644908616	3	766
0.435643564356	0.00609291698401	8	0.000761614623001	1	0.0	0	0.000761614623001	1	1313
0.388838475499	0.0	0	0.00181488203267	4	0.000453720508167	1	0.0	0	2204
0.448951048951	0.0	0	0.0	0	0.0	0	0.0	0	715
0.381742738589	0.00155601659751	3	0.00259336099585	5	0.0	0	0.00051867219917	1	1928
0.547511312217	0.00150829562594	1	0.00150829562594	1	0.00150829562594	1	0.0	0	663
0.676855895197	0.00436681222707	1	0.0	0	0.00436681222707	1	0.0	0	229
0.445805843544	0.00188501413761	2	0.00471253534402	5	0.0	0	0.00188501413761	2	1061
0.540481400438	0.0	0	0.0	0	0.0	0	0.0	0	457
0.459102902375	0.000879507475814	1	0.00175901495163	2	0.000879507475814	1	0.0	0	1137
0.52247873633	0.00364520048603	3	0.00121506682868	1	0.0	0	0.0	0	823
0.490927419355	0.00907258064516	9	0.0	0	0.0	0	0.0	0	992
0.524781341108	0.00583090379009	4	0.00145772594752	1	0.0	0	0.0	0	686
0.518742442563	0.00120918984281	1	0.00120918984281	1	0.0	0	0.0	0	827
0.502774694784	0.00443951165372	4	0.00221975582686	2	0.00110987791343	1	0.00332963374029	3	901
0.581920903955	0.0	0	0.00564971751412	2	0.0	0	0.0	0	354
0.618644067797	0.00282485875706	1	0.00847457627119	3	0.0	0	0.0	0	354
0.524722502523	0.0	0	0.0	0	0.00100908173562	1	0.0	0	991
0.491039426523	0.00119474313023	1	0.00597371565114	5	0.00119474313023	1	0.00119474313023	1	837
0.489924433249	0.0	0	0.00377833753149	3	0.00503778337531	4	0.0	0	794
0.505154639175	0.019145802651	13	0.00147275405007	1	0.0	0	0.0	0	679
0.534059945504	0.00544959128065	4	0.00136239782016	1	0.00136239782016	1	0.0	0	734
0.456538762725	0.00313234142522	4	0.0	0	0.000783085356304	1	0.000783085356304	1	1277
0.465783664459	0.00110375275938	1	0.00551876379691	5	0.00110375275938	1	0.00110375275938	1	906
0.515452538631	0.0	0	0.00662251655629	6	0.00331125827815	3	0.0	0	906
0.480043149946	0.00431499460626	4	0.00970873786408	9	0.0	0	0.0	0	927
0.651351351351	0.0027027027027	1	0.0	0	0.0	0	0.0	0	370
0.491349480969	0.00461361014994	4	0.00346020761246	3	0.00115340253749	1	0.0	0	867
0.565217391304	0.00621118012422	2	0.0	0	0.0	0	0.0	0	322
0.409392999557	0.00132919805051	3	0.00177226406735	4	0.000443066016837	1	0.000443066016837	1	2257
0.534055727554	0.0	0	0.0	0	0.0	0	0.0	0	646
0.407932011331	0.0028328611898	4	0.0028328611898	4	0.0	0	0.0	0	1412
0.447899159664	0.00840336134454	10	0.00504201680672	6	0.0	0	0.0	0	1190
0.490767735666	0.00291545189504	3	0.0	0	0.000971817298348	1	0.0	0	1029
0.436637390213	0.00250941028858	2	0.00501882057716	4	0.00125470514429	1	0.0	0	797
0.356888168558	0.00713128038898	22	0.00194489465154	6	0.00162074554295	5	0.00194489465154	6	3085
0.471666666667	0.00166666666667	2	0.0025	3	0.00166666666667	2	0.0	0	1200
0.520770010132	0.00607902735562	6	0.0	0	0.0	0	0.0	0	987
0.498402555911	0.0117145899894	11	0.00319488817891	3	0.00319488817891	3	0.0	0	939
0.468065693431	0.0036496350365	4	0.0	0	0.00273722627737	3	0.000912408759124	1	1096
0.827586206897	0.0	0	0.0	0	0.0	0	0.0	0	29
0.516793066089	0.0	0	0.00108342361863	1	0.0	0	0.0	0	923
0.573643410853	0.0077519379845	3	0.0	0	0.0	0	0.0	0	387
0.540337711069	0.0	0	0.00187617260788	1	0.0	0	0.0	0	533
0.497784342688	0.00221565731167	3	0.000738552437223	1	0.0	0	0.0	0	1354
0.408088235294	0.0101102941176	11	0.00183823529412	2	0.0	0	0.0	0	1088
0.423992673993	0.0	0	0.0	0	0.010989010989	12	0.0	0	1092
0.38622754491	0.00449101796407	9	0.000998003992016	2	0.000998003992016	2	0.00149700598802	3	2004
0.427174975562	0.00684261974585	7	0.0058651026393	6	0.000977517106549	1	0.0	0	1023
0.502544529262	0.00763358778626	6	0.00508905852417	4	0.00381679389313	3	0.0	0	786
0.502525252525	0.010101010101	8	0.00126262626263	1	0.0	0	0.00126262626263	1	792
0.413651877133	0.00682593856655	10	0.00546075085324	8	0.0	0	0.0	0	1465
0.507792207792	0.0038961038961	3	0.0	0	0.0	0	0.0	0	770
0.431131592422	0.00256016385049	5	0.0	0	0.0	0	0.000512032770097	1	1953
0.435258964143	0.00597609561753	6	0.0229083665339	23	0.00199203187251	2	0.000996015936255	1	1004
0.668639053254	0.0	0	0.0	0	0.0	0	0.0	0	169
0.524210526316	0.0	0	0.00210526315789	1	0.0	0	0.0	0	475
0.133121468927	0.00300141242938	51	0.00488465160075	83	0.00141242937853	24	0.000117702448211	2	16992
0.638596491228	0.00350877192982	1	0.0	0	0.00350877192982	1	0.0	0	285
0.557522123894	0.0132743362832	6	0.0	0	0.0	0	0.0	0	452
0.503875968992	0.0077519379845	7	0.0	0	0.0	0	0.0	0	903
0.58950617284	0.0	0	0.00617283950617	2	0.0	0	0.0	0	324
0.56345177665	0.0	0	0.00507614213198	2	0.0	0	0.0	0	394
0.138894107333	0.0043208716889	69	0.00281795979711	45	0.00125242657649	20	0.000125242657649	2	15969
0.394346289753	0.00636042402827	9	0.00212014134276	3	0.00494699646643	7	0.0	0	1415
0.325503355705	0.00838926174497	10	0.00587248322148	7	0.00251677852349	3	0.0	0	1192
0.39628681178	0.00192061459667	6	0.000640204865557	2	0.000320102432778	1	0.0	0	3124
0.609467455621	0.0	0	0.00197238658777	1	0.0	0	0.0	0	507
0.456329735034	0.0	0	0.000981354268891	1	0.00196270853778	2	0.000981354268891	1	1019
0.490603363007	0.00197823936696	2	0.0	0	0.0	0	0.0	0	1011
0.205698778833	0.00461329715061	34	0.00149253731343	11	0.000814111261872	6	0.0	0	7370
0.524324324324	0.0018018018018	1	0.0018018018018	1	0.0	0	0.0	0	555
0.256907825353	0.00717148280953	34	0.00168740771989	8	0.00189833368488	9	0.00232018561485	11	4741
0.615740740741	0.00925925925926	2	0.0	0	0.0	0	0.0	0	216
0.426582278481	0.00379746835443	3	0.00253164556962	2	0.00379746835443	3	0.0	0	790
0.4404296875	0.001953125	2	0.001953125	2	0.0009765625	1	0.0029296875	3	1024
0.450839328537	0.0083932853717	7	0.00239808153477	2	0.0	0	0.0	0	834
0.270735524257	0.00678142931664	13	0.00417318727178	8	0.00156494522692	3	0.0	0	1917
0.324797268459	0.0089628681178	21	0.000853606487409	2	0.000426803243705	1	0.00170721297482	4	2343
0.496850393701	0.00157480314961	2	0.00157480314961	2	0.00157480314961	2	0.0	0	1270
0.351375332742	0.00354924578527	4	0.00621118012422	7	0.0	0	0.0	0	1127
0.446735395189	0.0	0	0.0	0	0.0	0	0.0	0	873
0.235541535226	0.00184016824395	7	0.00630914826498	24	0.000788643533123	3	0.0	0	3804
0.511627906977	0.00436046511628	3	0.00145348837209	1	0.00145348837209	1	0.0	0	688
0.467741935484	0.00215053763441	2	0.0	0	0.0010752688172	1	0.0	0	930
0.547112462006	0.00151975683891	1	0.0	0	0.00151975683891	1	0.0	0	658
0.541353383459	0.0	0	0.0	0	0.0	0	0.0	0	399
0.565610859729	0.00678733031674	3	0.00452488687783	2	0.00226244343891	1	0.00452488687783	2	442
0.566037735849	0.0020964360587	1	0.0	0	0.0	0	0.0	0	477
0.469551282051	0.00400641025641	5	0.00400641025641	5	0.0	0	0.0	0	1248
0.47855530474	0.00112866817156	1	0.00112866817156	1	0.0	0	0.0	0	886
0.317066805846	0.0018267223382	7	0.00130480167015	5	0.000782881002088	3	0.000260960334029	1	3832
0.454258675079	0.00630914826498	6	0.00525762355415	5	0.00315457413249	3	0.00105152471083	1	951
0.518691588785	0.0	0	0.00233644859813	2	0.0	0	0.0	0	856
0.200800376648	0.0010593220339	9	0.00164783427495	14	0.00153013182674	13	0.000117702448211	1	8496
0.457987072946	0.00738688827331	8	0.000923361034164	1	0.0	0	0.000923361034164	1	1083
0.142754616037	0.00456710380375	70	0.00254452926209	39	0.00143537548118	22	0.000130488680107	2	15327
0.391145833333	0.003125	6	0.00520833333333	10	0.0	0	0.00104166666667	2	1920
0.28353909465	0.00185185185185	9	0.00164609053498	8	0.000205761316872	1	0.00082304526749	4	4860
0.170354265251	0.0020462974805	16	0.00281365903568	22	0.00140682951784	11	0.0	0	7819
0.484389782403	0.00662251655629	7	0.0	0	0.0	0	0.0	0	1057
0.507552870091	0.00604229607251	4	0.0	0	0.0	0	0.00151057401813	1	662
0.5	0.011655011655	10	0.002331002331	2	0.0011655011655	1	0.0011655011655	1	858
0.478760045924	0.00229621125144	2	0.0	0	0.0	0	0.0	0	871
0.230718667835	0.00273882559159	25	0.0012050832603	11	0.000438212094654	4	0.000109553023663	1	9128
0.572815533981	0.0	0	0.0	0	0.0	0	0.0	0	309
0.478106508876	0.00118343195266	1	0.0	0	0.0	0	0.0	0	845
0.524372230428	0.00738552437223	5	0.0	0	0.00147710487445	1	0.00147710487445	1	677
0.597752808989	0.0	0	0.0	0	0.0	0	0.0	0	445
0.481912144703	0.0116279069767	9	0.00645994832041	5	0.0077519379845	6	0.0	0	774
0.599514563107	0.00485436893204	2	0.00242718446602	1	0.00242718446602	1	0.0	0	412
0.140320269176	0.00305314972896	49	0.00292853137267	47	0.000810019315845	13	0.0	0	16049
0.440763615946	0.00112296462661	2	0.0	0	0.00224592925323	4	0.0	0	1781
0.425299323269	0.00104112441437	2	0.00156168662155	3	0.00364393545029	7	0.0	0	1921
0.553530751708	0.0113895216401	5	0.00227790432802	1	0.0	0	0.0	0	439
0.517857142857	0.00198412698413	1	0.00396825396825	2	0.00396825396825	2	0.00198412698413	1	504
0.502982107356	0.0	0	0.0	0	0.0	0	0.0	0	503
0.481644640235	0.0014684287812	1	0.00293685756241	2	0.0	0	0.0	0	681
0.613924050633	0.00316455696203	1	0.00316455696203	1	0.0	0	0.0	0	316
0.496197718631	0.00570342205323	3	0.00950570342205	5	0.0	0	0.00190114068441	1	526
0.400923787529	0.00230946882217	5	0.000461893764434	1	0.0013856812933	3	0.000461893764434	1	2165
0.542805100182	0.00182149362477	1	0.0	0	0.0	0	0.0	0	549
0.463298379409	0.00571973307912	6	0.00381315538608	4	0.00095328884652	1	0.0	0	1049
0.481985044188	0.000679809653297	1	0.00135961930659	2	0.0	0	0.0	0	1471
0.521489971347	0.0	0	0.00429799426934	3	0.00573065902579	4	0.0	0	698
0.413157894737	0.00438596491228	5	0.000877192982456	1	0.000877192982456	1	0.0	0	1140
0.493902439024	0.000871080139373	1	0.000871080139373	1	0.000871080139373	1	0.0	0	1148
0.475982532751	0.00436681222707	3	0.0101892285298	7	0.00145560407569	1	0.00145560407569	1	687
0.432530120482	0.00120481927711	2	0.000602409638554	1	0.00120481927711	2	0.0	0	1660
0.463978849967	0.00132187706543	2	0.00132187706543	2	0.00198281559815	3	0.0	0	1513
0.555555555556	0.00716845878136	4	0.0	0	0.00179211469534	1	0.0	0	558
0.491862567812	0.00361663652803	2	0.00180831826401	1	0.0	0	0.0	0	553
0.463485881207	0.00973709834469	10	0.00389483933788	4	0.0	0	0.0	0	1027
0.403106508876	0.00443786982249	6	0.0	0	0.000739644970414	1	0.000739644970414	1	1352
0.527613412229	0.00197238658777	2	0.000986193293886	1	0.0	0	0.0	0	1014
0.504143646409	0.00690607734807	5	0.00276243093923	2	0.0	0	0.0	0	724
0.476878612717	0.0014450867052	1	0.0101156069364	7	0.0	0	0.0	0	692
0.461024498886	0.0133630289532	12	0.0	0	0.0011135857461	1	0.0	0	898
0.456921587609	0.000968054211036	1	0.000968054211036	1	0.0	0	0.0	0	1033
0.598326359833	0.0167364016736	4	0.0125523012552	3	0.0	0	0.00418410041841	1	239
0.487404162103	0.00547645125958	5	0.00438116100767	4	0.00328587075575	3	0.00219058050383	2	913
0.614814814815	0.0037037037037	1	0.0037037037037	1	0.0037037037037	1	0.0	0	270
0.49465648855	0.00610687022901	4	0.00152671755725	1	0.00763358778626	5	0.00152671755725	1	655
0.447669305189	0.00263852242744	3	0.000879507475814	1	0.000879507475814	1	0.0	0	1137
0.494478527607	0.0110429447853	9	0.00245398773006	2	0.0	0	0.00122699386503	1	815
0.634146341463	0.00487804878049	2	0.0	0	0.0	0	0.0	0	410
0.442647058824	0.00147058823529	1	0.00294117647059	2	0.00147058823529	1	0.0	0	680
0.574821852732	0.00475059382423	2	0.00237529691211	1	0.00475059382423	2	0.0	0	421
0.460969044415	0.00605652759085	9	0.0	0	0.0	0	0.000672947510094	1	1486
0.517006802721	0.0113378684807	5	0.0	0	0.00226757369615	1	0.0	0	441
0.529411764706	0.00280112044818	2	0.0	0	0.0	0	0.00140056022409	1	714
0.429777436685	0.00537221795856	7	0.00306983883346	4	0.000767459708365	1	0.000767459708365	1	1303
0.508960573477	0.00537634408602	3	0.0	0	0.00179211469534	1	0.0	0	558
0.465827338129	0.00539568345324	3	0.00719424460432	4	0.00179856115108	1	0.00539568345324	3	556
0.525390625	0.0009765625	1	0.0	0	0.0009765625	1	0.0009765625	1	1024
0.546666666667	0.00222222222222	1	0.00222222222222	1	0.0	0	0.0	0	450
0.535	0.005	1	0.0	0	0.0	0	0.0	0	200
0.418729817008	0.005382131324	5	0.0021528525296	2	0.0	0	0.0	0	929
0.481481481481	0.00578703703704	5	0.00115740740741	1	0.0	0	0.0	0	864
0.53298835705	0.00388098318241	3	0.00388098318241	3	0.0	0	0.0	0	773
0.574585635359	0.00184162062615	1	0.0	0	0.0	0	0.0	0	543
0.542039355993	0.00357781753131	2	0.0	0	0.0	0	0.0	0	559
0.478513356562	0.00116144018583	1	0.0	0	0.00116144018583	1	0.0	0	861
0.512249443207	0.011135857461	5	0.0	0	0.0	0	0.0	0	449
0.486787204451	0.0	0	0.00695410292072	5	0.0	0	0.0	0	719
0.52846975089	0.0017793594306	1	0.0	0	0.0	0	0.0	0	562
0.521551724138	0.0	0	0.00431034482759	2	0.0	0	0.0	0	464
0.540037243948	0.0	0	0.0	0	0.0	0	0.0	0	537
0.459807073955	0.0117899249732	11	0.0021436227224	2	0.0	0	0.0	0	933
0.554079696395	0.00189753320683	1	0.00948766603416	5	0.00189753320683	1	0.0	0	527
0.445846477392	0.00841219768665	8	0.00105152471083	1	0.0	0	0.0	0	951
0.521739130435	0.00277520814061	3	0.000925069380204	1	0.000925069380204	1	0.0	0	1081
0.420056100982	0.00771388499299	11	0.0	0	0.00070126227209	1	0.0	0	1426
0.519417475728	0.00323624595469	2	0.00323624595469	2	0.0	0	0.0	0	618
0.505033557047	0.0	0	0.00167785234899	1	0.0	0	0.0	0	596
0.612121212121	0.0030303030303	1	0.0	0	0.0	0	0.0	0	330
0.520729684909	0.0	0	0.0016583747927	1	0.0016583747927	1	0.0016583747927	1	603
0.497942386831	0.0	0	0.00205761316872	1	0.00205761316872	1	0.0	0	486
0.588021778584	0.0	0	0.00362976406534	2	0.00181488203267	1	0.0	0	551
0.41425389755	0.0103934669636	14	0.0022271714922	3	0.0	0	0.0	0	1347
0.471661863593	0.0105667627281	11	0.00384245917387	4	0.000960614793468	1	0.0	0	1041
0.604651162791	0.0	0	0.0	0	0.0	0	0.0	0	258
0.5004995005	0.000999000999001	1	0.00799200799201	8	0.0	0	0.0	0	1001
0.44452149792	0.00901525658807	13	0.00624133148405	9	0.000693481276006	1	0.00138696255201	2	1442
0.513924050633	0.00253164556962	2	0.00886075949367	7	0.00379746835443	3	0.00253164556962	2	790
0.512770137525	0.00196463654224	1	0.0098231827112	5	0.0	0	0.00196463654224	1	509
0.407817109145	0.00516224188791	7	0.00516224188791	7	0.00147492625369	2	0.000737463126844	1	1356
0.436260623229	0.0113314447592	12	0.00377714825307	4	0.0028328611898	3	0.0028328611898	3	1059
0.475627769572	0.0	0	0.0	0	0.0	0	0.0	0	677
0.50643776824	0.00286123032904	2	0.0114449213162	8	0.00143061516452	1	0.0	0	699
0.461663947798	0.00163132137031	1	0.00489396411093	3	0.0	0	0.0	0	613
0.628571428571	0.0	0	0.0	0	0.0	0	0.0	0	315
0.474327628362	0.00122249388753	1	0.00366748166259	3	0.00122249388753	1	0.0	0	818
0.441199684294	0.000789265982636	1	0.0	0	0.0	0	0.0	0	1267
0.487238979118	0.00696055684455	6	0.00116009280742	1	0.00232018561485	2	0.0	0	862
0.512711864407	0.0127118644068	9	0.0	0	0.0	0	0.0	0	708
0.512274959083	0.0	0	0.0	0	0.0	0	0.00163666121113	1	611
0.493368700265	0.00397877984085	3	0.0026525198939	2	0.0	0	0.00132625994695	1	754
0.487528344671	0.00226757369615	2	0.00113378684807	1	0.00113378684807	1	0.0	0	882
0.469696969697	0.0218855218855	13	0.0016835016835	1	0.0	0	0.0	0	594
0.785714285714	0.0	0	0.0	0	0.0	0	0.0	0	56
0.46176046176	0.004329004329	3	0.001443001443	1	0.0	0	0.0	0	693
0.522093023256	0.00232558139535	2	0.00581395348837	5	0.0	0	0.0	0	860
0.480611045828	0.00235017626322	2	0.00470035252644	4	0.0	0	0.00117508813161	1	851
0.497942386831	0.0	0	0.0	0	0.00102880658436	1	0.0	0	972
0.741071428571	0.00446428571429	1	0.0	0	0.0	0	0.0	0	224
0.489003880983	0.0012936610608	1	0.00646830530401	5	0.0012936610608	1	0.0012936610608	1	773
0.552278820375	0.00268096514745	1	0.0	0	0.0	0	0.0	0	373
0.623655913978	0.0	0	0.0	0	0.0	0	0.0	0	279
0.511940298507	0.00149253731343	1	0.00149253731343	1	0.00149253731343	1	0.0	0	670
0.365400843882	0.00168776371308	4	0.00126582278481	3	0.00042194092827	1	0.0	0	2370
0.537634408602	0.00430107526882	2	0.00645161290323	3	0.0	0	0.0	0	465
0.632411067194	0.00790513833992	2	0.0	0	0.0	0	0.0	0	253
0.467059980334	0.00688298918387	7	0.000983284169125	1	0.0	0	0.0	0	1017
0.575275397797	0.00856793145655	7	0.0	0	0.0	0	0.0	0	817
0.554347826087	0.0	0	0.0036231884058	1	0.0	0	0.0	0	276
0.451247165533	0.0226757369615	10	0.0	0	0.0	0	0.0	0	441
0.496010638298	0.00531914893617	4	0.0	0	0.0	0	0.0	0	752
0.527431421446	0.00249376558603	2	0.00124688279302	1	0.00374064837905	3	0.0	0	802
0.465798045603	0.00325732899023	3	0.00217155266015	2	0.00325732899023	3	0.00108577633008	1	921
0.46455026455	0.0031746031746	3	0.0021164021164	2	0.0010582010582	1	0.0	0	945
0.425925925926	0.0	0	0.00231481481481	2	0.0	0	0.0	0	864
0.449348044132	0.00601805416249	6	0.00902708124373	9	0.00100300902708	1	0.0	0	997
0.577639751553	0.0	0	0.00621118012422	1	0.0	0	0.0	0	161
0.473325766175	0.0011350737798	1	0.00227014755959	2	0.0011350737798	1	0.0	0	881
0.546165884194	0.00469483568075	3	0.00625978090767	4	0.00312989045383	2	0.0	0	639
0.456984273821	0.00740055504163	8	0.000925069380204	1	0.000925069380204	1	0.00277520814061	3	1081
0.485642946317	0.00499375780275	4	0.00124843945069	1	0.0	0	0.0	0	801
0.520710059172	0.00147928994083	1	0.00147928994083	1	0.0	0	0.0	0	676
0.558260869565	0.0191304347826	11	0.0	0	0.0	0	0.0	0	575
0.440713536201	0.00419727177335	4	0.00524658971668	5	0.0	0	0.0	0	953
0.5337995338	0.02331002331	10	0.0	0	0.002331002331	1	0.0	0	429
0.464093357271	0.00179533213645	2	0.0116696588869	13	0.0	0	0.0	0	1114
0.577197149644	0.00475059382423	2	0.0	0	0.0	0	0.0	0	421
0.503039513678	0.00303951367781	2	0.00151975683891	1	0.00607902735562	4	0.00455927051672	3	658
0.356824925816	0.000741839762611	2	0.00185459940653	5	0.000741839762611	2	0.0	0	2696
0.467618002195	0.00219538968167	2	0.00439077936334	4	0.0	0	0.00219538968167	2	911
0.498452012384	0.015479876161	10	0.0	0	0.0	0	0.0	0	646
0.49715370019	0.00379506641366	2	0.0	0	0.0	0	0.00569259962049	3	527
0.519181585678	0.0179028132992	7	0.0	0	0.0	0	0.0	0	391
0.466976744186	0.00651162790698	7	0.0	0	0.0	0	0.0	0	1075
0.430738119312	0.00505561172902	5	0.00202224469161	2	0.0	0	0.0	0	989
0.52188006483	0.00486223662885	3	0.0	0	0.00162074554295	1	0.00486223662885	3	617
0.538659793814	0.00128865979381	1	0.00257731958763	2	0.00257731958763	2	0.0	0	776
0.471275559883	0.000973709834469	1	0.00389483933788	4	0.00292112950341	3	0.00194741966894	2	1027
0.513265306122	0.0234693877551	23	0.0	0	0.0	0	0.0	0	980
0.455759599332	0.00333889816361	4	0.00584307178631	7	0.0025041736227	3	0.0	0	1198
0.565445026178	0.0	0	0.0	0	0.0	0	0.0	0	573
0.499075785582	0.00277264325323	3	0.00184842883549	2	0.000924214417745	1	0.000924214417745	1	1082
0.487373737374	0.00757575757576	6	0.0	0	0.0	0	0.0	0	792
0.496957403651	0.0	0	0.00101419878296	1	0.0	0	0.0	0	986
0.42166344294	0.000644745325596	1	0.00451321727917	7	0.00128949065119	2	0.0	0	1551
0.485889570552	0.00122699386503	1	0.00245398773006	2	0.00122699386503	1	0.0	0	815
0.455097087379	0.0230582524272	19	0.00121359223301	1	0.0	0	0.0	0	824
0.441102756892	0.00501253132832	4	0.0062656641604	5	0.00125313283208	1	0.00250626566416	2	798
0.534450651769	0.00372439478585	2	0.0	0	0.0	0	0.0	0	537
0.523427041499	0.0053547523427	4	0.0	0	0.0	0	0.0	0	747
0.444639718805	0.0079086115993	9	0.0	0	0.0	0	0.0	0	1138
0.46036036036	0.0018018018018	2	0.0045045045045	5	0.000900900900901	1	0.0	0	1110
0.483735571878	0.00419727177335	4	0.0	0	0.00419727177335	4	0.00419727177335	4	953
0.581120943953	0.0	0	0.0117994100295	4	0.0	0	0.0	0	339
0.430650684932	0.00856164383562	10	0.00256849315068	3	0.00171232876712	2	0.0	0	1168
0.557768924303	0.00597609561753	3	0.0	0	0.0	0	0.0	0	502
0.453086419753	0.00246913580247	2	0.00123456790123	1	0.00246913580247	2	0.00123456790123	1	810
0.532697547684	0.00953678474114	7	0.0	0	0.00136239782016	1	0.00136239782016	1	734
0.386613386613	0.004995004995	5	0.0	0	0.000999000999001	1	0.0	0	1001
0.455365193868	0.000901713255185	1	0.00180342651037	2	0.0	0	0.00180342651037	2	1109
0.292712649281	0.00658055081648	27	0.00194979283451	8	0.00146234462588	6	0.00389958566902	16	4103
0.302277857583	0.00246254873794	12	0.0028729735276	14	0.0	0	0.000410424789657	2	4873
0.526539278132	0.00424628450106	2	0.0	0	0.0	0	0.0	0	471
0.405	0.000833333333333	1	0.0	0	0.00416666666667	5	0.0	0	1200
0.50253164557	0.00506329113924	4	0.0	0	0.00126582278481	1	0.00126582278481	1	790
0.4648	0.0016	2	0.0	0	0.0	0	0.0	0	1250
0.484668644906	0.00395647873393	4	0.00296735905045	3	0.000989119683482	1	0.0	0	1011
0.45	0.00108695652174	1	0.0	0	0.0	0	0.00217391304348	2	920
0.484098939929	0.00353356890459	3	0.00117785630153	1	0.0	0	0.0	0	849
0.482517482517	0.0041958041958	3	0.0	0	0.0	0	0.0	0	715
0.467153284672	0.00312825860271	3	0.0	0	0.0	0	0.00417101147028	4	959
0.481865284974	0.00172711571675	1	0.0	0	0.0	0	0.0	0	579
0.513513513514	0.00579150579151	3	0.0019305019305	1	0.0	0	0.0	0	518
0.546774193548	0.0	0	0.00161290322581	1	0.00645161290323	4	0.0	0	620
0.519093078759	0.00596658711217	5	0.0	0	0.0	0	0.0	0	838
0.459692898273	0.00767754318618	8	0.00383877159309	4	0.00479846449136	5	0.0	0	1042
0.622073578595	0.0133779264214	4	0.0	0	0.00334448160535	1	0.0066889632107	2	299
0.489819004525	0.00226244343891	2	0.00339366515837	3	0.00113122171946	1	0.00339366515837	3	884
0.516268980477	0.0	0	0.0	0	0.0	0	0.0	0	461
0.547297297297	0.0112612612613	5	0.0	0	0.0	0	0.0	0	444
0.511930585683	0.00650759219089	6	0.00216919739696	2	0.00108459869848	1	0.0	0	922
0.572093023256	0.00232558139535	1	0.0	0	0.0	0	0.0	0	430
0.478076379066	0.0	0	0.0	0	0.0	0	0.0	0	707
0.69111969112	0.019305019305	5	0.0	0	0.0	0	0.0	0	259
0.53814147018	0.00693481276006	5	0.0	0	0.00138696255201	1	0.0	0	721
0.441651705566	0.00179533213645	1	0.0	0	0.0	0	0.0	0	557
0.489757914339	0.00744878957169	4	0.00186219739292	1	0.0	0	0.0	0	537
0.489378442172	0.00550747442958	7	0.00157356412274	2	0.0	0	0.0	0	1271
0.479604449938	0.0185414091471	15	0.00247218788628	2	0.00123609394314	1	0.0	0	809
0.454674220963	0.0042492917847	3	0.0	0	0.0014164305949	1	0.0	0	706
0.458977407848	0.00475624256837	4	0.00118906064209	1	0.00237812128419	2	0.0	0	841
0.533468559838	0.0	0	0.0	0	0.0	0	0.0	0	493
0.482378854626	0.0011013215859	1	0.0	0	0.0	0	0.0011013215859	1	908
0.477124183007	0.00435729847495	4	0.00108932461874	1	0.0	0	0.00217864923747	2	918
0.559479553903	0.0	0	0.0	0	0.0	0	0.00185873605948	1	538
0.488372093023	0.00436046511628	3	0.00145348837209	1	0.0	0	0.00145348837209	1	688
0.508806262231	0.00587084148728	3	0.0	0	0.0	0	0.00195694716243	1	511
0.47571942446	0.00269784172662	3	0.00179856115108	2	0.00089928057554	1	0.0	0	1112
0.457739791073	0.00569800569801	6	0.0	0	0.0	0	0.0	0	1053
0.541666666667	0.00735294117647	3	0.0	0	0.00245098039216	1	0.0	0	408
0.530487804878	0.0020325203252	1	0.0020325203252	1	0.0	0	0.0	0	492
0.535836177474	0.0	0	0.0	0	0.00170648464164	1	0.00511945392491	3	586
0.482161060143	0.00305810397554	3	0.00305810397554	3	0.0	0	0.0	0	981
0.405683488486	0.00195982361587	4	0.00146986771191	3	0.0	0	0.000489955903969	1	2041
0.398504273504	0.00213675213675	2	0.00213675213675	2	0.0	0	0.0	0	936
0.432914738929	0.00859220092531	13	0.00462656972902	7	0.0	0	0.0	0	1513
0.531791907514	0.0014450867052	1	0.0	0	0.0	0	0.0	0	692
0.582222222222	0.0133333333333	3	0.0	0	0.0	0	0.0	0	225
0.462780898876	0.00351123595506	5	0.00421348314607	6	0.0	0	0.000702247191011	1	1424
0.655601659751	0.00414937759336	1	0.0	0	0.0	0	0.0	0	241
0.555555555556	0.00803212851406	6	0.00669344042838	5	0.00267737617135	2	0.0	0	747
0.441176470588	0.00196078431373	2	0.000980392156863	1	0.0	0	0.0	0	1020
0.522147651007	0.00536912751678	4	0.00268456375839	2	0.00134228187919	1	0.0	0	745
0.487341772152	0.00158227848101	1	0.00474683544304	3	0.0	0	0.0	0	632
0.511520737327	0.00768049155146	5	0.0	0	0.0	0	0.0	0	651
0.389016018307	0.00228832951945	6	0.00114416475973	3	0.000762776506484	2	0.0	0	2622
0.679104477612	0.0	0	0.0	0	0.0	0	0.0	0	134
0.469090909091	0.00363636363636	3	0.0	0	0.0	0	0.0	0	825
0.545757071547	0.0	0	0.00332778702163	2	0.00166389351082	1	0.00332778702163	2	601
0.418308227115	0.00115874855156	2	0.00115874855156	2	0.0	0	0.0	0	1726
0.47972972973	0.0	0	0.0	0	0.0	0	0.0	0	444
0.553930530165	0.0054844606947	3	0.0	0	0.0	0	0.0	0	547
0.520771513353	0.00593471810089	4	0.00148367952522	1	0.00148367952522	1	0.0	0	674
0.459176552687	0.00558269364969	8	0.000697836706211	1	0.00139567341242	2	0.0	0	1433
0.525849335303	0.00147710487445	1	0.0	0	0.0	0	0.0	0	677
0.479553903346	0.00495662949195	4	0.00123915737299	1	0.0	0	0.0	0	807
0.482059282371	0.00468018720749	3	0.0015600624025	1	0.0	0	0.0	0	641
0.598639455782	0.0136054421769	4	0.0	0	0.0	0	0.0	0	294
0.707317073171	0.0325203252033	4	0.0	0	0.0	0	0.0	0	123
0.543338683788	0.000802568218299	1	0.0	0	0.0	0	0.000802568218299	1	1246
0.483905579399	0.0118025751073	11	0.00107296137339	1	0.0	0	0.0	0	932
0.428671328671	0.0	0	0.0041958041958	6	0.0	0	0.000699300699301	1	1430
0.594155844156	0.0	0	0.0	0	0.0	0	0.0	0	308
0.520628683694	0.0117878192534	6	0.00196463654224	1	0.0	0	0.0	0	509
0.518681318681	0.0021978021978	1	0.0	0	0.0021978021978	1	0.0	0	455
0.443319838057	0.00202429149798	2	0.00404858299595	4	0.00101214574899	1	0.0	0	988
0.56798245614	0.0	0	0.00219298245614	1	0.0	0	0.0	0	456
0.465470852018	0.0107623318386	12	0.000896860986547	1	0.0	0	0.0	0	1115
0.411665257819	0.00760777683855	9	0.00253592561285	3	0.0	0	0.000845308537616	1	1183
0.514962593516	0.00124688279302	1	0.00374064837905	3	0.0	0	0.0	0	802
0.503546099291	0.00236406619385	1	0.0	0	0.0	0	0.0	0	423
0.508196721311	0.00327868852459	2	0.0016393442623	1	0.0	0	0.0	0	610
0.518891687657	0.0	0	0.0	0	0.0	0	0.0	0	397
0.533527696793	0.0102040816327	7	0.0	0	0.0	0	0.0	0	686
0.683333333333	0.0111111111111	2	0.00555555555556	1	0.0	0	0.0	0	180
0.483950617284	0.00123456790123	1	0.0	0	0.0037037037037	3	0.0	0	810
0.414828065991	0.00397535281256	20	0.00198767640628	10	0.000596302921884	3	0.0	0	5031
0.551111111111	0.00444444444444	2	0.0	0	0.0	0	0.00222222222222	1	450
0.458659704091	0.00783289817232	9	0.00522193211488	6	0.00261096605744	3	0.0	0	1149
0.475920679887	0.00472143531634	5	0.0	0	0.0	0	0.0	0	1059
0.494880546075	0.00511945392491	3	0.0	0	0.0	0	0.0	0	586
0.456233421751	0.0026525198939	2	0.0	0	0.0	0	0.0026525198939	2	754
0.464619492657	0.00400534045394	3	0.00133511348465	1	0.00133511348465	1	0.0	0	749
0.486524822695	0.00851063829787	6	0.00141843971631	1	0.0	0	0.0	0	705
0.434650455927	0.00121580547112	2	0.00182370820669	3	0.000607902735562	1	0.0	0	1645
0.488706365503	0.0	0	0.0	0	0.0	0	0.0	0	487
0.415964024733	0.00562113546936	10	0.000562113546936	1	0.00112422709387	2	0.0	0	1779
0.515315315315	0.0018018018018	1	0.0036036036036	2	0.0	0	0.0	0	555
0.542279411765	0.00735294117647	4	0.00183823529412	1	0.0	0	0.0	0	544
0.543859649123	0.00250626566416	1	0.00501253132832	2	0.00501253132832	2	0.0	0	399
0.506900878294	0.00627352572146	5	0.0	0	0.00125470514429	1	0.0	0	797
0.407848633497	0.00490539593553	7	0.0021023125438	3	0.0	0	0.0	0	1427
0.497737556561	0.00452488687783	5	0.00361990950226	4	0.00633484162896	7	0.0	0	1105
0.533607681756	0.00137174211248	1	0.00274348422497	2	0.0	0	0.00137174211248	1	729
0.453987730061	0.0153374233129	10	0.00153374233129	1	0.00153374233129	1	0.0	0	652
0.519955654102	0.0	0	0.00110864745011	1	0.0	0	0.0	0	902
0.513227513228	0.0119047619048	9	0.0	0	0.00132275132275	1	0.0	0	756
0.575221238938	0.0132743362832	6	0.0	0	0.0	0	0.0	0	452
0.423728813559	0.00693374422188	9	0.0	0	0.0	0	0.0	0	1298
0.370652691758	0.0176274416389	37	0.00190566936636	4	0.0	0	0.00190566936636	4	2099
0.415234822451	0.0028636884307	5	0.0028636884307	5	0.00171821305842	3	0.0	0	1746
0.303319799379	0.0062096966802	26	0.0009553379508	4	0.0004776689754	2	0.0057320277048	24	4187
0.432941176471	0.00588235294118	5	0.00235294117647	2	0.0	0	0.00235294117647	2	850
0.46875	0.005	4	0.0	0	0.0025	2	0.0	0	800
0.45479704797	0.0	0	0.0	0	0.000922509225092	1	0.0	0	1084
0.492391304348	0.00326086956522	3	0.00108695652174	1	0.00108695652174	1	0.0	0	920
0.441450777202	0.0113989637306	11	0.00103626943005	1	0.0020725388601	2	0.0020725388601	2	965
0.466457023061	0.0104821802935	10	0.00104821802935	1	0.0	0	0.0	0	954
0.506557377049	0.00491803278689	3	0.0	0	0.0	0	0.0	0	610
0.553047404063	0.0	0	0.0	0	0.0	0	0.0	0	443
0.50583090379	0.00437317784257	3	0.00145772594752	1	0.0	0	0.0	0	686
0.461883408072	0.00149476831091	1	0.00149476831091	1	0.0	0	0.0	0	669
0.575471698113	0.00235849056604	1	0.0117924528302	5	0.0	0	0.0	0	424
0.246492659054	0.0140293637847	86	0.000815660685155	5	0.000652528548124	4	0.00244698205546	15	6130
0.453734671126	0.00111482720178	1	0.00334448160535	3	0.00111482720178	1	0.0	0	897
0.430264357338	0.00273473108478	3	0.00364630811304	4	0.00455788514129	5	0.000911577028259	1	1097
0.467549668874	0.00397350993377	3	0.00132450331126	1	0.0	0	0.00264900662252	2	755
0.529750479846	0.0249520153551	13	0.00191938579655	1	0.0	0	0.0	0	521
0.449673202614	0.00522875816993	4	0.00130718954248	1	0.0	0	0.00130718954248	1	765
0.495035460993	0.00141843971631	1	0.0	0	0.0	0	0.0	0	705
0.558394160584	0.0	0	0.0	0	0.0036496350365	1	0.0	0	274
0.423048327138	0.00817843866171	11	0.00148698884758	2	0.00371747211896	5	0.00223048327138	3	1345
0.515353805073	0.0	0	0.0	0	0.0	0	0.0	0	749
0.436884512086	0.00358102059087	4	0.0053715308863	6	0.0107430617726	12	0.00179051029543	2	1117
0.516634050881	0.00391389432485	2	0.0	0	0.0	0	0.00391389432485	2	511
0.579957356077	0.00213219616205	1	0.0	0	0.0	0	0.0	0	469
0.488117001828	0.0	0	0.0	0	0.0036563071298	2	0.0	0	547
0.40045377198	0.0022688598979	4	0.0	0	0.0	0	0.0	0	1763
0.502029769959	0.00270635994587	2	0.00135317997294	1	0.00135317997294	1	0.0	0	739
0.500840336134	0.00672268907563	4	0.0134453781513	8	0.0	0	0.00168067226891	1	595
0.505917159763	0.00147928994083	1	0.00443786982249	3	0.0	0	0.0	0	676
0.516966067864	0.0	0	0.0	0	0.0	0	0.0	0	501
0.462897526502	0.00235571260306	2	0.00471142520612	4	0.00117785630153	1	0.0	0	849
0.615384615385	0.0	0	0.00452488687783	1	0.0	0	0.0	0	221
0.531764705882	0.00705882352941	3	0.00235294117647	1	0.00235294117647	1	0.0	0	425
0.519005847953	0.00292397660819	2	0.00584795321637	4	0.0	0	0.0	0	684
0.466601178782	0.00196463654224	2	0.00098231827112	1	0.00098231827112	1	0.0	0	1018
0.479131886477	0.00333889816361	2	0.0016694490818	1	0.0	0	0.0	0	599
0.546485260771	0.00907029478458	4	0.0	0	0.0	0	0.0	0	441
0.555965559656	0.00246002460025	2	0.00246002460025	2	0.0	0	0.00246002460025	2	813
0.504518072289	0.0	0	0.00903614457831	6	0.00903614457831	6	0.0	0	664
0.462759462759	0.003663003663	3	0.001221001221	1	0.0	0	0.0	0	819
0.468864468864	0.004884004884	4	0.001221001221	1	0.002442002442	2	0.0	0	819
0.503261882572	0.0	0	0.0	0	0.000931966449208	1	0.0	0	1073
0.520491803279	0.00204918032787	1	0.0	0	0.0	0	0.0	0	488
0.519760479042	0.00119760479042	1	0.00239520958084	2	0.0	0	0.0	0	835
0.531486146096	0.0100755667506	8	0.0	0	0.0	0	0.0	0	794
0.587412587413	0.004662004662	2	0.0	0	0.0	0	0.0	0	429
0.483695652174	0.00271739130435	2	0.00135869565217	1	0.0	0	0.0	0	736
0.534930139721	0.00399201596806	2	0.00399201596806	2	0.0	0	0.0	0	501
0.339936102236	0.0102236421725	16	0.0038338658147	6	0.00127795527157	2	0.0	0	1565
0.503714710253	0.0	0	0.0	0	0.0	0	0.0	0	673
0.48200312989	0.00782472613459	5	0.00156494522692	1	0.0	0	0.0	0	639
0.585820895522	0.0	0	0.0	0	0.0	0	0.0	0	268
0.455301455301	0.0010395010395	1	0.002079002079	2	0.0010395010395	1	0.0	0	962
0.445828144458	0.00373599003736	3	0.00124533001245	1	0.0	0	0.0	0	803
0.467509025271	0.00180505415162	1	0.0	0	0.0	0	0.0	0	554
0.594202898551	0.0	0	0.0	0	0.0	0	0.0	0	345
0.600600600601	0.003003003003	1	0.0	0	0.0	0	0.003003003003	1	333
0.5	0.0016835016835	1	0.0	0	0.0	0	0.0	0	594
0.512915129151	0.0	0	0.00184501845018	1	0.0	0	0.0	0	542
0.51746031746	0.0126984126984	4	0.0	0	0.0	0	0.0	0	315
0.540298507463	0.00597014925373	2	0.0	0	0.0	0	0.0	0	335
0.454880294659	0.0073664825046	4	0.00184162062615	1	0.0	0	0.00184162062615	1	543
0.468169761273	0.0	0	0.00397877984085	3	0.0	0	0.0	0	754
0.518796992481	0.0	0	0.0	0	0.0	0	0.0	0	532
0.455075845974	0.00933488914819	8	0.00233372228705	2	0.0046674445741	4	0.00350058343057	3	857
0.466843501326	0.00132625994695	1	0.0026525198939	2	0.0	0	0.0	0	754
0.568831168831	0.0	0	0.0025974025974	1	0.0025974025974	1	0.0	0	385
0.430981595092	0.00460122699387	3	0.0	0	0.0	0	0.0	0	652
0.46335078534	0.0065445026178	5	0.0	0	0.0	0	0.0	0	764
0.618037135279	0.0026525198939	1	0.0	0	0.0	0	0.0	0	377
0.617079889807	0.0	0	0.0	0	0.0	0	0.0	0	363
0.476798143852	0.00580046403712	5	0.00232018561485	2	0.00116009280742	1	0.00232018561485	2	862
0.532467532468	0.012987012987	5	0.0	0	0.0	0	0.0	0	385
0.549212598425	0.00196850393701	1	0.0	0	0.0	0	0.0	0	508
0.473801560758	0.00111482720178	1	0.0	0	0.0	0	0.0	0	897
0.486646884273	0.0	0	0.00296735905045	2	0.00148367952522	1	0.0	0	674
0.465753424658	0.00304414003044	4	0.00304414003044	4	0.0	0	0.00076103500761	1	1314
0.443181818182	0.00454545454545	4	0.00113636363636	1	0.0	0	0.00113636363636	1	880
0.453921568627	0.00392156862745	4	0.000980392156863	1	0.000980392156863	1	0.00196078431373	2	1020
0.481481481481	0.00246913580247	2	0.00246913580247	2	0.0037037037037	3	0.0	0	810
0.461012311902	0.00820793433653	6	0.00136798905609	1	0.0	0	0.0	0	731
0.512987012987	0.0021645021645	1	0.0021645021645	1	0.0	0	0.0	0	462
0.448875255624	0.00204498977505	2	0.00102249488753	1	0.00204498977505	2	0.0	0	978
0.444690265487	0.00442477876106	4	0.0	0	0.0	0	0.00110619469027	1	904
0.551971326165	0.0	0	0.0143369175627	4	0.0	0	0.0	0	279
0.478168264111	0.00319488817891	3	0.00638977635783	6	0.0	0	0.0010649627263	1	939
0.466304347826	0.00217391304348	2	0.00434782608696	4	0.0	0	0.0	0	920
0.544388609715	0.00670016750419	4	0.00167504187605	1	0.0	0	0.0	0	597
0.378089512358	0.000668002672011	1	0.000668002672011	1	0.0	0	0.00200400801603	3	1497
0.427389705882	0.00643382352941	7	0.00275735294118	3	0.0	0	0.0	0	1088
0.488741721854	0.00397350993377	3	0.0	0	0.00264900662252	2	0.0	0	755
0.503154574132	0.00315457413249	2	0.00157728706625	1	0.0	0	0.00157728706625	1	634
0.50987654321	0.00740740740741	6	0.00123456790123	1	0.0	0	0.00740740740741	6	810
0.549180327869	0.00819672131148	3	0.0	0	0.00546448087432	2	0.0	0	366
0.458190148912	0.00229095074456	2	0.0	0	0.0	0	0.0	0	873
0.448733413752	0.00120627261761	1	0.00241254523522	2	0.0	0	0.0	0	829
0.488038277512	0.00797448165869	5	0.00637958532695	4	0.0	0	0.0	0	627
0.417525773196	0.0020618556701	2	0.00103092783505	1	0.00412371134021	4	0.0	0	970
0.588815789474	0.0	0	0.00328947368421	1	0.0	0	0.0	0	304
0.554671968191	0.00596421471173	3	0.0	0	0.0	0	0.00596421471173	3	503
0.529880478088	0.0	0	0.0	0	0.0	0	0.0	0	251
0.548764629389	0.00390117035111	3	0.00390117035111	3	0.0	0	0.0	0	769
0.506863780359	0.00633579725449	6	0.00527983104541	5	0.0	0	0.00211193241816	2	947
0.445090909091	0.00727272727273	10	0.00218181818182	3	0.0	0	0.0	0	1375
0.450118764846	0.00712589073634	6	0.00118764845606	1	0.00712589073634	6	0.0	0	842
0.572183098592	0.00176056338028	1	0.00176056338028	1	0.0	0	0.0	0	568
0.556164383562	0.0	0	0.0	0	0.0	0	0.0	0	365
0.519781718963	0.00136425648022	1	0.0	0	0.00136425648022	1	0.0	0	733
0.650717703349	0.0	0	0.0	0	0.0	0	0.0	0	209
0.420547945205	0.00684931506849	5	0.0	0	0.0	0	0.0	0	730
0.496598639456	0.00136054421769	1	0.00136054421769	1	0.00136054421769	1	0.0	0	735
0.578692493947	0.0	0	0.00242130750605	1	0.0	0	0.0	0	413
0.575555555556	0.00222222222222	1	0.00222222222222	1	0.0	0	0.0	0	450
0.481944444444	0.00416666666667	3	0.00416666666667	3	0.0	0	0.0	0	720
0.546374367622	0.0	0	0.00168634064081	1	0.00168634064081	1	0.0	0	593
0.524372230428	0.00147710487445	1	0.0	0	0.00147710487445	1	0.0	0	677
0.565916398714	0.0032154340836	1	0.0032154340836	1	0.0	0	0.0	0	311
0.502949852507	0.00737463126844	5	0.00589970501475	4	0.0	0	0.0	0	678
0.471032745592	0.00377833753149	3	0.0	0	0.00125944584383	1	0.0	0	794
0.487238979118	0.00580046403712	5	0.00116009280742	1	0.00232018561485	2	0.0	0	862
0.482233502538	0.00338409475465	2	0.0	0	0.0	0	0.0	0	591
0.511269276394	0.0011862396204	1	0.00237247924081	2	0.0	0	0.0	0	843
0.484356894554	0.00347624565469	3	0.00463499420626	4	0.0	0	0.0	0	863
0.572895277207	0.0102669404517	5	0.0	0	0.0041067761807	2	0.00205338809035	1	487
0.477348066298	0.00552486187845	5	0.00441988950276	4	0.0	0	0.0	0	905
0.53785488959	0.0	0	0.00157728706625	1	0.00157728706625	1	0.0	0	634
0.406574394464	0.00173010380623	2	0.00951557093426	11	0.00259515570934	3	0.0	0	1156
0.588014981273	0.00749063670412	2	0.0	0	0.0	0	0.0	0	267
0.436046511628	0.000968992248062	1	0.00484496124031	5	0.0	0	0.0	0	1032
0.53125	0.00375	3	0.0025	2	0.0	0	0.0	0	800
0.450602409639	0.00401606425703	5	0.0	0	0.000803212851406	1	0.0	0	1245
0.547794117647	0.0	0	0.0	0	0.0	0	0.0	0	544
0.452079566004	0.00904159132007	10	0.0	0	0.0	0	0.0	0	1106
0.392237819983	0.0	0	0.00412881915772	5	0.0	0	0.0	0	1211
0.427748691099	0.00680628272251	13	0.00471204188482	9	0.000523560209424	1	0.0	0	1910
0.487208008899	0.0055617352614	5	0.00222469410456	2	0.0	0	0.0	0	899
0.471559633028	0.00366972477064	4	0.000917431192661	1	0.000917431192661	1	0.000917431192661	1	1090
0.459558823529	0.0110294117647	6	0.0	0	0.00183823529412	1	0.0	0	544
0.588957055215	0.00613496932515	2	0.0	0	0.0	0	0.0	0	326
0.520134228188	0.00447427293065	4	0.00671140939597	6	0.00111856823266	1	0.0	0	894
0.475595913734	0.0	0	0.00227014755959	2	0.0	0	0.0	0	881
0.466206896552	0.00413793103448	3	0.0	0	0.0	0	0.0	0	725
0.460596786534	0.00535577658761	7	0.00229533282326	3	0.0	0	0.0	0	1307
0.512582781457	0.00264900662252	2	0.0	0	0.00132450331126	1	0.00132450331126	1	755
0.487935656836	0.00938337801609	7	0.00134048257373	1	0.00402144772118	3	0.0	0	746
0.897435897436	0.0	0	0.025641025641	1	0.0	0	0.0	0	39
0.471351351351	0.00216216216216	2	0.00216216216216	2	0.00108108108108	1	0.0	0	925
0.251846965699	0.00277044854881	21	0.00408970976253	31	0.0023746701847	18	0.000131926121372	1	7580
0.493517718237	0.00777873811582	9	0.0	0	0.000864304235091	1	0.00777873811582	9	1157
0.519553072626	0.00372439478585	2	0.0	0	0.0	0	0.0	0	537
0.478481012658	0.00253164556962	2	0.00126582278481	1	0.0	0	0.0	0	790
0.515432098765	0.00308641975309	2	0.00617283950617	4	0.0	0	0.0	0	648
0.479357798165	0.00344036697248	3	0.00229357798165	2	0.00229357798165	2	0.00114678899083	1	872
0.536715620828	0.0106809078772	8	0.00400534045394	3	0.0	0	0.0	0	749
0.537059538275	0.00121506682868	1	0.00121506682868	1	0.00121506682868	1	0.0	0	823
0.501644736842	0.0197368421053	12	0.0	0	0.0	0	0.0	0	608
0.584507042254	0.0	0	0.0164319248826	7	0.0	0	0.0	0	426
0.486725663717	0.00176991150442	1	0.0	0	0.0	0	0.0	0	565
0.450331125828	0.0	0	0.00662251655629	6	0.00110375275938	1	0.0	0	906
0.45191193511	0.00347624565469	3	0.0	0	0.0	0	0.0	0	863
0.434375	0.00520833333333	5	0.00104166666667	1	0.0	0	0.00104166666667	1	960
0.365868631062	0.0085942295887	14	0.00061387354205	1	0.0	0	0.0	0	1629
0.624149659864	0.00170068027211	1	0.0	0	0.0	0	0.0	0	588
0.552346570397	0.0	0	0.00361010830325	2	0.0	0	0.0	0	554
0.48754789272	0.00095785440613	1	0.0	0	0.0	0	0.0	0	1044
0.448275862069	0.0135467980296	11	0.00246305418719	2	0.0012315270936	1	0.00369458128079	3	812
0.762962962963	0.00740740740741	1	0.0	0	0.0	0	0.0	0	135
0.542270531401	0.012077294686	10	0.0	0	0.0	0	0.0	0	828
0.489552238806	0.0	0	0.00149253731343	1	0.0	0	0.0	0	670
0.44870210136	0.0111248454883	9	0.00494437577256	4	0.00123609394314	1	0.0	0	809
0.451895043732	0.00777453838678	8	0.0019436345967	2	0.0	0	0.000971817298348	1	1029
0.452901998097	0.0180780209324	19	0.00285442435775	3	0.000951474785918	1	0.0	0	1051
0.485115766262	0.00330760749724	3	0.00220507166483	2	0.0	0	0.0	0	907
0.483493077742	0.00851970181044	8	0.00425985090522	4	0.00212992545261	2	0.00212992545261	2	939
0.54617414248	0.0105540897098	4	0.0	0	0.0	0	0.0	0	379
0.494638069705	0.00134048257373	1	0.0	0	0.00402144772118	3	0.0	0	746
0.52	0.008	5	0.0	0	0.0	0	0.0	0	625
0.513211382114	0.0020325203252	2	0.0020325203252	2	0.0020325203252	2	0.0010162601626	1	984
0.494600431965	0.00215982721382	1	0.0	0	0.0	0	0.0	0	463
0.535377358491	0.00707547169811	3	0.0	0	0.0	0	0.00235849056604	1	424
0.50315258512	0.00378310214376	3	0.00126103404792	1	0.0	0	0.0	0	793
0.498442367601	0.00311526479751	2	0.00311526479751	2	0.00155763239875	1	0.0	0	642
0.555555555556	0.0	0	0.00779727095517	4	0.0	0	0.0	0	513
0.519003931848	0.00262123197903	2	0.00655307994758	5	0.00131061598952	1	0.0	0	763
0.507936507937	0.00396825396825	3	0.0	0	0.0	0	0.0026455026455	2	756
0.555244755245	0.00979020979021	7	0.0	0	0.0	0	0.0	0	715
0.548098434004	0.00447427293065	4	0.00111856823266	1	0.0	0	0.00111856823266	1	894
0.465147453083	0.00134048257373	1	0.00134048257373	1	0.0	0	0.0	0	746
0.49723145072	0.00332225913621	3	0.00221483942414	2	0.0	0	0.0	0	903
0.497691597415	0.00277008310249	3	0.00184672206833	2	0.0	0	0.0	0	1083
0.467901234568	0.00493827160494	4	0.00246913580247	2	0.0	0	0.0	0	810
0.499005964215	0.00198807157058	2	0.000994035785288	1	0.0	0	0.00198807157058	2	1006
0.512630014859	0.0118870728083	8	0.0	0	0.0	0	0.0	0	673
0.496231155779	0.00753768844221	6	0.00502512562814	4	0.00502512562814	4	0.0	0	796
0.404919583728	0.0293282876064	31	0.000946073793756	1	0.000946073793756	1	0.0	0	1057
0.477667493797	0.00124069478908	1	0.00248138957816	2	0.0	0	0.00124069478908	1	806
0.467966573816	0.00278551532033	2	0.00278551532033	2	0.00139275766017	1	0.0	0	718
0.398876404494	0.00224719101124	2	0.00112359550562	1	0.0	0	0.0	0	890
0.497810218978	0.0029197080292	2	0.0029197080292	2	0.0	0	0.0043795620438	3	685
0.46963562753	0.00269905533063	2	0.0	0	0.00134952766532	1	0.0	0	741
0.47323943662	0.00140845070423	1	0.00281690140845	2	0.0	0	0.0	0	710
0.478395061728	0.00102880658436	1	0.00411522633745	4	0.0	0	0.00205761316872	2	972
0.470760233918	0.00487329434698	5	0.0	0	0.0	0	0.00292397660819	3	1026
0.55205811138	0.00242130750605	1	0.00484261501211	2	0.0	0	0.00242130750605	1	413
0.524249422633	0.00230946882217	2	0.00346420323326	3	0.00115473441109	1	0.0	0	866
0.386992916935	0.0103026400515	16	0.00257566001288	4	0.00193174500966	3	0.0	0	1553
0.59748427673	0.0	0	0.0	0	0.0	0	0.0	0	318
0.450320512821	0.00961538461538	12	0.00240384615385	3	0.0	0	0.0	0	1248
0.53152173913	0.0	0	0.0	0	0.00108695652174	1	0.0	0	920
0.552278820375	0.0	0	0.0	0	0.0	0	0.0	0	373
0.492395437262	0.00760456273764	4	0.0	0	0.0	0	0.0	0	526
0.50303030303	0.00121212121212	1	0.0	0	0.0	0	0.0	0	825
0.440082644628	0.00206611570248	2	0.0	0	0.00206611570248	2	0.0	0	968
0.314998291766	0.00717458148275	21	0.00341646737274	10	0.00136658694909	4	0.000683293474547	2	2927
0.447346251053	0.0033698399326	4	0.0033698399326	4	0.000842459983151	1	0.0	0	1187
0.444444444444	0.00648148148148	7	0.00185185185185	2	0.000925925925926	1	0.0	0	1080
0.416909620991	0.0126336248785	13	0.000971817298348	1	0.0	0	0.0	0	1029
0.504409171076	0.00352733686067	4	0.0	0	0.000881834215168	1	0.0	0	1134
0.410912190963	0.00937766410912	11	0.00682011935209	8	0.0	0	0.0	0	1173
0.482634730539	0.00239520958084	2	0.0	0	0.0	0	0.00119760479042	1	835
0.513043478261	0.00372670807453	3	0.00372670807453	3	0.0	0	0.00124223602484	1	805
0.475806451613	0.00268817204301	3	0.00089605734767	1	0.00089605734767	1	0.0	0	1116
0.533333333333	0.0	0	0.00208333333333	1	0.0	0	0.0	0	480
0.477611940299	0.00597014925373	6	0.000995024875622	1	0.0	0	0.0	0	1005
0.539162112933	0.0218579234973	12	0.00182149362477	1	0.0	0	0.0	0	549
0.494142705005	0.00532481363152	5	0.0	0	0.0	0	0.0	0	939
0.384738955823	0.000803212851406	1	0.00481927710843	6	0.000803212851406	1	0.0	0	1245
0.461764705882	0.00147058823529	1	0.00294117647059	2	0.0	0	0.00147058823529	1	680
0.516795865633	0.0	0	0.0	0	0.0	0	0.0	0	387
0.492957746479	0.00804828973843	8	0.0010060362173	1	0.0	0	0.0010060362173	1	994
0.459627329193	0.0	0	0.0	0	0.0	0	0.0	0	644
0.521582733813	0.00539568345324	3	0.0	0	0.0	0	0.00359712230216	2	556
0.408362369338	0.00487804878049	7	0.001393728223	2	0.0	0	0.001393728223	2	1435
0.511594202899	0.00434782608696	3	0.0	0	0.0	0	0.00434782608696	3	690
0.397428404442	0.00116890707189	2	0.00350672121566	6	0.0	0	0.0	0	1711
0.442581726739	0.0100586756077	12	0.0	0	0.00167644593462	2	0.0	0	1193
0.416293643688	0.0107430617726	12	0.000895255147717	1	0.0	0	0.0	0	1117
0.233093915165	0.00826670280526	61	0.00271039436238	20	0.00243935492614	18	0.000813118308714	6	7379
0.409703504043	0.00377358490566	7	0.0	0	0.000539083557951	1	0.0	0	1855
0.456641053787	0.00768386388584	7	0.0	0	0.0	0	0.0	0	911
0.414814814815	0.0010582010582	1	0.0	0	0.0031746031746	3	0.0	0	945
0.437094682231	0.0064850843061	10	0.00259403372244	4	0.00064850843061	1	0.00064850843061	1	1542
0.407387289517	0.00108636610538	2	0.00271591526344	5	0.000543183052689	1	0.0	0	1841
0.41837331773	0.00468110005851	8	0.00117027501463	2	0.00117027501463	2	0.000585137507314	1	1709
0.433874709977	0.0046403712297	8	0.000580046403712	1	0.0	0	0.000580046403712	1	1724
0.413550135501	0.0070460704607	13	0.000542005420054	1	0.0	0	0.000542005420054	1	1845
0.505681818182	0.00757575757576	4	0.0	0	0.0	0	0.00189393939394	1	528
0.29360780065	0.00469483568075	13	0.000722282412423	2	0.00252798844348	7	0.00108342361863	3	2769
0.352427184466	0.00291262135922	3	0.00291262135922	3	0.0	0	0.0	0	1030
0.418886198547	0.00403551251009	5	0.00403551251009	5	0.0	0	0.0	0	1239
0.513661202186	0.0	0	0.0	0	0.0	0	0.0	0	549
0.176659804426	0.00115800308801	9	0.00270200720535	21	0.000772002058672	6	0.0	0	7772
0.271678321678	0.00909090909091	52	0.000874125874126	5	0.00104895104895	6	0.00559440559441	32	5720
0.530997304582	0.00539083557951	4	0.00404312668464	3	0.0	0	0.00134770889488	1	742
0.558704453441	0.0182186234818	9	0.0	0	0.0	0	0.0	0	494
0.479902557856	0.0194884287454	16	0.00243605359318	2	0.0	0	0.0	0	821
0.351735015773	0.00236593059937	3	0.000788643533123	1	0.0	0	0.0	0	1268
0.460580912863	0.000829875518672	1	0.00331950207469	4	0.00248962655602	3	0.0	0	1205
0.439177101968	0.000894454382826	1	0.00268336314848	3	0.000894454382826	1	0.00178890876565	2	1118
0.301218161683	0.00442967884828	8	0.00166112956811	3	0.00276854928018	5	0.0	0	1806
0.136411527735	0.00601177564301	97	0.00309885342423	50	0.00111558723272	18	0.000123954136969	2	16135
0.18298816568	0.00162721893491	22	0.00281065088757	38	0.00266272189349	36	0.000665680473373	9	13520
0.476038338658	0.00319488817891	3	0.0	0	0.0	0	0.00319488817891	3	939
0.431857389304	0.0	0	0.00115008625647	2	0.0	0	0.0	0	1739
0.50641025641	0.00769230769231	6	0.0	0	0.0	0	0.00128205128205	1	780
0.441025641026	0.00732600732601	10	0.0021978021978	3	0.000732600732601	1	0.0021978021978	3	1365
0.527292576419	0.00545851528384	5	0.00218340611354	2	0.0	0	0.00109170305677	1	916
0.427004797807	0.0	0	0.00274160383825	4	0.000685400959561	1	0.0	0	1459
0.508641975309	0.0	0	0.00123456790123	1	0.0	0	0.0	0	810
0.498410174881	0.000794912559618	1	0.000794912559618	1	0.0	0	0.0	0	1258
0.473619631902	0.00245398773006	2	0.0	0	0.00490797546012	4	0.0	0	815
0.501650165017	0.0	0	0.0	0	0.0	0	0.0	0	606
0.56880733945	0.00366972477064	2	0.00550458715596	3	0.00550458715596	3	0.0	0	545
0.579399141631	0.0	0	0.0	0	0.0	0	0.0	0	233
0.482525366404	0.00450958286359	4	0.00338218714769	3	0.0011273957159	1	0.0	0	887
0.498432601881	0.0	0	0.0	0	0.00156739811912	1	0.0	0	638
0.245454545455	0.00811188811189	58	0.00041958041958	3	0.00335664335664	24	0.00027972027972	2	7150
0.502581755594	0.00344234079174	2	0.00172117039587	1	0.0	0	0.0	0	581
0.438752783964	0.00334075723831	3	0.00334075723831	3	0.0011135857461	1	0.0011135857461	1	898
0.420408163265	0.00340136054422	5	0.000680272108844	1	0.00544217687075	8	0.0	0	1470
0.436396835058	0.00547778454047	9	0.0	0	0.0	0	0.0	0	1643
0.446584938704	0.0	0	0.00175131348511	2	0.000875656742557	1	0.00175131348511	2	1142
0.471508379888	0.00558659217877	5	0.00223463687151	2	0.00111731843575	1	0.0	0	895
0.493218249075	0.00246609124538	2	0.00123304562269	1	0.0	0	0.0	0	811
0.565	0.0	0	0.0	0	0.0	0	0.0	0	200
0.475303643725	0.00323886639676	4	0.00161943319838	2	0.00080971659919	1	0.00080971659919	1	1235
0.411498415573	0.000905387052965	2	0.00226346763241	5	0.000905387052965	2	0.000452693526483	1	2209
0.492024539877	0.00122699386503	1	0.00368098159509	3	0.0	0	0.00122699386503	1	815
0.498630136986	0.0	0	0.0027397260274	2	0.0013698630137	1	0.0	0	730
0.400791687284	0.0	0	0.000494804552202	1	0.0	0	0.0	0	2021
0.516556291391	0.00331125827815	1	0.0	0	0.0	0	0.0	0	302
0.469879518072	0.0	0	0.0	0	0.0	0	0.000803212851406	1	1245
0.565395095368	0.0	0	0.0	0	0.0	0	0.0	0	734
0.553072625698	0.00279329608939	1	0.0	0	0.0	0	0.0	0	358
0.497742663657	0.0	0	0.00225733634312	2	0.0	0	0.0	0	886
0.494845360825	0.00515463917526	6	0.00257731958763	3	0.00085910652921	1	0.0	0	1164
0.492170022371	0.00335570469799	3	0.00223713646532	2	0.0	0	0.0	0	894
0.443462897527	0.00353356890459	4	0.0	0	0.00353356890459	4	0.000883392226148	1	1132
0.532327586207	0.00215517241379	1	0.0	0	0.0	0	0.0	0	464
0.489425981873	0.00604229607251	4	0.0	0	0.0	0	0.0	0	662
0.450611476952	0.0112888052681	12	0.00470366886171	5	0.0	0	0.000940733772342	1	1063
0.475982532751	0.00545851528384	5	0.00327510917031	3	0.0	0	0.00109170305677	1	916
0.524777636595	0.0	0	0.0	0	0.0	0	0.0	0	787
0.469387755102	0.00382653061224	3	0.00127551020408	1	0.00255102040816	2	0.0	0	784
0.497222222222	0.00138888888889	1	0.0	0	0.0	0	0.0	0	720
0.48323699422	0.00231213872832	2	0.00231213872832	2	0.0	0	0.0	0	865
0.478764478764	0.00675675675676	7	0.0019305019305	2	0.0019305019305	2	0.000965250965251	1	1036
0.485099337748	0.0	0	0.00496688741722	3	0.00165562913907	1	0.0	0	604
0.50765606596	0.0	0	0.00117785630153	1	0.0	0	0.0	0	849
0.465009208103	0.0036832412523	4	0.00184162062615	2	0.00184162062615	2	0.0	0	1086
0.399673735726	0.00163132137031	2	0.000815660685155	1	0.0	0	0.0	0	1226
0.407407407407	0.002849002849	5	0.0034188034188	6	0.0	0	0.0011396011396	2	1755
0.522911051213	0.0	0	0.0	0	0.0	0	0.0	0	742
0.335679480238	0.0	0	0.00162425554954	3	0.000541418516513	1	0.0	0	1847
0.434782608696	0.00183710961421	3	0.0012247397428	2	0.0	0	0.0	0	1633
0.403801843318	0.00230414746544	4	0.00403225806452	7	0.0	0	0.0	0	1736
0.482412060302	0.00251256281407	2	0.00251256281407	2	0.0	0	0.0	0	796
0.463815789474	0.00548245614035	5	0.00328947368421	3	0.00219298245614	2	0.00109649122807	1	912
0.507604562738	0.00570342205323	3	0.0	0	0.00190114068441	1	0.0	0	526
0.480206540448	0.0	0	0.00688468158348	4	0.0	0	0.0	0	581
0.58024691358	0.00308641975309	1	0.0	0	0.0	0	0.0	0	324
0.435023771791	0.00316957210777	4	0.00396196513471	5	0.00316957210777	4	0.0	0	1262
0.569536423841	0.00993377483444	3	0.00331125827815	1	0.0	0	0.0	0	302
0.464473684211	0.0105263157895	8	0.00394736842105	3	0.0	0	0.0	0	760
0.494845360825	0.0257731958763	10	0.0	0	0.0	0	0.0	0	388
0.453290870488	0.00212314225053	2	0.00106157112527	1	0.00106157112527	1	0.0	0	942
0.67094017094	0.0042735042735	1	0.0042735042735	1	0.0	0	0.0	0	234
0.424770642202	0.00275229357798	3	0.000917431192661	1	0.000917431192661	1	0.0	0	1090
0.502994011976	0.00399201596806	2	0.0159680638723	8	0.0	0	0.0	0	501
0.427071823204	0.00276243093923	5	0.00276243093923	5	0.00552486187845	10	0.0	0	1810
0.639846743295	0.0114942528736	3	0.00383141762452	1	0.00766283524904	2	0.0	0	261
0.52027027027	0.0045045045045	2	0.00900900900901	4	0.0	0	0.0	0	444
0.515497553018	0.00163132137031	1	0.0	0	0.0	0	0.0	0	613
0.569620253165	0.0105485232068	5	0.0042194092827	2	0.00210970464135	1	0.0	0	474
0.528169014085	0.018779342723	8	0.00234741784038	1	0.0	0	0.0	0	426
0.44635193133	0.0	0	0.00143061516452	1	0.0	0	0.0	0	699
0.466922339406	0.0	0	0.00383509108341	4	0.0	0	0.0	0	1043
0.414649681529	0.000636942675159	1	0.000636942675159	1	0.0	0	0.0	0	1570
0.412295081967	0.000819672131148	1	0.000819672131148	1	0.0	0	0.0	0	1220
0.534278959811	0.0	0	0.0	0	0.0	0	0.0	0	423
0.556179775281	0.0280898876404	10	0.00280898876404	1	0.0	0	0.0	0	356
0.467937608319	0.00693240901213	4	0.00173310225303	1	0.00173310225303	1	0.0	0	577
0.554174067496	0.00355239786856	2	0.00177619893428	1	0.0	0	0.00177619893428	1	563
0.4625	0.00375	3	0.0075	6	0.0	0	0.0	0	800
0.550161812298	0.00485436893204	3	0.00809061488673	5	0.0	0	0.0	0	618
0.519230769231	0.00192307692308	1	0.00384615384615	2	0.00192307692308	1	0.0	0	520
0.559888579387	0.0	0	0.0	0	0.0	0	0.0	0	359
0.558935361217	0.0	0	0.0	0	0.00760456273764	2	0.0	0	263
0.665071770335	0.0	0	0.0	0	0.0	0	0.0	0	209
0.450958286359	0.0011273957159	1	0.0011273957159	1	0.0011273957159	1	0.00225479143179	2	887
0.446764091858	0.0	0	0.0	0	0.0	0	0.00104384133612	1	958
0.520920502092	0.00836820083682	4	0.0	0	0.00209205020921	1	0.00209205020921	1	478
0.75	0.0	0	0.0	0	0.0	0	0.0	0	64
0.407490974729	0.000451263537906	1	0.000902527075812	2	0.00135379061372	3	0.0	0	2216
0.328591749644	0.00266714082504	15	0.000355618776671	2	0.000177809388336	1	0.0	0	5624
0.570458404075	0.00169779286927	1	0.00848896434635	5	0.0	0	0.0	0	589
0.593085106383	0.00531914893617	2	0.00265957446809	1	0.0	0	0.0	0	376
0.421923474664	0.00413650465357	4	0.00103412616339	1	0.0	0	0.00413650465357	4	967
0.458241758242	0.010989010989	10	0.0	0	0.0010989010989	1	0.0010989010989	1	910
0.540084388186	0.0042194092827	3	0.0014064697609	1	0.0	0	0.0	0	711
0.471299093656	0.00604229607251	6	0.00302114803625	3	0.0	0	0.0	0	993
0.357694287185	0.00308800823469	6	0.000514668039115	1	0.0	0	0.0	0	1943
0.474063400576	0.0028818443804	2	0.0	0	0.0	0	0.0	0	694
0.524203069658	0.0	0	0.00118063754427	1	0.0	0	0.0	0	847
0.503663003663	0.00549450549451	3	0.0018315018315	1	0.0	0	0.0	0	546
0.388469827586	0.00269396551724	5	0.0010775862069	2	0.0	0	0.0	0	1856
0.16685142142	0.0129089933846	361	0.00411228321116	115	0.0020740210978	58	0.000643661720007	18	27965
0.479024390244	0.00975609756098	10	0.00878048780488	9	0.0019512195122	2	0.0	0	1025
0.451576576577	0.00225225225225	2	0.0	0	0.00112612612613	1	0.0	0	888
0.515311510032	0.00105596620908	1	0.00105596620908	1	0.0	0	0.0	0	947
0.469178082192	0.00114155251142	1	0.00342465753425	3	0.0	0	0.0	0	876
0.451851851852	0.0042328042328	4	0.0021164021164	2	0.0042328042328	4	0.0	0	945
0.363941769317	0.00447928331467	8	0.003359462486	6	0.00111982082867	2	0.0	0	1786
0.35073313783	0.0	0	0.0058651026393	10	0.00175953079179	3	0.0	0	1705
0.420133111481	0.00166389351082	2	0.00166389351082	2	0.000831946755408	1	0.0	0	1202
0.440251572327	0.0100628930818	8	0.00503144654088	4	0.00377358490566	3	0.0	0	795
0.534303534304	0.014553014553	7	0.0	0	0.0	0	0.002079002079	1	481
0.523598820059	0.00737463126844	5	0.00147492625369	1	0.0	0	0.0	0	678
0.464589235127	0.0028328611898	3	0.0	0	0.000944287063267	1	0.0	0	1059
0.480503144654	0.0062893081761	5	0.0	0	0.00125786163522	1	0.00125786163522	1	795
0.450810810811	0.00216216216216	2	0.0	0	0.00432432432432	4	0.00432432432432	4	925
0.468690702087	0.00284629981025	3	0.0104364326376	11	0.000948766603416	1	0.0	0	1054
0.48524923703	0.00712105798576	7	0.00101729399797	1	0.00203458799593	2	0.0	0	983
0.510800508259	0.00254129606099	2	0.0012706480305	1	0.0	0	0.0	0	787
0.508620689655	0.00287356321839	2	0.0	0	0.0	0	0.00287356321839	2	696
0.476323119777	0.00185701021356	2	0.00371402042711	4	0.00371402042711	4	0.0	0	1077
0.521739130435	0.0	0	0.0	0	0.0	0	0.0	0	391
0.459272097054	0.00346620450607	4	0.000866551126516	1	0.0	0	0.0	0	1154
0.47870528109	0.00340715502555	2	0.0	0	0.0	0	0.00340715502555	2	587
0.420895522388	0.00298507462687	3	0.00199004975124	2	0.00398009950249	4	0.0	0	1005
0.515731874145	0.0	0	0.00136798905609	1	0.0	0	0.0	0	731
0.449399656947	0.00514579759863	6	0.00686106346484	8	0.0	0	0.0	0	1166
0.419851682829	0.00285225328009	5	0.00171135196805	3	0.00114090131204	2	0.0	0	1753
0.471208434712	0.00973236009732	12	0.00162206001622	2	0.00162206001622	2	0.0	0	1233
0.440037771483	0.0028328611898	3	0.000944287063267	1	0.00188857412653	2	0.00188857412653	2	1059
0.464596273292	0.00124223602484	1	0.0	0	0.00124223602484	1	0.00124223602484	1	805
0.567873303167	0.00452488687783	2	0.0	0	0.0	0	0.0	0	442
0.518120805369	0.00402684563758	3	0.00134228187919	1	0.0	0	0.0	0	745
0.520114942529	0.00574712643678	2	0.0	0	0.0	0	0.0	0	348
0.565789473684	0.00877192982456	4	0.0	0	0.0	0	0.0	0	456
0.521988527725	0.0	0	0.0	0	0.0019120458891	1	0.0	0	523
0.543181818182	0.00227272727273	1	0.0	0	0.0	0	0.0	0	440
0.61581920904	0.0112994350282	2	0.00564971751412	1	0.0	0	0.0	0	177
0.437054631829	0.00356294536817	3	0.00118764845606	1	0.0	0	0.0	0	842
0.504587155963	0.00305810397554	2	0.0	0	0.00152905198777	1	0.0	0	654
0.473344103393	0.0064620355412	4	0.0	0	0.0	0	0.0016155088853	1	619
0.520808561237	0.00475624256837	4	0.00356718192628	3	0.00118906064209	1	0.00118906064209	1	841
0.489096573209	0.00311526479751	3	0.00103842159917	1	0.00103842159917	1	0.0	0	963
0.53431372549	0.0	0	0.0	0	0.00735294117647	3	0.0	0	408
0.567415730337	0.00561797752809	4	0.0	0	0.00140449438202	1	0.0	0	712
0.548449612403	0.0	0	0.0077519379845	4	0.0	0	0.0	0	516
0.523966942149	0.0099173553719	6	0.0115702479339	7	0.0	0	0.0	0	605
0.434466019417	0.00242718446602	3	0.0	0	0.00161812297735	2	0.00323624595469	4	1236
0.478758169935	0.00653594771242	4	0.0	0	0.0	0	0.0	0	612
0.521220159151	0.0026525198939	2	0.00397877984085	3	0.0	0	0.0	0	754
0.607235142119	0.00258397932817	1	0.0	0	0.0	0	0.00258397932817	1	387
0.509677419355	0.00322580645161	1	0.0	0	0.00322580645161	1	0.0	0	310
0.534545454545	0.00363636363636	2	0.00181818181818	1	0.0	0	0.0	0	550
0.502793296089	0.00558659217877	5	0.0	0	0.0	0	0.0	0	895
0.514395393474	0.0115163147793	6	0.00575815738964	3	0.0	0	0.00191938579655	1	521
0.432640949555	0.00237388724036	4	0.00178041543027	3	0.000593471810089	1	0.000593471810089	1	1685
0.48310139165	0.00596421471173	3	0.0	0	0.0	0	0.00198807157058	1	503
0.558558558559	0.0	0	0.0	0	0.0	0	0.0	0	444
0.529192546584	0.00372670807453	3	0.00248447204969	2	0.0	0	0.0	0	805
0.47859922179	0.00778210116732	6	0.00129701686122	1	0.0	0	0.0	0	771
0.616368286445	0.00511508951407	2	0.0	0	0.0	0	0.0	0	391
0.565040650407	0.0020325203252	1	0.0020325203252	1	0.0	0	0.0	0	492
0.47294938918	0.0087260034904	5	0.0104712041885	6	0.0	0	0.0	0	573
0.518438177874	0.0	0	0.0	0	0.00216919739696	1	0.0	0	461
0.471063257066	0.00269179004038	2	0.0	0	0.0	0	0.0	0	743
0.473947895792	0.00200400801603	2	0.00200400801603	2	0.00200400801603	2	0.0	0	998
0.508515815085	0.00243309002433	1	0.00243309002433	1	0.0	0	0.0	0	411
0.545673076923	0.0	0	0.0	0	0.0	0	0.0	0	416
0.626506024096	0.0120481927711	4	0.0	0	0.0	0	0.0	0	332
0.557093425606	0.00346020761246	1	0.0	0	0.0	0	0.0	0	289
0.529235382309	0.0	0	0.00149925037481	1	0.0	0	0.0	0	667
0.449795081967	0.0112704918033	11	0.00409836065574	4	0.00102459016393	1	0.0	0	976
0.511340206186	0.00618556701031	3	0.0	0	0.0	0	0.0	0	485
0.529715762274	0.0077519379845	3	0.0	0	0.0	0	0.0	0	387
0.484702093398	0.00322061191626	2	0.0	0	0.00161030595813	1	0.0	0	621
0.540268456376	0.0	0	0.0	0	0.00335570469799	1	0.0	0	298
0.537091988131	0.00296735905045	1	0.00296735905045	1	0.0	0	0.0	0	337
0.511111111111	0.0037037037037	2	0.0	0	0.0	0	0.0	0	540
0.501298701299	0.00519480519481	4	0.0038961038961	3	0.0	0	0.0012987012987	1	770
0.473465140479	0.00416233090531	4	0.00208116545265	2	0.00104058272633	1	0.0	0	961
0.520863309353	0.00143884892086	1	0.00143884892086	1	0.0	0	0.0	0	695
0.592067988669	0.0	0	0.0	0	0.0	0	0.0	0	353
0.447712418301	0.00435729847495	4	0.00108932461874	1	0.0	0	0.00108932461874	1	918
0.526315789474	0.00202429149798	1	0.00202429149798	1	0.0	0	0.0	0	494
0.530346820809	0.0028901734104	2	0.0	0	0.0	0	0.0	0	692
0.546712802768	0.00346020761246	2	0.0	0	0.0	0	0.0	0	578
0.600790513834	0.0	0	0.0	0	0.0	0	0.00395256916996	1	253
0.481338481338	0.002574002574	2	0.0	0	0.001287001287	1	0.0	0	777
0.401060070671	0.00235571260306	4	0.00294464075383	5	0.000588928150766	1	0.00117785630153	2	1698
0.54565701559	0.00445434298441	2	0.00668151447661	3	0.0	0	0.0022271714922	1	449
0.521551724138	0.00215517241379	1	0.00431034482759	2	0.0	0	0.00215517241379	1	464
0.551020408163	0.0	0	0.0	0	0.0	0	0.0	0	441
0.468286099865	0.00404858299595	3	0.00269905533063	2	0.0	0	0.0	0	741
0.564285714286	0.0142857142857	6	0.0	0	0.0	0	0.0	0	420
0.498257839721	0.00348432055749	2	0.00174216027875	1	0.0	0	0.0	0	574
0.57486631016	0.0	0	0.0	0	0.0	0	0.0	0	374
0.446107784431	0.000998003992016	1	0.0	0	0.000998003992016	1	0.000998003992016	1	1002
0.489148580968	0.0016694490818	1	0.0016694490818	1	0.0	0	0.0	0	599
0.445772058824	0.00183823529412	2	0.000919117647059	1	0.0	0	0.0	0	1088
0.262132212457	0.0147115017195	77	0.00076423385556	4	0.00076423385556	4	0.0057317539167	30	5234
0.535469107551	0.00228832951945	1	0.0045766590389	2	0.0	0	0.0	0	437
0.570405727924	0.00477326968974	2	0.00715990453461	3	0.0	0	0.0	0	419
0.467378410439	0.00593119810202	5	0.00237247924081	2	0.0	0	0.0011862396204	1	843
0.429198682766	0.00109769484083	1	0.00878155872667	8	0.00109769484083	1	0.00109769484083	1	911
0.506391347099	0.000983284169125	1	0.0	0	0.0	0	0.0	0	1017
0.455275229358	0.00344036697248	3	0.0	0	0.00114678899083	1	0.0	0	872
0.56704361874	0.0048465266559	3	0.0	0	0.0	0	0.0	0	619
0.520299145299	0.00320512820513	3	0.00106837606838	1	0.0	0	0.0	0	936
0.503695881732	0.00633579725449	6	0.00211193241816	2	0.0	0	0.00105596620908	1	947
0.435365853659	0.0	0	0.00121951219512	1	0.0	0	0.0	0	820
0.3884472708	0.00158982511924	3	0.00158982511924	3	0.00105988341282	2	0.0	0	1887
0.536926147705	0.0059880239521	3	0.00199600798403	1	0.0	0	0.00199600798403	1	501
0.477857878476	0.0154479917611	15	0.0010298661174	1	0.0	0	0.0	0	971
0.468196037539	0.00521376433785	5	0.00104275286757	1	0.00208550573514	2	0.0	0	959
0.518348623853	0.0114678899083	5	0.00229357798165	1	0.0	0	0.0	0	436
0.573426573427	0.002331002331	1	0.002331002331	1	0.0	0	0.0	0	429
0.503787878788	0.0	0	0.00189393939394	1	0.0	0	0.00189393939394	1	528
0.432250839866	0.00447928331467	4	0.0	0	0.0	0	0.0	0	893
0.466346153846	0.00721153846154	6	0.0	0	0.0	0	0.00360576923077	3	832
0.366207396664	0.00580130529369	8	0.00217548948513	3	0.000725163161711	1	0.0	0	1379
0.262132212457	0.0147115017195	77	0.00076423385556	4	0.00076423385556	4	0.0057317539167	30	5234
0.446308724832	0.00447427293065	4	0.0	0	0.00111856823266	1	0.00111856823266	1	894
0.41375	0.00125	1	0.00375	3	0.0	0	0.0	0	800
0.457711442786	0.00597014925373	6	0.0	0	0.000995024875622	1	0.000995024875622	1	1005
0.539682539683	0.00226757369615	1	0.0	0	0.0	0	0.0	0	441
