0.556509298999	0.0071530758226	5	0.00572246065808	4	0.0	0	0.00286123032904	2	699
0.536734693878	0.00816326530612	4	0.0	0	0.0	0	0.0	0	490
0.549695740365	0.0	0	0.00202839756592	1	0.00202839756592	1	0.0	0	493
0.614942528736	0.0	0	0.0	0	0.0	0	0.0	0	348
0.54965034965	0.0013986013986	1	0.00839160839161	6	0.0013986013986	1	0.0	0	715
0.469529085873	0.0	0	0.00207756232687	3	0.000692520775623	1	0.00277008310249	4	1444
0.562656641604	0.0137844611529	11	0.00751879699248	6	0.0	0	0.0	0	798
0.670822942643	0.0	0	0.0	0	0.0	0	0.0	0	401
0.579411764706	0.0	0	0.00294117647059	1	0.0	0	0.0	0	340
0.590604026846	0.010067114094	6	0.00167785234899	1	0.0	0	0.0	0	596
0.520967741935	0.00645161290323	4	0.00161290322581	1	0.0	0	0.0	0	620
0.575697211155	0.00199203187251	1	0.0	0	0.0	0	0.0	0	502
0.576791808874	0.00170648464164	1	0.0	0	0.0	0	0.0	0	586
0.666666666667	0.00340136054422	1	0.0	0	0.0	0	0.0	0	294
0.56784660767	0.00737463126844	5	0.00147492625369	1	0.0	0	0.00147492625369	1	678
0.667953667954	0.0598455598456	31	0.0	0	0.0	0	0.0	0	518
0.802325581395	0.00581395348837	1	0.0	0	0.0	0	0.0	0	172
0.554079696395	0.00759013282732	4	0.00189753320683	1	0.0	0	0.00379506641366	2	527
0.568475452196	0.0	0	0.0	0	0.00258397932817	1	0.0	0	387
0.626865671642	0.0	0	0.00213219616205	1	0.00426439232409	2	0.0	0	469
0.651351351351	0.0027027027027	1	0.0	0	0.0	0	0.0	0	370
0.571428571429	0.0	0	0.0	0	0.00255102040816	2	0.0	0	784
0.533415841584	0.00371287128713	3	0.00247524752475	2	0.00123762376238	1	0.0	0	808
0.501867995019	0.0	0	0.00373599003736	3	0.0	0	0.0	0	803
0.658227848101	0.0126582278481	4	0.00316455696203	1	0.0	0	0.0	0	316
0.614634146341	0.00243902439024	1	0.00243902439024	1	0.00243902439024	1	0.0	0	410
0.544416243655	0.0	0	0.0	0	0.0	0	0.0	0	788
0.564444444444	0.00888888888889	4	0.0	0	0.0	0	0.0	0	450
0.551159618008	0.0	0	0.0	0	0.0	0	0.0	0	733
0.579728059333	0.0	0	0.00123609394314	1	0.00247218788628	2	0.0	0	809
0.572938689218	0.00634249471459	3	0.0	0	0.00634249471459	3	0.0	0	473
0.66819221968	0.0114416475973	5	0.0	0	0.00228832951945	1	0.0	0	437
0.718487394958	0.00420168067227	1	0.0	0	0.0	0	0.0	0	238
0.549125168237	0.00403768506057	3	0.00942126514132	7	0.00538358008075	4	0.00134589502019	1	743
0.569444444444	0.0	0	0.0	0	0.0	0	0.00231481481481	1	432
0.555737704918	0.00327868852459	2	0.00327868852459	2	0.0	0	0.0	0	610
0.587006960557	0.0	0	0.00232018561485	1	0.0	0	0.0	0	431
0.509695290859	0.0	0	0.00277008310249	2	0.0	0	0.0	0	722
0.592032967033	0.00686813186813	5	0.0	0	0.0	0	0.00412087912088	3	728
0.567757009346	0.00467289719626	2	0.00700934579439	3	0.0	0	0.0	0	428
0.631756756757	0.00337837837838	1	0.00337837837838	1	0.0	0	0.0	0	296
0.5234375	0.0015625	1	0.0015625	1	0.0015625	1	0.0	0	640
0.487898089172	0.00636942675159	5	0.0	0	0.0	0	0.0	0	785
0.810810810811	0.0	0	0.0	0	0.0	0	0.0	0	74
0.548089591568	0.0	0	0.00131752305665	1	0.0	0	0.0	0	759
0.575235109718	0.00313479623824	2	0.00626959247649	4	0.0	0	0.0	0	638
0.522202486679	0.0	0	0.00177619893428	1	0.0	0	0.0	0	563
0.722222222222	0.0	0	0.00925925925926	1	0.00925925925926	1	0.0	0	108
0.529972752044	0.00408719346049	3	0.00272479564033	2	0.00136239782016	1	0.0	0	734
0.72131147541	0.0	0	0.0	0	0.0	0	0.0	0	122
0.554858934169	0.00470219435737	3	0.00313479623824	2	0.00313479623824	2	0.0	0	638
0.66301369863	0.0	0	0.0109589041096	4	0.0027397260274	1	0.0	0	365
0.616519174041	0.00294985250737	1	0.0	0	0.0	0	0.0	0	339
0.565714285714	0.00190476190476	1	0.00190476190476	1	0.0	0	0.0	0	525
0.565217391304	0.00644122383253	4	0.00966183574879	6	0.0	0	0.0	0	621
0.559837728195	0.00811359026369	4	0.0141987829615	7	0.0	0	0.0	0	493
0.531062124248	0.0	0	0.00200400801603	1	0.0	0	0.0	0	499
0.551989730424	0.00385109114249	3	0.00256739409499	2	0.00385109114249	3	0.0	0	779
0.574212893553	0.00299850074963	2	0.00299850074963	2	0.0	0	0.0	0	667
0.600414078675	0.0	0	0.0	0	0.0	0	0.00207039337474	1	483
0.522448979592	0.00204081632653	1	0.00204081632653	1	0.0	0	0.0	0	490
0.578616352201	0.0	0	0.0	0	0.0	0	0.0	0	318
0.517799352751	0.0	0	0.00161812297735	1	0.0	0	0.0	0	618
0.583979328165	0.0	0	0.0	0	0.0	0	0.0	0	387
0.600867678959	0.00216919739696	1	0.0	0	0.0	0	0.0	0	461
0.523255813953	0.0	0	0.0	0	0.0	0	0.0	0	516
0.631921824104	0.0	0	0.0	0	0.00325732899023	1	0.0	0	307
0.62	0.0581818181818	32	0.0	0	0.0	0	0.0	0	550
0.591922005571	0.0	0	0.00278551532033	2	0.0	0	0.00139275766017	1	718
0.519008264463	0.00165289256198	1	0.00495867768595	3	0.0	0	0.0	0	605
0.577565632458	0.00477326968974	2	0.00238663484487	1	0.0	0	0.0	0	419
0.634819532909	0.0	0	0.0	0	0.0	0	0.0	0	471
0.553772070626	0.00481540930979	3	0.0	0	0.0016051364366	1	0.0	0	623
0.558461538462	0.0	0	0.00307692307692	2	0.00307692307692	2	0.0	0	650
0.523553162853	0.00269179004038	2	0.0	0	0.0	0	0.0	0	743
0.798742138365	0.0062893081761	1	0.0	0	0.0062893081761	1	0.0	0	159
0.583798882682	0.00558659217877	4	0.0	0	0.0	0	0.0	0	716
0.621287128713	0.0	0	0.0	0	0.0	0	0.0	0	404
0.53007518797	0.00501253132832	4	0.00501253132832	4	0.00125313283208	1	0.0	0	798
0.591836734694	0.00874635568513	3	0.0	0	0.0	0	0.0	0	343
0.589409056025	0.0023023791251	3	0.0	0	0.0	0	0.0	0	1303
0.572916666667	0.0	0	0.0	0	0.0	0	0.0	0	384
0.476261127596	0.0148367952522	10	0.00148367952522	1	0.0	0	0.0	0	674
0.589178356713	0.0060120240481	3	0.00200400801603	1	0.0	0	0.00200400801603	1	499
0.483701366982	0.00946372239748	9	0.0	0	0.0	0	0.0	0	951
0.4293598234	0.00110375275938	1	0.00220750551876	2	0.0	0	0.00110375275938	1	906
0.572443181818	0.0	0	0.00142045454545	1	0.0	0	0.0	0	704
0.538348082596	0.00442477876106	3	0.00147492625369	1	0.0	0	0.0	0	678
0.534653465347	0.00660066006601	4	0.003300330033	2	0.0016501650165	1	0.0049504950495	3	606
0.575221238938	0.0	0	0.00176991150442	1	0.0	0	0.0	0	565
0.597802197802	0.0	0	0.0043956043956	2	0.0	0	0.0	0	455
0.553314121037	0.0014409221902	1	0.0028818443804	2	0.0	0	0.0	0	694
0.565298507463	0.00559701492537	3	0.00746268656716	4	0.0	0	0.0	0	536
0.609523809524	0.0	0	0.00714285714286	3	0.0	0	0.00238095238095	1	420
0.669871794872	0.00320512820513	1	0.0	0	0.00320512820513	1	0.0	0	312
0.506191950464	0.0030959752322	2	0.0	0	0.0015479876161	1	0.0	0	646
0.521794871795	0.0153846153846	12	0.00641025641026	5	0.00128205128205	1	0.0	0	780
0.608695652174	0.0	0	0.0	0	0.0	0	0.0	0	276
0.574642126789	0.0040899795501	2	0.00613496932515	3	0.0	0	0.0	0	489
0.516990291262	0.00606796116505	5	0.00121359223301	1	0.00121359223301	1	0.0	0	824
0.583963691377	0.0	0	0.0	0	0.00151285930408	1	0.0	0	661
0.636363636364	0.00478468899522	1	0.0	0	0.0	0	0.0	0	209
0.606965174129	0.0	0	0.00746268656716	3	0.0	0	0.0	0	402
0.670212765957	0.0141843971631	4	0.00354609929078	1	0.0	0	0.00354609929078	1	282
0.653225806452	0.0	0	0.0100806451613	5	0.00403225806452	2	0.0	0	496
0.58630952381	0.00297619047619	1	0.00892857142857	3	0.0	0	0.0	0	336
0.559796437659	0.00381679389313	3	0.0	0	0.00127226463104	1	0.0	0	786
0.728813559322	0.0	0	0.0	0	0.0	0	0.0	0	118
0.521680216802	0.0	0	0.00271002710027	2	0.00135501355014	1	0.0	0	738
0.509090909091	0.0	0	0.0030303030303	2	0.0	0	0.0	0	660
0.866666666667	0.0	0	0.0	0	0.0	0	0.0	0	60
0.872727272727	0.0	0	0.0	0	0.0181818181818	1	0.0	0	55
0.568345323741	0.0	0	0.00143884892086	1	0.00719424460432	5	0.0	0	695
0.50748502994	0.00149700598802	1	0.00898203592814	6	0.00149700598802	1	0.0	0	668
0.581222056632	0.00149031296572	1	0.00447093889717	3	0.0	0	0.0	0	671
0.60380952381	0.0	0	0.00190476190476	1	0.0	0	0.0	0	525
0.517421602787	0.0	0	0.0	0	0.0	0	0.0	0	574
0.597667638484	0.00291545189504	1	0.00291545189504	1	0.0	0	0.0	0	343
0.55604719764	0.00147492625369	1	0.00442477876106	3	0.0	0	0.0	0	678
0.511749347258	0.00261096605744	2	0.00130548302872	1	0.0	0	0.00261096605744	2	766
0.683544303797	0.0	0	0.0	0	0.0	0	0.0084388185654	2	237
0.631276901004	0.00143472022956	1	0.00143472022956	1	0.0	0	0.0	0	697
0.625678119349	0.00180831826401	1	0.00361663652803	2	0.0	0	0.00180831826401	1	553
0.615068493151	0.00547945205479	4	0.0	0	0.0	0	0.0	0	730
0.68018018018	0.0	0	0.00900900900901	2	0.0	0	0.0	0	222
0.589498806683	0.00238663484487	1	0.00954653937947	4	0.0	0	0.00238663484487	1	419
0.70479704797	0.0	0	0.0	0	0.0	0	0.0	0	271
0.654929577465	0.0	0	0.0	0	0.0	0	0.0	0	284
0.557180851064	0.00265957446809	2	0.0	0	0.00265957446809	2	0.0	0	752
0.60303030303	0.0	0	0.00606060606061	2	0.0	0	0.0	0	330
0.567322239032	0.00605143721634	4	0.0	0	0.00302571860817	2	0.00151285930408	1	661
0.564875491481	0.00131061598952	1	0.00131061598952	1	0.0	0	0.0	0	763
0.596153846154	0.00240384615385	1	0.0	0	0.0	0	0.0	0	416
0.712121212121	0.0	0	0.0	0	0.0	0	0.0	0	264
0.500751879699	0.0015037593985	1	0.00300751879699	2	0.0	0	0.0	0	665
0.529051987768	0.0	0	0.00152905198777	1	0.0	0	0.0	0	654
0.474885844749	0.0076103500761	5	0.00913242009132	6	0.0	0	0.0	0	657
0.673758865248	0.0	0	0.0	0	0.0	0	0.0	0	282
0.647540983607	0.00819672131148	1	0.0	0	0.0	0	0.0	0	122
0.60989010989	0.010989010989	2	0.00549450549451	1	0.0	0	0.0	0	182
0.545878693624	0.00311041990669	2	0.0	0	0.0	0	0.00155520995334	1	643
0.538461538462	0.0	0	0.00134952766532	1	0.0	0	0.0	0	741
0.55632183908	0.00229885057471	1	0.0	0	0.0	0	0.0	0	435
0.595641646489	0.00726392251816	3	0.0	0	0.0	0	0.00242130750605	1	413
0.520700636943	0.0031847133758	2	0.0	0	0.0	0	0.0031847133758	2	628
0.480582524272	0.0	0	0.0	0	0.0	0	0.0	0	618
0.575949367089	0.00632911392405	4	0.0	0	0.0	0	0.0	0	632
0.655303030303	0.0	0	0.00378787878788	1	0.0	0	0.0	0	264
0.520314547837	0.0104849279161	8	0.00393184796855	3	0.0	0	0.00131061598952	1	763
0.533980582524	0.0	0	0.0	0	0.00194174757282	1	0.0	0	515
0.529230769231	0.00923076923077	6	0.00153846153846	1	0.00153846153846	1	0.0	0	650
0.50382848392	0.00153139356815	1	0.00153139356815	1	0.0	0	0.0	0	653
0.52624671916	0.00262467191601	2	0.0157480314961	12	0.0	0	0.0	0	762
0.72625698324	0.00558659217877	1	0.0	0	0.0	0	0.0	0	179
0.733944954128	0.0	0	0.0	0	0.0	0	0.0	0	109
0.543604651163	0.0130813953488	9	0.00436046511628	3	0.00290697674419	2	0.00145348837209	1	688
0.723163841808	0.0	0	0.0	0	0.0	0	0.0	0	177
0.610824742268	0.00773195876289	3	0.00257731958763	1	0.00257731958763	1	0.0	0	388
0.561604584527	0.00429799426934	3	0.0100286532951	7	0.0	0	0.0	0	698
0.566889632107	0.00167224080268	1	0.0	0	0.00501672240803	3	0.0	0	598
0.606194690265	0.0110619469027	5	0.00221238938053	1	0.0	0	0.0	0	452
0.652114597544	0.00409276944065	3	0.00409276944065	3	0.00272851296044	2	0.0	0	733
0.601923076923	0.0	0	0.00384615384615	2	0.0	0	0.0	0	520
0.483556638246	0.00609013398295	5	0.00121802679659	1	0.00121802679659	1	0.0	0	821
0.601851851852	0.0	0	0.00462962962963	3	0.0	0	0.0	0	648
0.683544303797	0.0	0	0.00632911392405	1	0.0	0	0.0	0	158
0.559270516717	0.0	0	0.00607902735562	4	0.0	0	0.0	0	658
0.462800875274	0.00109409190372	1	0.00109409190372	1	0.0	0	0.0	0	914
0.579545454545	0.0	0	0.0	0	0.00189393939394	1	0.00189393939394	1	528
0.575801749271	0.0	0	0.0	0	0.0	0	0.0	0	686
0.653543307087	0.0	0	0.00524934383202	2	0.0	0	0.0	0	381
0.531851851852	0.0	0	0.00296296296296	2	0.0	0	0.0	0	675
0.59918200409	0.0081799591002	4	0.0081799591002	4	0.0	0	0.00204498977505	1	489
0.690607734807	0.00276243093923	2	0.0	0	0.0	0	0.0	0	724
0.654545454545	0.0	0	0.0218181818182	6	0.0	0	0.0	0	275
0.607238605898	0.00536193029491	4	0.0	0	0.0	0	0.0	0	746
0.815384615385	0.00769230769231	1	0.0	0	0.0	0	0.0	0	130
0.698324022346	0.0	0	0.0	0	0.0	0	0.0	0	179
0.661290322581	0.0	0	0.00230414746544	1	0.00460829493088	2	0.0	0	434
0.550063371356	0.0	0	0.00126742712294	1	0.00126742712294	1	0.0	0	789
0.631849315068	0.0	0	0.00171232876712	1	0.0	0	0.0	0	584
0.622641509434	0.0	0	0.0062893081761	2	0.0	0	0.0	0	318
0.556660039761	0.00397614314115	2	0.00397614314115	2	0.00198807157058	1	0.0	0	503
0.671497584541	0.0	0	0.0	0	0.0	0	0.0	0	414
0.711934156379	0.0	0	0.0	0	0.0	0	0.0	0	243
0.54743083004	0.0118577075099	6	0.00197628458498	1	0.00197628458498	1	0.0	0	506
0.520094562648	0.00709219858156	3	0.00236406619385	1	0.00236406619385	1	0.0	0	423
0.536384976526	0.00469483568075	4	0.00117370892019	1	0.00234741784038	2	0.00117370892019	1	852
0.590563165906	0.00152207001522	1	0.00304414003044	2	0.0	0	0.0	0	657
0.582608695652	0.00579710144928	4	0.00434782608696	3	0.00289855072464	2	0.00144927536232	1	690
0.697777777778	0.00444444444444	1	0.0	0	0.00444444444444	1	0.0	0	225
0.698113207547	0.0	0	0.0	0	0.0	0	0.0	0	159
0.637621023513	0.00276625172891	2	0.0	0	0.0	0	0.00276625172891	2	723
0.531615925059	0.00234192037471	1	0.0	0	0.0	0	0.0	0	427
0.70821529745	0.0	0	0.0028328611898	1	0.0	0	0.0	0	353
0.534668721109	0.00924499229584	6	0.0	0	0.00308166409861	2	0.0	0	649
0.530878859857	0.00593824228029	5	0.0083135391924	7	0.0	0	0.0	0	842
0.545638945233	0.0	0	0.00405679513185	2	0.0	0	0.0	0	493
0.610778443114	0.0059880239521	2	0.00299401197605	1	0.0	0	0.0	0	334
0.491195551437	0.00278035217794	3	0.00278035217794	3	0.0	0	0.0	0	1079
0.377272727273	0.00454545454545	6	0.0030303030303	4	0.000757575757576	1	0.00151515151515	2	1320
0.470446320869	0.00361881785283	3	0.00120627261761	1	0.0	0	0.0	0	829
0.76875	0.0	0	0.0	0	0.0	0	0.0	0	160
0.532219570406	0.0	0	0.0	0	0.0	0	0.0	0	419
