0.601374570447	0.00343642611684	1	0.00343642611684	1	0.0	0	0.0	0	291
0.596730245232	0.00272479564033	1	0.0	0	0.00272479564033	1	0.0	0	367
0.636363636364	0.0	0	0.0034965034965	1	0.0	0	0.0	0	286
0.624561403509	0.0	0	0.0	0	0.0	0	0.0	0	285
0.526960784314	0.0	0	0.0	0	0.0	0	0.00245098039216	1	408
0.593525179856	0.0	0	0.0	0	0.0	0	0.0	0	278
0.561194029851	0.0	0	0.00298507462687	1	0.0	0	0.0	0	335
0.622857142857	0.0	0	0.0	0	0.0	0	0.0	0	175
0.5770609319	0.00716845878136	2	0.0	0	0.0	0	0.0	0	279
0.557312252964	0.0	0	0.0	0	0.0	0	0.0	0	506
0.677595628415	0.0	0	0.0	0	0.0	0	0.0	0	183
0.679324894515	0.0168776371308	4	0.0042194092827	1	0.0	0	0.0	0	237
0.604026845638	0.0	0	0.0	0	0.0	0	0.0	0	298
0.626984126984	0.015873015873	4	0.0	0	0.0	0	0.0	0	252
0.540192926045	0.0	0	0.0	0	0.0	0	0.0	0	311
0.542234332425	0.00272479564033	1	0.0	0	0.0	0	0.00272479564033	1	367
0.593639575972	0.0	0	0.0	0	0.0	0	0.0	0	283
0.502555366269	0.0	0	0.00511073253833	3	0.0	0	0.0	0	587
0.631578947368	0.0	0	0.00375939849624	1	0.0	0	0.0	0	266
0.606382978723	0.00531914893617	1	0.0	0	0.0	0	0.0	0	188
0.579759862779	0.00171526586621	1	0.00171526586621	1	0.0	0	0.0	0	583
0.479550102249	0.00204498977505	2	0.00613496932515	6	0.0040899795501	4	0.0	0	978
0.508771929825	0.00175438596491	1	0.0	0	0.0	0	0.0	0	570
0.601449275362	0.0036231884058	1	0.0036231884058	1	0.0	0	0.0	0	276
0.634271099744	0.00255754475703	1	0.0	0	0.0	0	0.0	0	391
0.473626373626	0.00659340659341	6	0.0010989010989	1	0.0021978021978	2	0.0	0	910
0.502935420744	0.0	0	0.00195694716243	2	0.0	0	0.0	0	1022
0.424203821656	0.00127388535032	2	0.00127388535032	2	0.000636942675159	1	0.0	0	1570
0.478835978836	0.00176366843034	2	0.00440917107584	5	0.0	0	0.0	0	1134
0.38670694864	0.00604229607251	10	0.0036253776435	6	0.0012084592145	2	0.0	0	1655
0.488817891374	0.0010649627263	1	0.00425985090522	4	0.00212992545261	2	0.0	0	939
0.505580357143	0.00111607142857	1	0.0	0	0.00111607142857	1	0.0	0	896
0.544031311155	0.00391389432485	2	0.00195694716243	1	0.00195694716243	1	0.00195694716243	1	511
0.594005449591	0.00544959128065	2	0.00544959128065	2	0.0	0	0.0	0	367
0.468055555556	0.0111111111111	8	0.00138888888889	1	0.00138888888889	1	0.0	0	720
0.437837837838	0.00540540540541	6	0.0027027027027	3	0.0036036036036	4	0.000900900900901	1	1110
0.643274853801	0.0	0	0.00292397660819	1	0.0	0	0.00292397660819	1	342
0.512855209743	0.00270635994587	2	0.00405953991881	3	0.0	0	0.0	0	739
0.51493598862	0.0	0	0.00568990042674	4	0.0	0	0.00142247510669	1	703
0.603535353535	0.00126262626263	1	0.00252525252525	2	0.00126262626263	1	0.0	0	792
0.453578336557	0.0	0	0.00193423597679	2	0.0	0	0.0	0	1034
0.608108108108	0.00337837837838	1	0.0	0	0.00337837837838	1	0.0	0	296
0.446280991736	0.00550964187328	8	0.00413223140496	6	0.0	0	0.0	0	1452
0.501792114695	0.0	0	0.00179211469534	1	0.0	0	0.0	0	558
0.596330275229	0.0	0	0.0	0	0.0	0	0.0	0	218
0.448757763975	0.0	0	0.00155279503106	1	0.0	0	0.0	0	644
0.648888888889	0.00444444444444	1	0.0	0	0.0	0	0.0	0	225
0.511547344111	0.00461893764434	4	0.0	0	0.00230946882217	2	0.0	0	866
0.592105263158	0.00263157894737	1	0.00789473684211	3	0.00263157894737	1	0.0	0	380
0.578534031414	0.00261780104712	1	0.0104712041885	4	0.0	0	0.00261780104712	1	382
0.412213740458	0.00152671755725	1	0.0	0	0.00152671755725	1	0.0	0	655
0.473544973545	0.0010582010582	2	0.0	0	0.0015873015873	3	0.000529100529101	1	1890
0.539594843462	0.0	0	0.0	0	0.0	0	0.0	0	543
0.502958579882	0.00394477317554	4	0.000986193293886	1	0.0	0	0.0	0	1014
0.531690140845	0.00234741784038	2	0.00234741784038	2	0.00117370892019	1	0.0	0	852
0.421900161031	0.00322061191626	2	0.0	0	0.00161030595813	1	0.0	0	621
0.521739130435	0.0054347826087	3	0.0036231884058	2	0.0018115942029	1	0.0	0	552
0.643258426966	0.00561797752809	2	0.00280898876404	1	0.0	0	0.0	0	356
0.371814092954	0.000749625187406	1	0.00599700149925	8	0.000749625187406	1	0.0	0	1334
0.422245108136	0.00514933058702	5	0.0010298661174	1	0.0	0	0.0	0	971
0.572769953052	0.0	0	0.00469483568075	2	0.0	0	0.0	0	426
0.583333333333	0.0	0	0.00992063492063	5	0.00198412698413	1	0.0	0	504
0.683035714286	0.0	0	0.00892857142857	2	0.0	0	0.0	0	224
0.60113960114	0.0	0	0.002849002849	1	0.00569800569801	2	0.002849002849	1	351
0.396643109541	0.0017667844523	2	0.000883392226148	1	0.0017667844523	2	0.0	0	1132
0.416781292985	0.00687757909216	10	0.00550206327373	8	0.00137551581843	2	0.0	0	1454
0.576642335766	0.00243309002433	1	0.00729927007299	3	0.00243309002433	1	0.0	0	411
0.754237288136	0.00847457627119	1	0.0	0	0.0	0	0.0	0	118
0.502054794521	0.000684931506849	1	0.000684931506849	1	0.0013698630137	2	0.0	0	1460
0.641891891892	0.0	0	0.00337837837838	1	0.0	0	0.0	0	296
0.467918622848	0.0	0	0.00156494522692	2	0.00234741784038	3	0.000782472613459	1	1278
0.566666666667	0.0	0	0.00833333333333	3	0.0	0	0.0	0	360
0.741721854305	0.0	0	0.00662251655629	1	0.0	0	0.0	0	151
0.517529215359	0.00834724540902	5	0.00667779632721	4	0.00500834724541	3	0.0	0	599
0.423513694055	0.00133600534402	2	0.00734802939212	11	0.00133600534402	2	0.0	0	1497
0.637119113573	0.00277008310249	1	0.00277008310249	1	0.0	0	0.0	0	361
0.555963302752	0.00550458715596	3	0.0	0	0.00183486238532	1	0.0	0	545
0.538653366584	0.0	0	0.0124688279302	5	0.0	0	0.0	0	401
0.689655172414	0.0	0	0.0	0	0.0	0	0.0	0	174
0.773333333333	0.0	0	0.0	0	0.0	0	0.0	0	75
0.497536945813	0.0012315270936	1	0.0012315270936	1	0.0012315270936	1	0.0	0	812
0.555395683453	0.00575539568345	4	0.00143884892086	1	0.0	0	0.0	0	695
0.598778004073	0.0040733197556	2	0.0020366598778	1	0.0	0	0.0	0	491
0.634615384615	0.0	0	0.0	0	0.0	0	0.0	0	572
0.593684210526	0.0147368421053	7	0.00421052631579	2	0.0	0	0.00210526315789	1	475
0.74025974026	0.0	0	0.0	0	0.0	0	0.0	0	154
0.6	0.0	0	0.025	7	0.00357142857143	1	0.0	0	280
0.444852941176	0.00551470588235	6	0.00183823529412	2	0.000919117647059	1	0.0	0	1088
0.646090534979	0.00411522633745	1	0.0	0	0.0	0	0.0	0	243
0.610619469027	0.00442477876106	1	0.0	0	0.0	0	0.0	0	226
0.409346846847	0.0106981981982	19	0.00168918918919	3	0.00168918918919	3	0.000563063063063	1	1776
0.485568760611	0.00169779286927	2	0.000848896434635	1	0.00169779286927	2	0.0	0	1178
0.426420260096	0.00205338809035	3	0.0	0	0.0	0	0.0	0	1461
0.700598802395	0.0	0	0.0	0	0.0	0	0.0	0	167
0.570342205323	0.00380228136882	2	0.00380228136882	2	0.0	0	0.0	0	526
0.430250783699	0.00156739811912	2	0.00156739811912	2	0.0	0	0.0	0	1276
0.645283018868	0.00377358490566	1	0.0	0	0.00377358490566	1	0.00754716981132	2	265
0.59375	0.028125	9	0.0	0	0.0	0	0.0	0	320
0.400966183575	0.00322061191626	6	0.00268384326355	5	0.00268384326355	5	0.000536768652711	1	1863
0.814285714286	0.0	0	0.0	0	0.0	0	0.0	0	140
0.72972972973	0.0337837837838	5	0.0	0	0.0	0	0.0	0	148
0.459222082811	0.00627352572146	5	0.0100376411543	8	0.00376411543287	3	0.0	0	797
0.4373374935	0.000520020800832	1	0.000520020800832	1	0.0015600624025	3	0.0	0	1923
0.471351351351	0.00648648648649	6	0.00108108108108	1	0.0	0	0.0	0	925
0.443406022845	0.00519210799585	5	0.00623052959502	6	0.00103842159917	1	0.00103842159917	1	963
0.445091514143	0.0	0	0.00665557404326	8	0.0	0	0.000831946755408	1	1202
0.723958333333	0.015625	3	0.0	0	0.0	0	0.0	0	192
0.503429355281	0.00274348422497	2	0.00137174211248	1	0.00274348422497	2	0.0	0	729
0.502433090024	0.00121654501217	1	0.00243309002433	2	0.0	0	0.00243309002433	2	822
0.468114926419	0.0021023125438	3	0.000700770847933	1	0.000700770847933	1	0.000700770847933	1	1427
0.560381355932	0.00529661016949	5	0.0	0	0.0	0	0.0	0	944
0.473939393939	0.0	0	0.00121212121212	1	0.0	0	0.0	0	825
0.54329004329	0.0	0	0.004329004329	2	0.0	0	0.0	0	462
0.466053748232	0.001414427157	2	0.0049504950495	7	0.000707213578501	1	0.0	0	1414
0.422467263956	0.0013783597519	2	0.00482425913163	7	0.000689179875948	1	0.0	0	1451
0.395238095238	0.000595238095238	1	0.00119047619048	2	0.000595238095238	1	0.0	0	1680
0.530708661417	0.00314960629921	2	0.00157480314961	1	0.0	0	0.00157480314961	1	635
0.472754050074	0.00589101620029	4	0.0	0	0.0	0	0.0	0	679
0.477205882353	0.00955882352941	13	0.00220588235294	3	0.000735294117647	1	0.0	0	1360
0.576864535769	0.00304414003044	2	0.0	0	0.0	0	0.0	0	657
0.5296	0.0016	1	0.008	5	0.0	0	0.0016	1	625
0.483011937557	0.00459136822773	5	0.00459136822773	5	0.0	0	0.0	0	1089
0.537931034483	0.00114942528736	1	0.00919540229885	8	0.0	0	0.00114942528736	1	870
0.798449612403	0.0	0	0.0077519379845	1	0.0	0	0.0	0	129
0.603221083455	0.0	0	0.00292825768668	2	0.00146412884334	1	0.0	0	683
0.414542728636	0.00562218890555	15	0.00487256371814	13	0.000374812593703	1	0.0	0	2668
0.507261410788	0.00103734439834	1	0.00207468879668	2	0.00311203319502	3	0.0	0	964
0.487491548343	0.00338066260987	5	0.0	0	0.00202839756592	3	0.0027045300879	4	1479
0.544529262087	0.00127226463104	1	0.0	0	0.0	0	0.0	0	786
0.724719101124	0.00561797752809	1	0.0	0	0.0	0	0.0	0	178
0.583941605839	0.0036496350365	2	0.00729927007299	4	0.0	0	0.0	0	548
0.579908675799	0.013698630137	3	0.0	0	0.0	0	0.0	0	219
0.68932038835	0.0	0	0.0	0	0.0	0	0.0	0	206
0.76213592233	0.0145631067961	3	0.0	0	0.0	0	0.0	0	206
0.613333333333	0.0	0	0.00266666666667	1	0.008	3	0.0	0	375
0.366603892028	0.000627746390458	1	0.00125549278092	2	0.0	0	0.0	0	1593
0.595365418895	0.0	0	0.0	0	0.00356506238859	2	0.0	0	561
0.552380952381	0.00571428571429	3	0.0	0	0.0	0	0.00190476190476	1	525
0.504923903312	0.00268576544315	3	0.00268576544315	3	0.000895255147717	1	0.0	0	1117
0.662698412698	0.00793650793651	2	0.0	0	0.0	0	0.0	0	252
0.457202505219	0.0	0	0.00730688935282	7	0.0	0	0.0	0	958
0.478890229192	0.00241254523522	2	0.00482509047045	4	0.0	0	0.00120627261761	1	829
0.782945736434	0.0	0	0.0077519379845	1	0.0	0	0.0	0	129
0.539982803095	0.000859845227859	1	0.000859845227859	1	0.00257953568358	3	0.00257953568358	3	1163
0.366385372714	0.0014064697609	2	0.00210970464135	3	0.0	0	0.00070323488045	1	1422
0.524590163934	0.00258843830889	3	0.00258843830889	3	0.00172562553926	2	0.0	0	1159
0.528957528958	0.003861003861	2	0.00579150579151	3	0.003861003861	2	0.0	0	518
0.461433447099	0.00341296928328	5	0.00273037542662	4	0.000682593856655	1	0.0	0	1465
0.33183538316	0.00260170293283	11	0.00402081362346	17	0.000709555345317	3	0.00260170293283	11	4228
0.546777546778	0.0	0	0.0	0	0.0	0	0.0	0	481
0.481164383562	0.00342465753425	2	0.00856164383562	5	0.0	0	0.0	0	584
0.576433121019	0.0	0	0.0	0	0.0	0	0.0	0	314
0.458471760797	0.00332225913621	3	0.00553709856035	5	0.00221483942414	2	0.0	0	903
0.492179353493	0.0104275286757	10	0.00312825860271	3	0.00312825860271	3	0.00104275286757	1	959
0.527835051546	0.00412371134021	2	0.0020618556701	1	0.0	0	0.0	0	485
0.538653366584	0.00124688279302	1	0.00997506234414	8	0.0	0	0.00124688279302	1	802
0.5338882283	0.00237812128419	2	0.00356718192628	3	0.0	0	0.00118906064209	1	841
0.546539379475	0.0	0	0.0	0	0.00238663484487	1	0.0	0	419
0.496779388084	0.000805152979066	1	0.000805152979066	1	0.000805152979066	1	0.0	0	1242
0.398622800306	0.00114766641163	3	0.00153022188217	4	0.00191277735272	5	0.000382555470543	1	2614
0.460260972716	0.00593119810202	5	0.0	0	0.00711743772242	6	0.0	0	843
0.702479338843	0.0	0	0.0	0	0.0	0	0.0	0	242
0.468281430219	0.00115340253749	1	0.0	0	0.00115340253749	1	0.00115340253749	1	867
0.399730820996	0.00403768506057	6	0.00538358008075	8	0.0	0	0.0	0	1486
0.744	0.0	0	0.0	0	0.008	1	0.0	0	125
0.484029484029	0.004095004095	5	0.001638001638	2	0.0	0	0.000819000819001	1	1221
0.553553553554	0.0	0	0.0	0	0.0	0	0.004004004004	4	999
0.455142231947	0.0	0	0.0054704595186	5	0.0	0	0.0	0	914
0.493293591654	0.00149031296572	1	0.00149031296572	1	0.0	0	0.00149031296572	1	671
0.782608695652	0.0	0	0.0	0	0.0	0	0.0	0	115
0.384347826087	0.0	0	0.000869565217391	1	0.00260869565217	3	0.0	0	1150
0.484299516908	0.00845410628019	7	0.00724637681159	6	0.0012077294686	1	0.0	0	828
0.511482254697	0.00208768267223	2	0.00208768267223	2	0.0	0	0.0	0	958
0.471365638767	0.000734214390602	1	0.0	0	0.000734214390602	1	0.000734214390602	1	1362
0.635944700461	0.0	0	0.0	0	0.0	0	0.0	0	217
0.499184339315	0.00652528548124	4	0.0	0	0.0	0	0.0	0	613
0.416927899687	0.0025078369906	4	0.00188087774295	3	0.0	0	0.0	0	1595
0.601351351351	0.0	0	0.00675675675676	2	0.00675675675676	2	0.0	0	296
0.486344537815	0.0031512605042	3	0.00210084033613	2	0.00105042016807	1	0.0	0	952
0.517435320585	0.00674915635546	6	0.0044994375703	4	0.0	0	0.0	0	889
0.352631578947	0.00210526315789	4	0.00210526315789	4	0.000526315789474	1	0.0	0	1900
0.432823813355	0.00321802091714	4	0.016894609815	21	0.000804505229284	1	0.0	0	1243
0.418032786885	0.00983606557377	12	0.000819672131148	1	0.000819672131148	1	0.0	0	1220
0.628048780488	0.0	0	0.0	0	0.0	0	0.0	0	328
0.499348958333	0.000651041666667	1	0.0	0	0.000651041666667	1	0.000651041666667	1	1536
0.575498575499	0.0	0	0.0014245014245	1	0.0	0	0.0	0	702
0.506012950971	0.00277520814061	3	0.00277520814061	3	0.000925069380204	1	0.000925069380204	1	1081
0.609375	0.0	0	0.0	0	0.0	0	0.0	0	256
0.598062953995	0.0	0	0.00484261501211	2	0.00242130750605	1	0.0	0	413
0.430163934426	0.00196721311475	6	0.000327868852459	1	0.000327868852459	1	0.000327868852459	1	3050
0.482972136223	0.00103199174407	1	0.00515995872033	5	0.0	0	0.0	0	969
0.436138613861	0.0039603960396	8	0.00148514851485	3	0.0	0	0.0	0	2020
0.564482029598	0.00211416490486	1	0.00211416490486	1	0.0	0	0.0	0	473
0.43641231593	0.000669344042838	1	0.000669344042838	1	0.0	0	0.0	0	1494
0.449836677555	0.000933271115259	2	0.0	0	0.0	0	0.000466635557629	1	2143
0.460157126824	0.0	0	0.0	0	0.0	0	0.00112233445567	1	891
0.461870503597	0.00359712230216	5	0.00287769784173	4	0.00215827338129	3	0.000719424460432	1	1390
0.46908315565	0.00106609808102	1	0.00319829424307	3	0.0	0	0.0	0	938
0.517426273458	0.0	0	0.000893655049151	1	0.0017873100983	2	0.0	0	1119
0.416996047431	0.00724637681159	11	0.0	0	0.000658761528327	1	0.0	0	1518
0.504896626768	0.00217627856366	2	0.0130576713819	12	0.00108813928183	1	0.0	0	919
0.467265725289	0.01026957638	8	0.0012836970475	1	0.0012836970475	1	0.0	0	779
0.533092659446	0.00361010830325	3	0.00120336943442	1	0.00240673886883	2	0.0	0	831
0.383423702556	0.00154918667699	2	0.00154918667699	2	0.000774593338497	1	0.0	0	1291
0.765432098765	0.0	0	0.0	0	0.0	0	0.0	0	81
0.496570644719	0.0	0	0.000685871056241	1	0.0	0	0.000685871056241	1	1458
0.593220338983	0.0	0	0.0	0	0.0	0	0.0	0	354
0.483660130719	0.00490196078431	3	0.0	0	0.0	0	0.0	0	612
0.512702078522	0.00230946882217	1	0.0254041570439	11	0.0	0	0.0	0	433
0.676470588235	0.0	0	0.0	0	0.0	0	0.0	0	204
0.646464646465	0.00252525252525	1	0.0	0	0.0	0	0.0	0	396
0.360025220681	0.00063051702396	1	0.00378310214376	6	0.0	0	0.0	0	1586
0.472417251755	0.00401203610832	4	0.0140421263791	14	0.0	0	0.0	0	997
0.423503325942	0.00813008130081	11	0.00147819660015	2	0.0	0	0.0	0	1353
0.424242424242	0.00673400673401	6	0.00112233445567	1	0.0	0	0.00224466891134	2	891
0.53173374613	0.00077399380805	1	0.00232198142415	3	0.0	0	0.0	0	1292
0.518709677419	0.00387096774194	3	0.0	0	0.00387096774194	3	0.00258064516129	2	775
0.569200779727	0.00194931773879	1	0.0	0	0.0	0	0.0	0	513
0.639412997904	0.0	0	0.0020964360587	1	0.0	0	0.0	0	477
0.507840772014	0.00844390832328	7	0.00120627261761	1	0.0	0	0.00241254523522	2	829
0.605752961083	0.0	0	0.00169204737733	1	0.0	0	0.0	0	591
0.445759368836	0.0069033530572	7	0.00591715976331	6	0.00295857988166	3	0.00295857988166	3	1014
0.483159117305	0.0	0	0.00813008130081	7	0.0	0	0.0	0	861
0.522988505747	0.0	0	0.00164203612479	2	0.0	0	0.0	0	1218
0.388577256502	0.00356960734319	7	0.00101988781234	2	0.0	0	0.00050994390617	1	1961
0.521939953811	0.0115473441109	15	0.000769822940724	1	0.000769822940724	1	0.0	0	1299
0.476394849785	0.00107296137339	1	0.0	0	0.00107296137339	1	0.0	0	932
0.675159235669	0.0	0	0.0	0	0.0	0	0.0	0	314
0.351077313054	0.00422475707647	10	0.000844951415294	2	0.000844951415294	2	0.000422475707647	1	2367
0.459349593496	0.00243902439024	3	0.00487804878049	6	0.00406504065041	5	0.000813008130081	1	1230
0.520346320346	0.0017316017316	2	0.004329004329	5	0.0	0	0.0	0	1155
0.450134770889	0.00988319856244	22	0.00269541778976	6	0.000449236298293	1	0.0	0	2226
0.493955094991	0.00172711571675	1	0.0	0	0.0	0	0.0	0	579
0.502136752137	0.00213675213675	2	0.0042735042735	4	0.0	0	0.00106837606838	1	936
0.563689604685	0.00146412884334	1	0.00439238653001	3	0.0	0	0.0	0	683
0.460035523979	0.00088809946714	1	0.00177619893428	2	0.00088809946714	1	0.0	0	1126
0.54954954955	0.0	0	0.0	0	0.0	0	0.0018018018018	1	555
0.505882352941	0.000980392156863	1	0.00196078431373	2	0.00196078431373	2	0.000980392156863	1	1020
0.51686746988	0.00240963855422	2	0.00240963855422	2	0.0	0	0.0	0	830
0.507157464213	0.00102249488753	1	0.00204498977505	2	0.0	0	0.0	0	978
0.51125	0.0025	2	0.0025	2	0.0025	2	0.0	0	800
0.476801579467	0.00592300098717	6	0.000987166831194	1	0.00296150049358	3	0.00296150049358	3	1013
0.522146507666	0.000851788756388	1	0.00596252129472	7	0.000851788756388	1	0.000851788756388	1	1174
0.513144058885	0.00210304942166	2	0.00105152471083	1	0.00210304942166	2	0.0	0	951
0.432975871314	0.0	0	0.00603217158177	9	0.0	0	0.0	0	1492
0.504347826087	0.00144927536232	2	0.00144927536232	2	0.000724637681159	1	0.000724637681159	1	1380
0.5	0.00632911392405	6	0.00210970464135	2	0.0042194092827	4	0.00210970464135	2	948
0.736486486486	0.0	0	0.0	0	0.0	0	0.0	0	148
0.526315789474	0.00131578947368	1	0.0	0	0.0	0	0.0	0	760
0.564687975647	0.00304414003044	2	0.00304414003044	2	0.00152207001522	1	0.0	0	657
0.564599483204	0.0	0	0.00387596899225	3	0.0	0	0.0	0	774
0.509480626546	0.0	0	0.0	0	0.00164880461665	2	0.0	0	1213
0.471571906355	0.00111482720178	1	0.0066889632107	6	0.00111482720178	1	0.0	0	897
0.506053268765	0.000807102502018	1	0.0	0	0.0	0	0.000807102502018	1	1239
0.526905829596	0.00112107623318	1	0.00224215246637	2	0.0	0	0.0	0	892
0.58524173028	0.0	0	0.00254452926209	1	0.00254452926209	1	0.0	0	393
0.501510574018	0.00151057401813	1	0.00302114803625	2	0.00453172205438	3	0.0	0	662
0.45871559633	0.00166805671393	2	0.0125104253545	15	0.00166805671393	2	0.00166805671393	2	1199
0.523545706371	0.0	0	0.00184672206833	2	0.0	0	0.0	0	1083
0.432578209277	0.00107874865156	1	0.0215749730313	20	0.0	0	0.0	0	927
0.476463834673	0.00229621125144	2	0.00114810562572	1	0.00114810562572	1	0.0	0	871
0.500768049155	0.0138248847926	9	0.00307219662058	2	0.00153609831029	1	0.00153609831029	1	651
0.45	0.00285714285714	4	0.00785714285714	11	0.00214285714286	3	0.0	0	1400
0.502392344498	0.0111642743222	7	0.00478468899522	3	0.00478468899522	3	0.0	0	627
0.432289156627	0.0033734939759	7	0.0033734939759	7	0.000481927710843	1	0.0	0	2075
0.534772182254	0.00239808153477	2	0.00239808153477	2	0.00119904076739	1	0.0	0	834
0.503896103896	0.0112554112554	13	0.000865800865801	1	0.0	0	0.0	0	1155
0.543352601156	0.0	0	0.00231213872832	2	0.0	0	0.0	0	865
0.580284552846	0.0030487804878	3	0.0030487804878	3	0.0	0	0.0010162601626	1	984
0.493421052632	0.0	0	0.00109649122807	1	0.0	0	0.0	0	912
0.423298731257	0.00346020761246	3	0.00230680507497	2	0.00461361014994	4	0.0	0	867
0.549171270718	0.00110497237569	1	0.0	0	0.00220994475138	2	0.0	0	905
0.492110453649	0.000986193293886	1	0.00197238658777	2	0.000986193293886	1	0.0	0	1014
0.451812555261	0.00397877984085	9	0.00353669319187	8	0.000442086648983	1	0.000442086648983	1	2262
0.546070460705	0.00271002710027	2	0.0	0	0.00135501355014	1	0.0	0	738
0.474626865672	0.00298507462687	3	0.000995024875622	1	0.000995024875622	1	0.0	0	1005
0.477040816327	0.000850340136054	1	0.0	0	0.00170068027211	2	0.0	0	1176
0.539089848308	0.0	0	0.00350058343057	3	0.00116686114352	1	0.0	0	857
0.515714285714	0.00285714285714	2	0.0	0	0.0	0	0.0	0	700
0.542444821732	0.000848896434635	1	0.00169779286927	2	0.000848896434635	1	0.0	0	1178
0.598705501618	0.0	0	0.0	0	0.0	0	0.0	0	309
0.494864612512	0.00186741363212	2	0.0	0	0.0	0	0.0	0	1071
0.45821529745	0.0014164305949	2	0.00495750708215	7	0.0	0	0.0	0	1412
0.536011080332	0.00138504155125	1	0.0	0	0.0	0	0.0	0	722
0.483135824977	0.0	0	0.000911577028259	1	0.000911577028259	1	0.0	0	1097
0.529206625981	0.00261551874455	3	0.0	0	0.0	0	0.00174367916303	2	1147
0.478676470588	0.00220588235294	3	0.000735294117647	1	0.000735294117647	1	0.0	0	1360
0.475754803294	0.00457456541629	5	0.00182982616651	2	0.00365965233303	4	0.0	0	1093
0.502574665294	0.0010298661174	1	0.00514933058702	5	0.0010298661174	1	0.0	0	971
0.418329637842	0.00886917960089	24	0.00258684405026	7	0.000369549150037	1	0.0	0	2706
0.399338569657	0.00537412153783	13	0.000826787928896	2	0.000826787928896	2	0.000826787928896	2	2419
0.488543371522	0.00245499181669	3	0.00327332242226	4	0.00163666121113	2	0.0	0	1222
0.485275288092	0.00256081946223	2	0.00256081946223	2	0.00128040973111	1	0.0	0	781
0.420986622074	0.00919732441472	22	0.00376254180602	9	0.000418060200669	1	0.0	0	2392
0.458459214502	0.00151057401813	2	0.00302114803625	4	0.0	0	0.0	0	1324
0.4575	0.0005	1	0.0025	5	0.0005	1	0.001	2	2000
0.547709923664	0.00572519083969	3	0.00190839694656	1	0.00572519083969	3	0.0	0	524
0.516935483871	0.0	0	0.00161290322581	2	0.00161290322581	2	0.0	0	1240
0.494813278008	0.00311203319502	3	0.00103734439834	1	0.00103734439834	1	0.0	0	964
0.485197368421	0.00246710526316	3	0.00740131578947	9	0.000822368421053	1	0.0	0	1216
0.490654205607	0.0	0	0.0018691588785	2	0.00280373831776	3	0.0	0	1070
0.479254868755	0.00762066045724	9	0.00423370025402	5	0.00169348010161	2	0.0	0	1181
0.516703786192	0.0022271714922	2	0.0	0	0.0	0	0.0011135857461	1	898
0.529310344828	0.0051724137931	3	0.00172413793103	1	0.0	0	0.0	0	580
0.503378378378	0.00225225225225	2	0.00225225225225	2	0.00337837837838	3	0.0	0	888
0.484567901235	0.00154320987654	1	0.0	0	0.0	0	0.0	0	648
0.501758499414	0.00351699882767	3	0.00117233294256	1	0.00351699882767	3	0.0	0	853
0.657766990291	0.00242718446602	1	0.0	0	0.0	0	0.0	0	412
0.335081279497	0.00262191924489	10	0.00104876769795	4	0.000524383848977	2	0.0	0	3814
0.5983436853	0.00207039337474	1	0.00207039337474	1	0.0	0	0.0	0	483
0.634328358209	0.00373134328358	1	0.0	0	0.0	0	0.0	0	268
0.567717996289	0.0	0	0.00185528756957	1	0.0	0	0.0	0	539
0.47454931071	0.0	0	0.00424178154825	8	0.000530222693531	1	0.0	0	1886
0.476084538376	0.0	0	0.00222469410456	2	0.0	0	0.0	0	899
0.463	0.0	0	0.005	5	0.007	7	0.001	1	1000
0.503448275862	0.00459770114943	4	0.00114942528736	1	0.0	0	0.0	0	870
0.531798245614	0.00328947368421	3	0.00109649122807	1	0.00219298245614	2	0.0	0	912
0.531847133758	0.0015923566879	1	0.00636942675159	4	0.0015923566879	1	0.0	0	628
0.447748513169	0.0016992353441	2	0.00339847068819	4	0.0	0	0.0	0	1177
0.5	0.00105263157895	1	0.00105263157895	1	0.0	0	0.0	0	950
0.489736070381	0.00733137829912	5	0.0	0	0.0	0	0.0	0	682
0.51201011378	0.0	0	0.00252844500632	2	0.00126422250316	1	0.0	0	791
0.58064516129	0.00248138957816	1	0.0	0	0.0	0	0.0	0	403
0.563617245005	0.00210304942166	2	0.0	0	0.0	0	0.0	0	951
0.483668341709	0.00251256281407	2	0.00251256281407	2	0.0	0	0.0	0	796
0.507552870091	0.0100704934542	10	0.00402819738167	4	0.0	0	0.0	0	993
0.370717344754	0.000802997858672	3	0.00160599571734	6	0.00160599571734	6	0.0	0	3736
0.485688729875	0.00268336314848	3	0.0134168157424	15	0.000894454382826	1	0.0	0	1118
0.349852071006	0.000739644970414	2	0.00221893491124	6	0.00369822485207	10	0.00184911242604	5	2704
0.420849420849	0.002574002574	4	0.0109395109395	17	0.0045045045045	7	0.0	0	1554
0.308202764977	0.00387096774194	21	0.00258064516129	14	0.00184331797235	10	0.0	0	5425
0.525321239607	0.00302343159486	4	0.000755857898715	1	0.0	0	0.000755857898715	1	1323
0.482954545455	0.00568181818182	4	0.00142045454545	1	0.0	0	0.00142045454545	1	704
0.493034524531	0.00363416111448	6	0.00242277407632	4	0.00121138703816	2	0.00121138703816	2	1651
0.400638977636	0.00255591054313	4	0.00191693290735	3	0.00127795527157	2	0.000638977635783	1	1565
0.471122112211	0.00247524752475	3	0.0016501650165	2	0.00577557755776	7	0.0016501650165	2	1212
0.499192245557	0.0	0	0.0016155088853	2	0.0	0	0.0	0	1238
0.647887323944	0.0	0	0.0	0	0.0	0	0.0	0	355
0.541416566627	0.00120048019208	1	0.00120048019208	1	0.00120048019208	1	0.00120048019208	1	833
0.507339449541	0.0	0	0.000917431192661	1	0.000917431192661	1	0.000917431192661	1	1090
0.493606138107	0.00383631713555	3	0.00255754475703	2	0.00255754475703	2	0.0	0	782
0.546805349183	0.00891530460624	6	0.00148588410104	1	0.0	0	0.0	0	673
0.533757961783	0.0127388535032	10	0.00127388535032	1	0.00254777070064	2	0.0	0	785
0.5088	0.0016	1	0.0016	1	0.0	0	0.0	0	625
0.500386697602	0.0	0	0.00232018561485	3	0.0	0	0.0	0	1293
0.540037243948	0.0	0	0.00372439478585	2	0.00186219739292	1	0.0	0	537
0.471578947368	0.00210526315789	2	0.00105263157895	1	0.00210526315789	2	0.00105263157895	1	950
0.476301476301	0.002331002331	3	0.000777000777001	1	0.0	0	0.0	0	1287
0.516431924883	0.00117370892019	1	0.0	0	0.0	0	0.0	0	852
0.539226519337	0.00110497237569	1	0.0154696132597	14	0.00441988950276	4	0.00110497237569	1	905
0.537423312883	0.00490797546012	4	0.00490797546012	4	0.0	0	0.0	0	815
0.494612068966	0.00323275862069	3	0.0	0	0.0	0	0.0	0	928
0.487508922198	0.000713775874375	1	0.00428265524625	6	0.000713775874375	1	0.00142755174875	2	1401
0.514060742407	0.0044994375703	4	0.0044994375703	4	0.00562429696288	5	0.00337457817773	3	889
0.5325	0.01125	9	0.00125	1	0.00125	1	0.00125	1	800
0.456359102244	0.00249376558603	2	0.00623441396509	5	0.0	0	0.0	0	802
0.427852348993	0.00335570469799	4	0.00503355704698	6	0.000838926174497	1	0.000838926174497	1	1192
0.525803310613	0.000973709834469	1	0.00292112950341	3	0.0	0	0.0	0	1027
0.53698630137	0.0027397260274	2	0.0013698630137	1	0.0013698630137	1	0.0	0	730
0.43729903537	0.0008038585209	1	0.0064308681672	8	0.0	0	0.0	0	1244
0.549824150059	0.0	0	0.0152403282532	13	0.0	0	0.0	0	853
0.470728793309	0.00597371565114	5	0.00119474313023	1	0.0	0	0.0	0	837
0.510362694301	0.00388601036269	3	0.00129533678756	1	0.0	0	0.0	0	772
0.497792494481	0.0	0	0.00220750551876	2	0.00110375275938	1	0.0	0	906
0.641732283465	0.0	0	0.0	0	0.0	0	0.0	0	254
0.553308823529	0.00827205882353	9	0.0	0	0.0	0	0.000919117647059	1	1088
0.470866141732	0.00157480314961	1	0.0	0	0.0	0	0.0	0	635
0.441771459814	0.00164024056862	3	0.000546746856206	1	0.0	0	0.0	0	1829
0.489947089947	0.0042328042328	4	0.0010582010582	1	0.0021164021164	2	0.0	0	945
0.506681514477	0.00334075723831	3	0.0011135857461	1	0.0022271714922	2	0.0011135857461	1	898
0.490066225166	0.00567644276254	6	0.00283822138127	3	0.0	0	0.0	0	1057
0.507772020725	0.0	0	0.00148038490007	2	0.00222057735011	3	0.0	0	1351
0.479057591623	0.00261780104712	2	0.00130890052356	1	0.00130890052356	1	0.00130890052356	1	764
0.470416362308	0.0	0	0.00146092037984	2	0.00219138056976	3	0.00073046018992	1	1369
0.597014925373	0.00373134328358	2	0.00373134328358	2	0.00186567164179	1	0.0	0	536
0.518331226296	0.0	0	0.00379266750948	3	0.0	0	0.00252844500632	2	791
0.389344262295	0.0106557377049	13	0.00327868852459	4	0.0	0	0.0	0	1220
0.500509683996	0.00101936799185	1	0.0	0	0.00305810397554	3	0.0	0	981
0.517377567141	0.00236966824645	3	0.00473933649289	6	0.00157977883096	2	0.0	0	1266
0.581081081081	0.0	0	0.00112612612613	1	0.00112612612613	1	0.0	0	888
0.291466083151	0.00634573304158	29	0.00393873085339	18	0.00131291028446	6	0.000437636761488	2	4570
0.477578475336	0.000747384155456	1	0.00448430493274	6	0.00149476831091	2	0.0	0	1338
0.537990196078	0.00122549019608	1	0.00122549019608	1	0.00367647058824	3	0.0	0	816
0.556058890147	0.0	0	0.00339750849377	3	0.00226500566251	2	0.00113250283126	1	883
0.54476806904	0.0	0	0.00539374325782	5	0.00431499460626	4	0.0	0	927
0.499452354874	0.00109529025192	1	0.00328587075575	3	0.0	0	0.0	0	913
0.58021978022	0.010989010989	5	0.0	0	0.0021978021978	1	0.0	0	455
0.410021551724	0.0010775862069	2	0.00700431034483	13	0.0	0	0.0010775862069	2	1856
0.367374005305	0.0026525198939	4	0.0119363395225	18	0.0	0	0.0	0	1508
0.510288065844	0.00205761316872	2	0.0102880658436	10	0.0	0	0.0	0	972
0.508493771234	0.00226500566251	2	0.0	0	0.00113250283126	1	0.0	0	883
0.519795657727	0.0	0	0.0	0	0.00127713920817	1	0.0	0	783
0.417010309278	0.00360824742268	7	0.0020618556701	4	0.0	0	0.000515463917526	1	1940
0.466890192791	0.00419111483655	5	0.00251466890193	3	0.00167644593462	2	0.000838222967309	1	1193
0.596638655462	0.0	0	0.00420168067227	1	0.00420168067227	1	0.0	0	238
0.469325153374	0.00306748466258	3	0.0	0	0.0	0	0.00102249488753	1	978
0.440559440559	0.0	0	0.00107584722969	2	0.0	0	0.0	0	1859
0.614678899083	0.0045871559633	1	0.0	0	0.0	0	0.0045871559633	1	218
0.433651344319	0.000867302688638	1	0.00954032957502	11	0.000867302688638	1	0.0	0	1153
0.700598802395	0.0	0	0.0	0	0.0	0	0.0	0	167
0.531042128603	0.0	0	0.00221729490022	2	0.0	0	0.0	0	902
0.44170212766	0.0102127659574	12	0.0	0	0.00170212765957	2	0.0	0	1175
0.446313065977	0.00517464424321	4	0.0	0	0.0	0	0.0	0	773
0.559952038369	0.00479616306954	4	0.00119904076739	1	0.0	0	0.0	0	834
0.66966966967	0.00900900900901	3	0.003003003003	1	0.0	0	0.0	0	333
0.492600422833	0.00211416490486	2	0.0200845665962	19	0.00105708245243	1	0.00105708245243	1	946
0.536813922356	0.00401606425703	3	0.0053547523427	4	0.0053547523427	4	0.00267737617135	2	747
0.637362637363	0.0164835164835	3	0.0	0	0.0	0	0.0	0	182
0.514084507042	0.00234741784038	2	0.0093896713615	8	0.0	0	0.0	0	852
0.49375975039	0.0015600624025	2	0.00234009360374	3	0.000780031201248	1	0.0	0	1282
0.40704845815	0.00881057268722	10	0.00440528634361	5	0.000881057268722	1	0.0	0	1135
0.34640682095	0.00462850182704	19	0.00560292326431	23	0.000487210718636	2	0.000243605359318	1	4105
0.441441441441	0.0	0	0.0	0	0.0	0	0.0	0	1110
0.523517382413	0.00204498977505	1	0.0	0	0.0	0	0.0	0	489
0.572354211663	0.00215982721382	1	0.00431965442765	2	0.00215982721382	1	0.0	0	463
0.51935483871	0.00645161290323	8	0.0	0	0.0	0	0.0	0	1240
0.527379949452	0.000842459983151	1	0.0033698399326	4	0.0	0	0.0	0	1187
0.547826086957	0.0	0	0.0	0	0.0	0	0.0	0	460
0.529784537389	0.0	0	0.00126742712294	1	0.0	0	0.00126742712294	1	789
0.42817216322	0.00167691447736	3	0.00335382895472	6	0.000558971492454	1	0.0	0	1789
0.530785562633	0.00212314225053	1	0.00424628450106	2	0.0	0	0.0	0	471
0.568058076225	0.00362976406534	2	0.00181488203267	1	0.0	0	0.00181488203267	1	551
0.577889447236	0.0	0	0.00502512562814	1	0.0	0	0.0	0	199
0.746031746032	0.00793650793651	1	0.00793650793651	1	0.0	0	0.0	0	126
0.472854640981	0.000875656742557	1	0.00963222416813	11	0.000875656742557	1	0.0	0	1142
0.459322033898	0.00254237288136	3	0.00169491525424	2	0.00338983050847	4	0.00338983050847	4	1180
0.490928495197	0.0	0	0.0042689434365	4	0.0042689434365	4	0.0	0	937
0.6	0.0	0	0.00754716981132	2	0.0	0	0.0	0	265
0.454467353952	0.00085910652921	1	0.0	0	0.0	0	0.0	0	1164
0.622023809524	0.00297619047619	1	0.0	0	0.00297619047619	1	0.0	0	336
0.418669647848	0.0	0	0.00391280044718	7	0.0	0	0.00111794298491	2	1789
0.627906976744	0.0	0	0.00581395348837	1	0.0	0	0.0	0	172
0.450950950951	0.00600600600601	12	0.0015015015015	3	0.0	0	0.0	0	1998
0.475682087782	0.0130486358244	11	0.0	0	0.0011862396204	1	0.0	0	843
0.391492429704	0.0028839221341	4	0.0057678442682	8	0.00144196106705	2	0.0	0	1387
0.501694915254	0.00225988700565	2	0.00225988700565	2	0.00112994350282	1	0.00112994350282	1	885
0.588607594937	0.00632911392405	2	0.0	0	0.0	0	0.0	0	316
0.616379310345	0.00215517241379	1	0.0	0	0.0	0	0.0	0	464
0.422661870504	0.00359712230216	4	0.00629496402878	7	0.00179856115108	2	0.0	0	1112
0.452466047177	0.00142959256612	2	0.00643316654753	9	0.0	0	0.0	0	1399
0.546313799622	0.00567107750473	3	0.00189035916824	1	0.00378071833648	2	0.0	0	529
0.655870445344	0.0	0	0.0	0	0.0	0	0.0	0	247
0.516455696203	0.00126582278481	1	0.00253164556962	2	0.00126582278481	1	0.0	0	790
0.411267605634	0.00140845070423	1	0.0	0	0.00704225352113	5	0.0	0	710
0.527173913043	0.0126811594203	7	0.0	0	0.00905797101449	5	0.0	0	552
0.460595446585	0.000875656742557	1	0.000875656742557	1	0.0	0	0.0	0	1142
0.553884711779	0.0	0	0.0	0	0.00250626566416	1	0.0	0	399
0.620553359684	0.0	0	0.0	0	0.0	0	0.0	0	253
0.48291571754	0.00455580865604	4	0.0	0	0.00113895216401	1	0.0	0	878
0.459131545338	0.00127713920817	2	0.000638569604087	1	0.0	0	0.0	0	1566
0.542105263158	0.00105263157895	1	0.00210526315789	2	0.00105263157895	1	0.0	0	950
0.426829268293	0.00116144018583	2	0.00406504065041	7	0.00116144018583	2	0.0	0	1722
0.444624527283	0.00162074554295	3	0.000540248514317	1	0.000540248514317	1	0.0	0	1851
0.460643394935	0.00342231348392	5	0.00205338809035	3	0.0	0	0.0	0	1461
0.615023474178	0.0	0	0.00156494522692	1	0.0	0	0.00156494522692	1	639
0.59126984127	0.00198412698413	1	0.0	0	0.0	0	0.0	0	504
0.776119402985	0.0149253731343	1	0.0	0	0.0	0	0.0	0	67
0.458363504707	0.00289645184649	4	0.000724112961622	1	0.00144822592324	2	0.00217233888487	3	1381
0.447409733124	0.000784929356358	1	0.00156985871272	2	0.000784929356358	1	0.0	0	1274
0.5173370319	0.00416088765603	3	0.0	0	0.00277392510402	2	0.0	0	721
0.478647686833	0.00266903914591	3	0.00800711743772	9	0.000889679715302	1	0.00266903914591	3	1124
0.475088967972	0.00444839857651	5	0.0	0	0.00355871886121	4	0.0	0	1124
0.714285714286	0.0	0	0.0	0	0.0	0	0.0	0	140
0.403473945409	0.00595533498759	12	0.00645161290323	13	0.0014888337469	3	0.000496277915633	1	2015
0.693641618497	0.0	0	0.00578034682081	1	0.00578034682081	1	0.0	0	173
0.52752293578	0.0045871559633	2	0.0045871559633	2	0.0	0	0.0	0	436
0.48309178744	0.0048309178744	1	0.0	0	0.0	0	0.0	0	207
0.387530562347	0.00488997555012	12	0.00162999185004	4	0.00081499592502	2	0.00081499592502	2	2454
0.401019796041	0.00509898020396	17	0.00269946010798	9	0.0	0	0.0	0	3334
0.439057239057	0.0040404040404	6	0.000673400673401	1	0.000673400673401	1	0.0	0	1485
0.487179487179	0.00377073906486	5	0.00377073906486	5	0.0	0	0.0	0	1326
0.491604477612	0.00839552238806	9	0.00652985074627	7	0.0	0	0.000932835820896	1	1072
0.485629335976	0.00297324083251	3	0.00396432111001	4	0.00396432111001	4	0.0	0	1009
0.50864422202	0.00363967242948	4	0.00181983621474	2	0.0	0	0.0	0	1099
0.47559709242	0.00207684319834	2	0.00623052959502	6	0.00207684319834	2	0.0	0	963
0.444327731092	0.00262605042017	5	0.00262605042017	5	0.000525210084034	1	0.000525210084034	1	1904
0.439941046426	0.00147383935151	2	0.0117907148121	16	0.00368459837878	5	0.000736919675755	1	1357
0.404201680672	0.000840336134454	1	0.00588235294118	7	0.0	0	0.0	0	1190
0.466777408638	0.00332225913621	4	0.00166112956811	2	0.000830564784053	1	0.0	0	1204
0.382655826558	0.000542005420054	1	0.00379403794038	7	0.0	0	0.00162601626016	3	1845
0.435110081112	0.00521436848204	9	0.00405561993048	7	0.000579374275782	1	0.0	0	1726
0.496510468594	0.000997008973081	1	0.00398803589232	4	0.00398803589232	4	0.0	0	1003
0.475961538462	0.00841346153846	7	0.00480769230769	4	0.00600961538462	5	0.0	0	832
0.558583106267	0.0	0	0.00272479564033	2	0.0	0	0.0	0	734
0.433042212518	0.00436681222707	6	0.0101892285298	14	0.0	0	0.0	0	1374
0.521358159912	0.00219058050383	2	0.00328587075575	3	0.00109529025192	1	0.0	0	913
0.554398148148	0.00347222222222	3	0.00115740740741	1	0.0	0	0.0	0	864
0.5097799511	0.00244498777506	2	0.00366748166259	3	0.00122249388753	1	0.0	0	818
0.51559454191	0.000974658869396	1	0.000974658869396	1	0.0	0	0.00194931773879	2	1026
0.553495007133	0.00713266761769	5	0.00427960057061	3	0.00142653352354	1	0.0	0	701
0.491471215352	0.00319829424307	3	0.0	0	0.00106609808102	1	0.0	0	938
0.410313901345	0.00168161434978	3	0.0067264573991	12	0.0	0	0.0	0	1784
0.509310986965	0.00465549348231	5	0.00279329608939	3	0.00186219739292	2	0.0	0	1074
0.507712082262	0.0	0	0.0025706940874	2	0.0	0	0.0	0	778
0.469402447804	0.00791936645068	11	0.00503959683225	7	0.00143988480922	2	0.0	0	1389
0.431780366057	0.00332778702163	4	0.00582362728785	7	0.000831946755408	1	0.000831946755408	1	1202
0.452792881859	0.00444883835887	9	0.00197726149283	4	0.000494315373208	1	0.0	0	2023
0.516363636364	0.00121212121212	1	0.00363636363636	3	0.0	0	0.00121212121212	1	825
0.447348767737	0.00149365197909	2	0.00373412994772	5	0.00149365197909	2	0.000746825989544	1	1339
0.500534759358	0.0	0	0.00213903743316	2	0.0	0	0.0	0	935
0.488393686165	0.000928505106778	1	0.00185701021356	2	0.000928505106778	1	0.000928505106778	1	1077
0.446633825944	0.0	0	0.000821018062397	1	0.00328407224959	4	0.000821018062397	1	1218
0.602836879433	0.0	0	0.0	0	0.0	0	0.0	0	423
0.7	0.0	0	0.0	0	0.0	0	0.0	0	200
0.4934086629	0.00188323917137	2	0.00659133709981	7	0.000941619585687	1	0.0	0	1062
0.478260869565	0.00260869565217	3	0.0104347826087	12	0.00173913043478	2	0.0	0	1150
0.505813953488	0.00290697674419	3	0.000968992248062	1	0.0	0	0.000968992248062	1	1032
0.503378378378	0.00168918918919	1	0.00168918918919	1	0.0	0	0.0	0	592
0.643153526971	0.0	0	0.00414937759336	1	0.0	0	0.0	0	241
0.550140581068	0.000937207122774	1	0.00281162136832	3	0.000937207122774	1	0.0	0	1067
0.547803617571	0.0	0	0.0	0	0.0	0	0.0	0	387
0.48463356974	0.0	0	0.00236406619385	2	0.0	0	0.0	0	846
0.569721115538	0.00398406374502	2	0.00597609561753	3	0.0	0	0.0	0	502
0.514832535885	0.0	0	0.000956937799043	1	0.0	0	0.0	0	1045
0.563600782779	0.0	0	0.0	0	0.0	0	0.0	0	511
0.509383378016	0.0017873100983	2	0.00446827524576	5	0.000893655049151	1	0.0	0	1119
0.531360946746	0.00710059171598	6	0.00355029585799	3	0.00118343195266	1	0.0	0	845
0.199848197343	0.00607210626186	80	0.000910815939279	12	0.000379506641366	5	0.000379506641366	5	13175
0.555555555556	0.0012077294686	1	0.0012077294686	1	0.0012077294686	1	0.0	0	828
0.518939393939	0.00252525252525	2	0.00126262626263	1	0.00126262626263	1	0.00126262626263	1	792
0.485067873303	0.00180995475113	2	0.0	0	0.000904977375566	1	0.0	0	1105
0.548128342246	0.00401069518717	3	0.0	0	0.0	0	0.0	0	748
0.517316017316	0.0	0	0.00649350649351	6	0.0	0	0.0	0	924
0.53823953824	0.00721500721501	5	0.002886002886	2	0.002886002886	2	0.0	0	693
0.645454545455	0.00227272727273	1	0.0	0	0.0	0	0.0	0	440
0.530054644809	0.00546448087432	4	0.00409836065574	3	0.0	0	0.0	0	732
0.513459621137	0.00299102691924	3	0.00199401794616	2	0.000997008973081	1	0.00199401794616	2	1003
0.515209125475	0.0	0	0.0	0	0.0	0	0.0	0	1052
0.46460537022	0.00406834825061	5	0.00325467860049	4	0.0	0	0.000813669650122	1	1229
0.481806775408	0.00627352572146	5	0.00501882057716	4	0.00125470514429	1	0.0	0	797
0.38112745098	0.00183823529412	6	0.00459558823529	15	0.000919117647059	3	0.00030637254902	1	3264
0.529310344828	0.0051724137931	3	0.00172413793103	1	0.0	0	0.0	0	580
0.503378378378	0.00225225225225	2	0.00225225225225	2	0.00337837837838	3	0.0	0	888
0.484567901235	0.00154320987654	1	0.0	0	0.0	0	0.0	0	648
0.501758499414	0.00351699882767	3	0.00117233294256	1	0.00351699882767	3	0.0	0	853
0.657766990291	0.00242718446602	1	0.0	0	0.0	0	0.0	0	412
0.335081279497	0.00262191924489	10	0.00104876769795	4	0.000524383848977	2	0.0	0	3814
0.5983436853	0.00207039337474	1	0.00207039337474	1	0.0	0	0.0	0	483
0.634328358209	0.00373134328358	1	0.0	0	0.0	0	0.0	0	268
0.567717996289	0.0	0	0.00185528756957	1	0.0	0	0.0	0	539
0.47454931071	0.0	0	0.00424178154825	8	0.000530222693531	1	0.0	0	1886
0.476084538376	0.0	0	0.00222469410456	2	0.0	0	0.0	0	899
0.463	0.0	0	0.005	5	0.007	7	0.001	1	1000
0.503448275862	0.00459770114943	4	0.00114942528736	1	0.0	0	0.0	0	870
0.531798245614	0.00328947368421	3	0.00109649122807	1	0.00219298245614	2	0.0	0	912
0.531847133758	0.0015923566879	1	0.00636942675159	4	0.0015923566879	1	0.0	0	628
0.447748513169	0.0016992353441	2	0.00339847068819	4	0.0	0	0.0	0	1177
0.5	0.00105263157895	1	0.00105263157895	1	0.0	0	0.0	0	950
0.489736070381	0.00733137829912	5	0.0	0	0.0	0	0.0	0	682
0.51201011378	0.0	0	0.00252844500632	2	0.00126422250316	1	0.0	0	791
0.58064516129	0.00248138957816	1	0.0	0	0.0	0	0.0	0	403
